,Adj Close_mean,Adj Close_stdev,Close_mean,Close_stdev,High_mean,High_stdev,Low_mean,Low_stdev,MarginPurchaseBuy_mean,MarginPurchaseBuy_stdev,MarginPurchaseCashRepayment_mean,MarginPurchaseCashRepayment_stdev,MarginPurchaseLimit_mean,MarginPurchaseLimit_stdev,MarginPurchaseSell_mean,MarginPurchaseSell_stdev,MarginPurchaseTodayBalance_mean,MarginPurchaseTodayBalance_stdev,MarginPurchaseYesterdayBalance_mean,MarginPurchaseYesterdayBalance_stdev,OffsetLoanAndShort_mean,OffsetLoanAndShort_stdev,Open_mean,Open_stdev,ShortSaleBuy_mean,ShortSaleBuy_stdev,ShortSaleLimit_mean,ShortSaleLimit_stdev,ShortSaleSell_mean,ShortSaleSell_stdev,ShortSaleTodayBalance_mean,ShortSaleTodayBalance_stdev,ShortSaleYesterdayBalance_mean,ShortSaleYesterdayBalance_stdev,Volume_mean,Volume_stdev,b_total_mean,b_total_stdev,buy_volume_mean,buy_volume_stdev,s_total_mean,s_total_stdev,sell_volume_mean,sell_volume_stdev
0,114.7152435376772,1.7359844925356658,156.20314726768058,2.363822125508364,157.31034263956832,2.4711732223875953,154.9556582541794,2.4069590145322968,61.07985780490409,17.192697147384173,0.24289212421007925,0.23018673122803474,259905.00000000003,1.0,61.76311613471566,17.732538652861827,2088.0503119204805,62.52633888168706,2088.9764623745023,62.412145378113095,17.809355406462625,7.6297491781074465,156.06248050929767,2.53657748100934,11.346660664233067,5.913104250653784,259905.00000000003,1.0,10.294563968107518,6.024955812608754,165.30710681020685,13.69911404185974,166.39253683966572,13.373446188905522,1126415.8091653134,220944.5015440013,257816.94968807953,62.52633888168908,621308.4632057073,218788.93435220805,259739.69289318981,13.699114041854616,741651.8485166659,147607.6792760488
1,114.59979550077372,1.6296888070552413,156.04594573829624,2.2190834572983733,157.1352450543718,2.3258182261891482,154.78591694370192,2.2744814426932196,58.150042190772425,15.011828185104829,0.25071820026311237,0.2255891724690126,259905.00000000003,1.0,63.37067294503902,21.123258767879648,2082.5789629659507,65.64765000126893,2088.0503119204805,62.52633888168706,17.580524989648154,7.7016000726065545,155.88018550157284,2.4104392629813307,10.984179478590905,5.790542861000758,259905.00000000003,1.0,10.033597737460607,6.195249767045882,164.32319173574322,14.398943142743473,165.30710681020685,13.69911404185974,1125132.434635193,218749.90551467534,257822.42103703407,65.64765000127252,625166.497694236,227133.2029274673,259740.67680826428,14.39894314273896,740052.27647803,148531.08486147085
2,114.50729351408874,1.509916630165223,155.91998891014268,2.055994057589712,156.99513150349665,2.1428034522796975,154.65798928921492,2.1282114808313355,56.06160212853495,13.631891324689711,0.25712564940365773,0.22090363964312537,259905.00000000003,1.0,64.83130002904616,23.21211887373261,2073.552139416036,73.26810098064198,2082.5789629659507,65.64765000126893,17.468654160115175,7.744420364643033,155.748517385846,2.2689868619495153,10.714546188600304,5.759435373560042,259905.00000000003,1.0,9.794776768930914,6.323659258704158,163.3700889827405,15.296973805065585,164.32319173574322,14.398943142743473,1123347.8615848683,216572.5298440963,257831.44786058398,73.26810098064728,628814.9276303293,234192.0467149457,259741.62991101728,15.296973805062574,736766.9079380612,150687.64679977056
3,114.42801334682295,1.389620647121577,155.81203560300335,1.8921909049906875,156.88816759709445,1.98694502559764,154.5439152662401,1.9635944278151451,55.395182396141124,13.880171142419577,0.2623716250638053,0.2164099123759886,259905.00000000003,1.0,66.74605796981132,23.78645789273676,2061.938892217302,83.71697834158044,2073.552139416036,73.26810098064198,17.57750158242686,7.623994302642073,155.63742324045415,2.1282980865623053,10.65366437548837,5.772832649166916,259905.00000000003,1.0,9.728365898356937,6.3891963437633,162.41145717227573,16.442253626019863,163.3700889827405,15.296973805065585,1127603.4885069442,216623.2974379417,257843.0611077827,83.71697834158552,635333.7801898048,240175.71707657256,259742.58854282775,16.44225362601735,733347.3664071427,154552.54273065084
4,114.36786916987931,1.309390935835072,155.73013936438176,1.7829447202749191,156.79928086172976,1.8683393662906007,154.45827072212558,1.8398421661548452,54.74466678100126,14.006205224078519,0.26666666666666666,0.21226200912547513,259905.00000000003,1.0,67.13329403134297,23.78021781944986,2049.2835983002933,94.07161994965487,2061.938892217302,83.71697834158044,17.551269946620618,7.652375640956749,155.53510083200368,1.996592278965753,10.64656086600477,5.777016645634937,259905.00000000003,1.0,9.655321840124998,6.460906341723288,161.38688481306264,17.75057929680606,162.41145717227573,16.442253626019863,1132817.3924516386,213139.64308706782,257855.71640169973,94.07161994965985,645385.7171494125,240817.9377444167,259743.61311518695,17.750579296804116,727511.6303672339,160718.46170326046
5,114.28074519062883,1.1943124189420233,155.61150570250007,1.6262458554180221,156.6962950167923,1.739411936595025,154.35618111754894,1.6959649452478094,55.046164589674596,13.819390964399581,0.26666666666666666,0.21226200912547513,259905.00000000003,1.0,66.52491097254062,24.108771845201908,2037.5381852507608,102.22677018128964,2049.2835983002933,94.07161994965487,17.45485814119197,7.764016719984645,155.44072769860674,1.8785503262507042,10.747774652239555,5.672190686431702,259905.00000000003,1.0,9.522564578952935,6.584462893890946,160.12834140644267,19.24328763234593,161.38688481306264,17.75057929680606,1135531.0123308818,209837.31889034234,257867.46181474926,102.22677018129663,649988.7831657435,239585.33172111,259744.8716585936,19.243287632345083,728263.809985393,159983.20244612603
6,114.19666523360637,1.0708620406925906,155.49701733473677,1.4581479625339449,156.58808036121843,1.5968774572912907,154.23535271226683,1.5240924454252593,55.183953471878894,13.75739875295246,0.26666666666666666,0.21226200912547513,259905.00000000003,1.0,66.48651630749825,24.123191354818854,2025.9689557484749,109.33770481768991,2037.5381852507608,102.22677018128964,17.26735801470054,7.940274354237931,155.3214376101463,1.7271088869338413,10.834157974311447,5.565122539898608,259905.00000000003,1.0,9.413872126536962,6.666544584349935,158.67472222533485,20.695027188613587,160.12834140644267,19.24328763234593,1136958.1063607424,207757.9931044432,257879.03104425155,109.33770481769541,653361.0272541757,237872.43893988416,259746.32527777468,20.695027188612205,726827.0162039923,161665.4934896312
7,114.13391887205567,0.9909559145344427,155.41157806526363,1.349342676248183,156.48085944154352,1.4608948449542722,154.12862623146324,1.3790255002847078,54.629283640185996,13.849219279095005,0.26666666666666666,0.21226200912547513,259905.00000000003,1.0,65.86506057156339,24.080049031642023,2014.4665121504306,116.34079917636306,2025.9689557484749,109.33770481768991,17.416755231807997,7.867321971034896,155.20943295987118,1.570793958272785,10.681513983833577,5.665512902490357,259905.00000000003,1.0,9.249402603163862,6.791323077237543,157.2092775113318,22.153401467387198,158.67472222533485,20.695027188613587,1134409.586280561,211571.07319653512,257890.53348784958,116.34079917636586,661517.3397028967,234026.33671828933,259747.7907224887,22.153401467387727,727044.4594549052,161512.24924014308
8,114.08585644960725,0.9352692269322574,155.34613344753276,1.2735162943326814,156.39708618840902,1.356803236092613,154.04701603196122,1.267016023973054,53.71905898640134,13.174982470386162,0.26666666666666666,0.21226200912547513,259905.00000000003,1.0,65.48304575585924,24.01594242154481,2002.435858714306,122.62887626726518,2014.4665121504306,116.34079917636306,17.615541654892105,7.79433013870602,155.1152054826185,1.4225086986605906,10.410185820221743,5.80968189496697,259905.00000000003,1.0,9.111229863788214,6.891048833282566,155.87698822156494,23.505864523977717,157.2092775113318,22.153401467387198,1132439.7213207232,213940.65292225705,257902.56414128572,122.62887626726895,672369.703495764,229375.2183182669,259749.12301177846,23.505864523977753,726710.4836679446,161622.86987067846
9,114.06127376805924,0.8968304975923999,155.31266016518788,1.2211757576521933,156.34734377580483,1.2864526091198438,154.0033286447942,1.2084130462567808,53.06624927599569,13.273236305141564,0.26666666666666666,0.21226200912547513,259905.00000000003,1.0,66.2411651523267,24.374588005367954,1988.9942761713085,130.6542325885342,2002.435858714306,122.62887626726518,17.702716176949764,7.772211770865625,155.06822090742892,1.3515000936620196,10.16793286968178,5.985683868727041,259905.00000000003,1.0,8.665527226260817,6.801902029796007,154.34124924481065,24.621850966046605,155.87698822156494,23.505864523977717,1129393.17334776,213198.13989438492,257916.0057238287,130.65423258853932,681652.3459789577,238439.6772917724,259750.65875075522,24.6218509660458,724795.8124768458,160188.7656822111
10,114.06846323418641,0.9083502374423368,155.32244988303984,1.23686189080319,156.32897994154195,1.2583821185960054,153.9899222460674,1.186224241788786,51.805056369672805,12.753118556868499,0.2762254575434126,0.20620974601751596,259905.00000000003,1.0,66.30220256297284,24.407463661855207,1974.220904520465,139.75084578810524,1988.9942761713085,130.6542325885342,17.69959962615186,7.772921512792948,155.04684027550036,1.3145354193150167,10.000795127265791,6.087136270699278,259905.00000000003,1.0,7.965514578040919,6.171665448874989,152.27263536225243,25.28077858441919,154.34124924481065,24.621850966046605,1124512.001033986,213545.20460362983,257930.77909547955,139.75084578811067,693023.9535666985,245702.81802629944,259752.72736463777,25.28077858441825,724252.2579269791,159909.1691760177
11,114.09706437283812,0.957089010530143,155.36139496859306,1.303227661652247,156.34663308949337,1.2867512753503596,154.00608721924857,1.2170751510005,50.957415729280655,13.04641121000794,0.26493395184295393,0.1984991478103577,259905.00000000003,1.0,66.8699313277406,24.509681492836897,1958.0434549701622,150.05070854840258,1974.220904520465,139.75084578810524,17.797143058644842,7.717293120523769,155.0773523218035,1.3749827784959028,9.930865853687017,6.084782562475273,259905.00000000003,1.0,7.315922368385762,5.593828134430635,149.48097668046665,25.830904181105463,152.27263536225243,25.28077858441919,1137828.913525978,221734.82045896107,257946.95654502985,150.0507085484073,716087.7143196788,267965.0526647697,259755.51902331956,25.830904181105577,735227.8331981436,172360.2669030408
12,114.14375977023309,1.032443028516157,155.42497803456237,1.4058338746634247,156.4128920301702,1.3924911905084782,154.05629423062928,1.3160102425919529,50.43969654733263,13.083386767143084,0.25568924887743305,0.19506892055548564,259905.00000000003,1.0,67.11361038204753,24.457739210838177,1941.1138518865698,159.6755142358643,1958.0434549701622,150.05070854840258,17.782604346607457,7.730879270748343,155.1506227553656,1.5158960835101583,9.935374125972455,6.084491919436707,259905.00000000003,1.0,6.739259266181346,5.111389967525498,145.98119669251878,26.085345170258442,149.48097668046665,25.830904181105463,1157115.5501085985,225587.15215475677,257963.88614811344,159.67551423586752,748501.9429148335,296585.56085859373,259759.0188033075,26.085345170261963,754589.2039770891,189510.10918198663
13,114.20563323889259,1.1137736410316164,155.50922830132265,1.5165782128377039,156.49757487652198,1.5177130884763228,154.12783486882003,1.4320425851747525,50.7149541024133,13.014238066548375,0.23856153537974398,0.17924272396934451,259905.00000000003,1.0,67.09182892486398,24.47248781272157,1924.4984155287393,167.29073275974721,1941.1138518865698,159.6755142358643,17.78080435829119,7.732832882660369,155.25236315876722,1.6743643279004694,9.608470134694844,5.861119252432941,259905.00000000003,1.0,6.2193334958575095,4.728131299470715,142.18445711236348,26.60228180075,145.98119669251878,26.085345170258442,1171045.2187183101,222766.46866104405,257980.5015844713,167.29073275975085,772757.8850007041,303550.9898188204,259762.81554288766,26.602281800753467,769118.9581022218,194105.5284171411
14,114.29231817367487,1.1764333682975716,155.62726345285043,1.6018993987811283,156.59382545839557,1.6268112312263188,154.2337060152547,1.559559485264124,50.312952212555686,12.772527008791496,0.23409734048602301,0.17278176405977655,259905.00000000003,1.0,66.35891672637742,25.136632119913887,1908.2183536744317,171.60963414507663,1924.4984155287393,167.29073275974721,17.730447675193467,7.793316184904177,155.36384219996228,1.8191612772542394,9.200958403226752,5.544252220943014,259905.00000000003,1.0,5.8281762275106095,4.540624321110907,138.3189749112866,27.5522241449145,142.18445711236348,26.60228180075,1178445.4359698133,220164.8287912613,257996.7816463256,171.60963414508237,795402.4848583364,289934.4301949845,259766.68102508874,27.55222414492044,779992.8265732216,198554.53827206182
15,114.38749617792543,1.2364507389330697,155.7568629008884,1.6836224255295336,156.7091056919611,1.716358071834238,154.36642169176514,1.6676559358725118,50.52233457668859,12.711833666769595,0.226925884192788,0.16791091437842873,259905.00000000003,1.0,65.91393198633116,25.677205179067645,1892.5998303805964,173.23087766990335,1908.2183536744317,171.60963414507663,17.657472400441257,7.868028092880381,155.50114923237305,1.9304328551665506,8.824573713219483,5.213093919903681,259905.00000000003,1.0,5.517285801775783,4.493210535377945,134.4493153747791,29.087140466048936,138.3189749112866,27.5522241449145,1192160.774220066,209397.94262980422,258012.40016961942,173.23087766990764,815894.7746367875,269102.64375155204,259770.55068462525,29.087140466056045,795204.9882475808,195359.34716996783
16,114.47300516438612,1.292391721450693,155.87329632971748,1.7597945212148534,156.82337433041843,1.7985236743878747,154.50979877840075,1.7510758744201758,50.10265249152156,12.480616204273655,0.21852856679643987,0.16289765299857245,259905.00000000003,1.0,64.2692231468359,26.3689570798604,1878.2147311584854,173.24014586147675,1892.5998303805964,173.23087766990335,17.43225388269876,7.903461552701699,155.65081122886733,2.0341714397500987,8.22415446945184,4.532120909028346,259905.00000000003,1.0,5.166617829159573,4.24576270610189,130.82511206782016,30.68292725300712,134.4493153747791,29.087140466048936,1194635.9496389772,206329.89487103774,258026.78526884154,173.24014586148047,828549.8331252962,251524.21463829948,259774.1748879322,30.682927253012988,801557.377152151,188583.7532541596
17,114.5725848408851,1.3510906917395198,156.00888961914723,1.8397227464825832,156.93934057043572,1.884279663156287,154.67701045995386,1.8519806620744115,50.432668362958935,13.039391758351073,0.22121221567743884,0.16600416244697022,259905.00000000003,1.0,63.57091531945123,26.269582085351264,1864.8552719863158,171.88085984464632,1878.2147311584854,173.24014586147675,17.122605617601348,7.489814205753468,155.7861963086874,2.1350393450337783,7.5197535449663135,3.3082609043223425,259905.00000000003,1.0,4.9172058279040165,4.07068008476478,127.6558976840912,32.338869460506935,130.82511206782016,30.68292725300712,1188320.276318173,208065.15109350998,258040.14472801372,171.88085984464797,829910.8466353441,250141.73257078725,259777.34410231592,32.33886946051009,790628.5387082683,194624.80613641685
18,114.63934628263846,1.3870664269432984,156.0997957762996,1.8887094584994728,157.04763322671053,1.9617983092608218,154.83681812604584,1.9087895056012083,51.86482295075322,16.443060633062366,0.2651610476997716,0.3300628730321847,259905.00000000003,1.0,62.31690022529836,25.098189983587293,1854.138033664071,170.1465562604543,1864.8552719863158,171.88085984464632,16.66384531220989,6.827242016290532,155.94510644715885,2.228666559008687,7.089740459664664,2.6843487716718544,259905.00000000003,1.0,4.65411663850546,3.7829877468393662,124.66316598714207,33.794663774002075,127.6558976840912,32.338869460506935,1176422.5843908233,192621.11759480255,258050.86196633594,170.14655626045632,818465.0430394181,248903.3631479223,259780.33683401288,33.794663774005485,779941.7003862805,184691.85542722355
19,114.69384219027093,1.4144112638251696,156.1740003700048,1.9259437909682096,157.14486388855067,2.009171735280297,154.9674345040534,1.9406794269021395,53.431959254483594,18.156826933839994,0.29762682539230184,0.3861256253984139,259905.00000000003,1.0,61.55908571837477,24.74174688361495,1845.7132803747875,168.4419883241312,1854.138033664071,170.1465562604543,16.16442600609591,6.177148325815487,156.07724156155535,2.265290851796967,6.752187598685454,2.357674262288774,259905.00000000003,1.0,4.445205882172386,3.6010604603294056,121.80690247089211,35.0280046739059,124.66316598714207,33.794663774002075,1165729.0854615096,191116.03334401688,258059.28671962523,168.44198832413392,805818.8351005743,251365.12096746624,259783.19309752912,35.02800467390808,770566.0795924064,184699.41460611572
20,114.75269945061677,1.429451540010316,156.25414379037545,1.946423564486149,157.24385945902588,2.0312226469447197,155.09980629529912,1.9537927891418483,54.410328021344014,18.604479250153613,0.3242075560117695,0.4142204290738568,259905.00000000003,1.0,60.9104094493967,24.479775915076488,1838.8889913907228,167.12821706127124,1845.7132803747875,168.4419883241312,15.60809320424018,5.632395763640828,156.21563618442693,2.2819765200542568,6.44813697504337,2.2150789267099356,259905.00000000003,1.0,4.0522323511629885,2.9356402696289448,118.8681234964154,35.85154822005896,121.80690247089211,35.0280046739059,1152842.6347456193,194408.89570824688,258066.1110086093,167.12821706127366,794357.4677091896,256327.45159262445,259786.1318765036,35.85154822005994,763450.0699118057,188208.2495760654
21,114.82731248890295,1.4343052758348065,156.3557412669431,1.953032789872911,157.3525958925614,2.034476395299589,155.2275729891166,1.946477634575488,55.3936612047541,18.609976708596093,0.34948650025522116,0.4266426892523196,259905.00000000003,1.0,61.329653846382655,24.50741998338849,1832.6035122488393,165.9740307959742,1838.8889913907228,167.12821706127124,14.972426206417124,5.120699325464594,156.33525868219434,2.264998707152709,6.211633775172679,2.266932142896335,259905.00000000003,1.0,3.661501620057155,2.2678900328025424,115.78036296636367,36.23842660822106,118.8681234964154,35.85154822005896,1149191.1277982162,194510.0856022621,258072.3964877512,165.97403079597638,793547.311561328,256492.38262585364,259789.21963703365,36.23842660822147,763818.1259760587,188259.655988765
22,114.89876659126477,1.408023524983387,156.4530373589597,1.9172459453950403,157.4753497784766,2.004543465531267,155.3427781414336,1.9069387374438547,56.252431537138314,18.650392945662958,0.3666666666666667,0.4278273131390561,259905.00000000003,1.0,61.786367546837184,24.235635925007546,1826.7029095724736,164.33290649033742,1832.6035122488393,165.9740307959742,14.685359695869694,5.20111476246037,156.48000059719894,2.218158322577591,5.955498569944282,2.3438122369876893,259905.00000000003,1.0,3.4623461530798503,1.7924140873823542,112.7538772161659,36.112101681959814,115.78036296636367,36.23842660822106,1149867.4195858305,194104.29941054963,258078.29709042754,164.33290649033987,798409.3410237888,252619.05947921373,259792.24612278386,36.11210168195892,767403.8191372405,187987.20449068022
23,114.98442071453988,1.3510635679771945,156.56966891236263,1.8396859898953541,157.6005167213888,1.9204067666317604,155.45824822135611,1.8510541706901562,56.58298278934099,18.825645088594257,0.3666666666666667,0.4278273131390561,259905.00000000003,1.0,62.2720793002356,23.671665573080556,1820.6471463949124,161.22774366433606,1826.7029095724736,164.33290649033742,14.425071259658509,5.236609288992365,156.60910388514213,2.1432879821163566,5.7135999452016035,2.4086207132154707,259905.00000000003,1.0,3.3083057270365286,1.4526958880322671,109.81524966466749,35.597673913071766,112.7538772161659,36.112101681959814,1149730.3896954192,194256.52375561447,258084.35285360512,161.22774366433833,804637.1838010108,243784.79935889132,259795.18475033535,35.59767391307295,770823.6967850261,186463.7262849713
24,115.07044329813456,1.289132381327074,156.68680215925107,1.7553569606999602,157.724638154158,1.8136034111830182,155.583989325064,1.7647368712538287,56.736482314745075,18.855429686143523,0.3953430392969044,0.46239724948676214,259905.00000000003,1.0,61.92118879030427,24.001174746125624,1815.0670968800562,157.41112506420896,1820.6471463949124,161.22774366433606,13.994540381818407,5.114676428522629,156.7477651568427,2.0445641249120388,5.539174823458296,2.436874457294128,259905.00000000003,1.0,3.144943586571933,1.1068117454413098,106.8876850944478,34.77140314413693,109.81524966466749,35.597673913071766,1137372.9031660538,198741.42573164374,258089.93290311997,157.41112506421152,797815.8656112403,248642.42459296944,259798.11231490556,34.771403144137466,767757.4489460846,186816.41099376613
25,115.13183387836672,1.228281717937933,156.77039506142546,1.6724993195554085,157.8091731035828,1.733132551034464,155.6663338662502,1.6828943883624627,57.2826455294901,19.491534408939074,0.41882126745600373,0.4793941464199839,259905.00000000003,1.0,61.31440284581951,24.457819390479745,1810.616518296271,153.13476103468557,1815.0670968800562,157.41112506420896,13.925200389774428,5.063115372616754,156.86282657276826,1.9452945782555675,5.458227497145456,2.4483364629855053,259905.00000000003,1.0,3.071420328866275,0.9880942230736763,103.96754459283528,33.7036208838523,106.8876850944478,34.77140314413693,1132612.9843086945,194966.14567771813,258094.38348170376,153.13476103468687,790445.3748082444,253383.17644305428,259801.0324554072,33.703620883855834,771023.3558324523,189128.5784447243
26,115.18100495272107,1.158686109295665,156.83734915558276,1.5777341804524045,157.8738773266795,1.6490947968093774,155.72622358064478,1.6069680312057206,57.17638693581181,19.371393351296284,0.4380436148776398,0.48658513461702096,259905.00000000003,1.0,60.99753934265894,24.771272440634544,1806.357322274546,147.6019093713041,1810.616518296271,153.13476103468557,13.551355972550798,4.561404183230327,156.95779847674092,1.8357687835540444,5.43316056640455,2.455618074930564,259905.00000000003,1.0,3.082098741098556,0.9980003599977058,101.08314943419596,32.420773958214525,103.96754459283528,33.7036208838523,1124704.0984835282,189114.8080195404,258098.64267772547,147.6019093713049,780938.991574352,262805.35656104947,259803.91685056582,32.420773958216,768512.6497094919,186925.60633232663
27,115.22275399315576,1.0967568694292762,156.89419702856787,1.4934079644717904,157.93794662338294,1.5525150643329433,155.76772883779,1.5416911915186948,57.16199582202039,19.35539662734869,0.4728991236115744,0.51010490682047,259905.00000000003,1.0,60.877631048862376,24.8692655088704,1802.1687879240924,140.72166997007218,1806.357322274546,147.6019093713041,13.652887942220351,4.842837059987234,157.02879418564078,1.7278268162273305,5.455825948135128,2.445567755222072,259905.00000000003,1.0,3.0260096294355217,0.999371538237991,98.11999978216302,30.893336240512664,101.08314943419596,32.420773958214525,1122098.9663537454,186233.32426990746,258102.83121207592,140.72166997007486,772448.737588869,270035.05765068554,259806.88000021785,30.893336240513264,768982.430507663,187493.7085164577
28,115.26544614249067,1.0191779917448716,156.9523294183587,1.3877717640215201,158.00199141485297,1.443938489897993,155.81329975616003,1.4658929889149785,57.225246898941826,19.359481067124996,0.5014364005262247,0.5066725644504595,259905.00000000003,1.0,60.97306171843867,24.78110249528193,1797.9195367040693,132.60484338489533,1802.1687879240924,140.72166997007218,13.780738905546261,5.066507788301867,157.08895105290773,1.6308766604107456,5.494491032002984,2.4263995777963623,259905.00000000003,1.0,2.977561923219448,1.038681000978195,95.06973734004615,29.14031151825158,98.11999978216302,30.893336240512664,1123936.1454768828,186885.54044260093,258107.08046329595,132.60484338489567,769487.8675540738,272840.2776349365,259809.93026265997,29.14031151825109,770755.7723879697,188721.8347169513
29,115.31371179352296,0.9213776226818456,157.01805111832255,1.2546003082364585,158.06777438445778,1.3206685998036425,155.86522051052177,1.3769849634574034,57.29813139665878,19.325856634899385,0.5429276714375532,0.5150898403691392,259905.00000000003,1.0,62.24213265590285,25.213842401091835,1792.4326077733879,122.1143266539583,1797.9195367040693,132.60484338489533,13.949157254259193,5.179267691195291,157.1528137721942,1.5166687200843365,5.522630842589927,2.4721861260709415,259905.00000000003,1.0,2.955478709454322,1.0696055314742865,91.9692518735772,27.79621487658615,95.06973734004615,29.14031151825158,1130575.749307599,188688.22447857016,258112.56739222663,122.11432665395998,770595.2073461714,272044.2537202949,259813.03074812645,27.796214876584163,771251.274819433,188992.93551752213
30,115.3391883088179,0.8741782338238087,157.05274191347405,1.1903299871191186,158.12339116602502,1.220164462543352,155.90470847472537,1.3159654597764423,58.04019154298326,18.999655943032604,0.5673390600402017,0.5198625991085827,259905.00000000003,1.0,61.90702326784961,24.98324396563769,1787.9984369884812,113.93521657207236,1792.4326077733879,122.1143266539583,13.967932271367824,5.179089091537256,157.20284657459558,1.4304818048459749,5.6141164755638995,2.612589633616647,259905.00000000003,1.0,2.9227880611718278,1.1243560376634703,88.72547254409831,26.982919679071426,91.9692518735772,27.79621487658615,1130457.180682463,188662.99670450535,258117.00156301155,113.93521657207444,767457.9679385932,273240.7665146182,259816.2745274559,26.98291967906926,774282.7532184958,188527.2911101785
31,115.3421328982907,0.8711312030651266,157.05675202859078,1.1861803519683523,158.14151287564346,1.1994065120918573,155.92094205775714,1.295662754572407,59.35226860711814,18.140023480709374,0.6446781598750029,0.6296698822915476,259905.00000000003,1.0,60.11805953969811,21.9514107840666,1786.5879678960262,111.87456339591722,1787.9984369884812,113.93521657207236,13.939820408861808,5.192770792699966,157.21639650874639,1.4096049224843594,5.819325166372926,2.991560574677182,259905.00000000003,1.0,2.847238610639874,1.2320121309590117,85.18528292117237,26.93691853855197,88.72547254409831,26.982919679071426,1122574.302842168,178665.15080011133,258118.412032104,111.87456339592086,754538.7261409254,263658.4987985849,259819.81471707884,26.936918538547644,780660.0786785798,186854.8212156795
32,115.36523965461568,0.8745207483005782,157.08821627725982,1.190795942666837,158.1649178104219,1.1990530883138157,155.92769535465655,1.2924943144864398,61.21998445856655,18.420804754308605,0.7009650940330989,0.6624498400200112,259905.00000000003,1.0,61.592088078451575,26.822967228741238,1785.5148991821081,111.03960905101536,1786.5879678960262,111.87456339591722,13.588039576173301,5.60084074971222,157.21265674169206,1.4123509146099926,6.0004111058599054,3.247112646270376,259905.00000000003,1.0,2.744622963019515,1.3359119797909127,81.348576812858,27.63384559942249,85.18528292117237,26.93691853855197,1136372.2891833293,210344.544333223,258119.48510081792,111.03960905101944,760145.4530400708,273163.7533975028,259823.65142318717,27.63384559941923,782222.0007852991,185432.85775823495
33,115.43035117655329,0.947269372991355,157.17687675022825,1.2898560921369182,158.23264168894423,1.2596175950056843,155.97700662971982,1.313289572310154,62.24460462767663,18.096586021324047,0.7470489380248078,0.6713588756004489,259905.00000000003,1.0,64.02100900360668,33.107810964085935,1782.9914458681533,110.96498359917483,1785.5148991821081,111.03960905101536,13.258274143954845,6.03656562495929,157.24733471437168,1.4125608183327159,6.049567342054442,3.297719210818895,259905.00000000003,1.0,2.6545660683349794,1.4268722703615593,77.36216562234425,28.94119862359108,81.348576812858,27.63384559942249,1171924.7693562831,293669.6423816746,258122.00855413187,110.96498359917896,779523.972460302,305135.6117534868,259827.63783437767,28.941198623587283,785370.7419111488,181535.30455986632
34,115.52856236755527,1.0710657567887178,157.31060728966747,1.4584257922422188,158.37488601316062,1.457477246125057,156.0785207707252,1.4184427841271439,62.720258617034666,17.74938185491498,0.8698176591502907,0.863633409203668,259905.00000000003,1.0,67.18839019456522,38.103275351264635,1777.6534966314725,114.14989421668778,1782.9914458681533,110.96498359917483,12.973674601249352,6.4241814685406675,157.3607650978883,1.4945043479562845,6.003783946441762,3.2899248760167614,259905.00000000003,1.0,2.571274928253299,1.5069641189939706,73.32965660415579,30.404203361370328,77.36216562234425,28.94119862359108,1219500.905073274,379575.45884989965,258127.34650336855,114.14989421669247,805757.786347821,339397.6044072116,259831.67034339588,30.40420336136618,789036.3694020872,176228.72260791095
35,115.70491002985409,1.321789360386091,157.50359988723807,1.6577529567339309,158.5534779565462,1.6479361931409264,156.21596511098366,1.5339099258944209,63.33652363925633,17.652143878403923,0.9738486692977902,0.9398508529634281,259905.00000000003,1.0,71.57635317172459,42.777254731852636,1768.4398184297063,122.98439900860957,1777.6534966314725,114.14989421668778,13.309140004759744,6.3872988374292365,157.49489035882914,1.5845484899123545,5.90597495602898,3.3186451430850705,259905.00000000003,1.0,3.010688483938324,2.701482846682433,69.83437013206513,30.79873864014411,73.32965660415579,30.404203361370328,1279528.018697488,464472.82344839914,258136.56018157033,122.98439900861348,841976.0711952461,378435.54789259937,259835.16562986796,30.79873864014273,788430.9066142294,176974.0980378769
36,115.92417055664023,1.637480367626763,157.7164357816613,1.8591304822827852,158.7562818338467,1.8324064098039838,156.39590188385768,1.6609582180700182,64.27954307439136,17.736080987656422,1.0474819515799898,0.9474253157094807,259905.00000000003,1.0,75.03133143413031,45.662384435848224,1756.6405481183874,136.5450853478097,1768.4398184297063,122.98439900860957,14.151182625718443,7.197028071316553,157.68518497291666,1.7121616897845373,5.795782552359849,3.3916572698708376,259905.00000000003,1.0,3.5183388781554887,3.875476321225643,66.95692645786077,30.138174270043685,69.83437013206513,30.79873864014411,1351717.7639283976,556730.2231615207,258148.35945188164,136.54508534781243,892551.3065444429,439390.2731160324,259838.04307354215,30.13817427004182,797776.7123126196,169783.49545666436
37,116.17510494561324,1.9563863802276693,157.94051552522222,2.0300119131703807,158.9774227804429,1.9824204526890938,156.60233264000271,1.7951258853319718,64.86896172082,17.34130892298735,1.1077677842344986,0.9359457663051624,259905.00000000003,1.0,77.19456656119908,46.38236844644766,1743.2071754937738,152.88452685904923,1756.6405481183874,136.5450853478097,14.829941001098687,8.246654842724862,157.90185425352166,1.870623557918894,5.9601355137464775,3.465326358084317,259905.00000000003,1.0,4.066255771464253,4.714318305552702,64.46304671557856,29.07224626636206,66.95692645786077,30.138174270043685,1424652.5719459576,620810.7715219442,258161.79282450624,152.88452685905406,944078.2724326181,499226.2444612998,259840.53695328443,29.07224626636142,806799.7863999804,167189.13088450252
38,116.459618846934,2.291462228483453,158.183632000463,2.2024166100422433,159.22340789620065,2.162183647436795,156.81413533458556,1.9233194060252594,65.56812201448102,17.151118334771116,1.1666844402804037,0.9192913572890292,259905.00000000003,1.0,79.29136113671915,47.17315816359004,1728.3172519312552,171.0930691557823,1743.2071754937738,152.88452685904923,15.696049804694912,9.78200606069955,158.12077663015373,2.0216919712109456,6.1203023731765205,3.460119678258992,259905.00000000003,1.0,4.795573600218729,5.96398689817145,62.53831794262076,27.53989564800781,64.46304671557856,29.07224626636206,1500330.320585372,684294.018754456,258176.68274806876,171.09306915578685,1004325.3404609975,576106.9372737639,259842.4616820574,27.53989564800664,815212.2232511471,166423.10977600142
39,116.76492611997269,2.6798669937426047,158.43277564249146,2.440203618272866,159.47088837126316,2.3655168224206364,157.04720021227098,2.107559171615424,66.61828886034364,16.593240924475626,1.1797564919935843,0.9048034298644068,259905.00000000003,1.0,80.03792259016855,47.496736242415366,1713.7178617094369,189.44163128883733,1728.3172519312552,171.0930691557823,16.463503120032485,10.747993035212167,158.3461000084315,2.1941611795085536,6.283084250429924,3.3989061637999765,259905.00000000003,1.0,5.463116554171313,6.869127785760984,61.11835024636215,25.774260800337967,62.53831794262076,27.53989564800781,1559561.7327077345,727189.2811078967,258191.28213829058,189.44163128884068,1052449.131186487,636108.5749713383,259843.88164975366,25.77426080033592,818455.765005498,167335.04214245433
40,117.06589160356891,3.0258029677216283,158.67553687912311,2.6810067459303606,159.74623901855156,2.645695208723871,157.28558847667853,2.34258599133211,67.72439058771393,15.753142343568628,1.1809001918602453,0.9036566943235915,259905.00000000003,1.0,80.66995221102592,47.62064734272571,1699.5913998942647,207.06037402796838,1713.7178617094369,189.44163128883733,17.404059464726593,11.876300640383048,158.60078413359864,2.4560791233544057,6.398231854688848,3.378585191757165,259905.00000000003,1.0,5.836356192856936,7.058184004678479,59.956474584530234,24.005420728832206,61.11835024636215,25.774260800337967,1617556.832900238,753162.2646495692,258205.40860010576,207.0603740279719,1099298.9483787995,682723.8598552333,259845.0435254155,24.005420728829712,822010.2758083167,167971.92106595423
41,117.37137077810229,3.363305371854261,158.92362209211586,2.9490335531622884,160.0210061842737,2.9328032287850236,157.52959807429838,2.6183609824836935,68.39185992507713,14.677894364703992,1.1783200914673597,0.9065570238049391,259905.00000000003,1.0,80.85904997403284,47.62652475737715,1685.9458897538416,224.28461280104202,1699.5913998942647,207.06037402796838,18.0008235624144,12.19385866943459,158.84028098460908,2.739069522046788,6.2847391657351945,3.3411594456298204,259905.00000000003,1.0,6.130943369779387,7.117966954516669,59.346060651725615,23.057445221345855,59.956474584530234,24.005420728832206,1646841.5192374692,763841.3111690944,258219.0541102462,224.2846128010433,1125057.368136219,704406.2763529081,259845.6539393483,23.05744522134421,808782.1806780613,162780.1720979869
42,117.68371949389355,3.686901798608667,159.1803502751918,3.229207512080502,160.28524151628622,3.2215583465695916,157.77996827161547,2.9264348989101525,68.59278432408968,14.342009951902835,1.1762076839296758,0.9090045319032456,259905.00000000003,1.0,81.10668279725445,47.56373271923279,1672.255783596747,240.96132028295173,1685.9458897538416,224.28461280104202,18.628733550567276,12.28399082089391,159.07739766661948,3.036222684512945,6.010845061706288,3.3945530210253803,259905.00000000003,1.0,6.377727113619807,7.123481300365066,59.38327449846257,23.115147792785233,59.346060651725615,23.057445221345855,1665024.4384061936,766220.5516568677,258232.74421640328,240.96132028295176,1135112.793668407,711461.9625827846,259845.61672550155,23.115147792784374,790888.8448650725,148257.01753239505
43,117.98763178258599,3.9495138294260417,159.42580472618104,3.454586588003052,160.52728351010103,3.4490133212867384,158.02900845075132,3.191764192483992,68.48161754170276,14.49091895829447,1.1709617082695283,0.9155178580168666,259905.00000000003,1.0,81.26608790827389,47.466444212255965,1658.3003515219064,256.26055380538673,1672.255783596747,240.96132028295173,19.052929387759985,12.182287021776686,159.30778623563359,3.291771903105189,5.809233600050587,3.401959980058936,259905.00000000003,1.0,6.468239766450586,7.085534770893758,59.81655027284721,23.700387881694308,59.38327449846257,23.115147792785233,1680533.2724987813,763892.7760670561,258246.69964847813,256.26055380538696,1143782.1792484145,713957.9949600837,259845.18344972716,23.70038788169272,785650.1352874732,141846.05359898068
44,118.2762513101378,4.1375633757103785,159.65120732233981,3.604603767831607,160.76247216761965,3.62746169166518,158.25383031016986,3.3856281251667095,68.18753817597148,14.920547500919307,1.157107875789921,0.930366265949786,259905.00000000003,1.0,81.53824773776509,47.20881837263114,1643.7925340843228,269.9484743338493,1658.3003515219064,256.26055380538673,19.392207942644003,12.003896583113857,159.5334338758892,3.5072163886585845,5.720638423234028,3.3888800846962117,259905.00000000003,1.0,6.508171089466985,7.064601551631523,60.46344963110757,24.407064402197268,59.81655027284721,23.700387881694308,1694121.5173696913,758852.177279988,258261.2074659157,269.94847433385075,1155233.6707752426,713518.5786040092,259844.5365503689,24.40706440219576,784023.0652003945,139379.31598609325
45,118.5697315283183,4.3158564596677085,159.8828269126921,3.7572300022843144,161.0011132502975,3.78294837775024,158.4945332243703,3.5854865987967077,67.81368452631528,15.520726339313002,1.1588405906136336,0.9286360900306702,259905.00000000003,1.0,82.28304096162385,46.53299392127666,1628.1643370584006,282.9072418637113,1643.7925340843228,269.9484743338493,19.48009566650276,11.933491420053556,159.77255931240254,3.7057620893833607,5.591740739200746,3.375002816631651,259905.00000000003,1.0,6.79543496265773,7.03646491616516,61.59618214629503,25.507694895039,60.46344963110757,24.407064402197268,1704174.5469591212,754449.748884305,258276.83566294162,282.90724186371165,1168505.945818921,711120.1856102734,259843.40381785372,25.507694895036998,781070.6579053997,136076.05812315654
46,118.87068983245904,4.479165088252055,160.12431594282074,3.9051919234785633,161.24835099212552,3.934448341026148,158.7464802051889,3.777268901973931,67.32949850217916,16.28017883159463,1.1602592175261215,0.9271398246146526,259905.00000000003,1.0,82.77529966498646,46.03453377191257,1611.5582766780672,294.7683386725387,1628.1643370584006,282.9072418637113,19.51030040269095,11.917574622968399,160.01893069681873,3.903314467488456,5.560054376848419,3.386550392801837,259905.00000000003,1.0,7.0070020084264915,7.015742682161143,62.976463111206435,26.816045763365178,61.59618214629503,25.507694895039,1716963.964393188,744968.3789267768,258293.44172332194,294.7683386725393,1180041.3812737786,705413.1409373814,259842.02353688882,26.81604576336396,783906.7015523501,135119.37260679007
47,119.15727917489582,4.613146566740809,160.34647192697204,4.026734991163516,161.4852677427431,4.064610774734763,158.97417728106888,3.942500335650907,65.93327173433221,17.26801053308832,1.1518619001297734,0.934957396904559,259905.00000000003,1.0,82.17529683916653,46.49616626722352,1594.1643896731032,305.3026445709759,1611.5582766780672,294.7683386725387,19.1200393131516,12.005243282715591,160.25513813398004,4.066228157057035,5.5944364939817435,3.374224299627081,259905.00000000003,1.0,7.105283296644699,6.994560061825949,64.42064324720272,28.10811189869398,62.976463111206435,26.816045763365178,1721214.0058014668,741338.0844420571,258310.8356103269,305.30264457097525,1188119.4573659562,699947.8176313222,259840.57935675283,28.108111898689916,788901.2107607173,127982.73010506525
48,119.44494631431684,4.698440954201916,160.57065402079215,4.100537603654498,161.71071322633907,4.162817143822338,159.19811664165454,4.062491826164091,64.00567421200694,15.74414694171471,1.1163103855037886,0.9298259729180971,259905.00000000003,1.0,81.12424677197721,47.19456086235281,1575.9295067276291,313.41741944308154,1594.1643896731032,305.3026445709759,18.774370010370497,12.127524602026913,160.4800028808358,4.206670794687667,5.768493879370635,3.478611060761815,259905.00000000003,1.0,7.237059646790807,6.990577599651331,65.82254234795623,29.202623891531687,64.42064324720272,28.10811189869398,1713744.1366705312,747299.6915520185,258329.0704932724,313.4174194430806,1186795.4568079063,700981.6509983604,259839.17745765205,29.20262389152742,782773.1014502896,131999.9041354902
49,119.7413174841417,4.7642710268674175,160.80654907231462,4.161086718389428,161.93758853451675,4.222647194248353,159.4242541691364,4.14212810382097,62.38871116595318,14.982907334950053,1.0907197498070054,0.9332714050549945,259905.00000000003,1.0,80.27679503246739,47.77631487421468,1556.9507031113078,319.2795865793705,1575.9295067276291,313.41741944308154,18.63122530229376,12.17317055670858,160.71118211742322,4.289278493234611,5.9306621068045,3.516935468768592,259905.00000000003,1.0,7.348465479829811,6.972457406172078,67.17367905431487,30.13524961783927,65.82254234795623,29.202623891531687,1707854.5076891198,753489.6070317837,258348.0492968887,319.2795865793703,1184200.3965513005,703462.8993923799,259837.8263209457,30.135249617835253,777755.1882259537,140424.23666894232
50,120.01047982823256,4.77121567962719,161.0067657537185,4.1606434119695495,162.14124217832847,4.2291120640539654,159.6177449783267,4.1703991753965015,61.6373905891018,14.803198174164292,1.0662514267252217,0.9420988801342567,259905.00000000003,1.0,79.24022788053168,48.537723828052265,1538.2816143931527,322.6785931640026,1556.9507031113078,319.2795865793705,18.800792053953344,12.129254968755284,160.91660127846004,4.32650875666279,6.260107836080261,3.6985207643024505,259905.00000000003,1.0,7.3542906208455365,6.969379897345266,68.20119517241348,30.63829787059775,67.17367905431487,30.13524961783927,1702710.2426721733,759567.7514548023,258366.71838560686,322.6785931640021,1177052.3561384524,711468.4120078394,259836.79880482762,30.63829787059322,774609.1215400649,146147.61290203617
51,120.2670993232858,4.755038656346596,161.19035140127872,4.14265376697998,162.32764177270917,4.2085271672914795,159.789286310703,4.163664783477148,60.83098714401536,15.00345853948069,1.0462184581419176,0.9517499175349483,259905.00000000003,1.0,78.14788483225952,49.14181664158357,1519.9184982467668,324.64587428475403,1538.2816143931527,322.6785931640026,19.049275407588087,12.017289874956836,161.11576338828775,4.313589970352881,6.539393976985275,3.7060838911357696,259905.00000000003,1.0,7.4772818161030905,6.909298825753258,69.07241634486464,30.962329773595894,68.20119517241348,30.63829787059775,1689363.0915458207,774066.4356961675,258385.08150175324,324.64587428475363,1163835.346304244,723613.3069348093,259835.92758365517,30.962329773591048,762434.7261021702,159068.65990476293
52,120.51225572601521,4.686122193769068,161.3595531257139,4.076158444519215,162.49738912062082,4.162922658927439,159.95038522522037,4.1202379859863445,60.33014326827706,14.952992009767915,1.0333333333333334,0.9599607079760588,259905.00000000003,1.0,77.40599881044112,49.67794663186395,1501.8093093712694,324.47010669436463,1519.9184982467668,324.64587428475403,19.313388867017302,11.877924834548239,161.28640100920575,4.2822119391061,6.891327753789088,3.7194475421920323,259905.00000000003,1.0,7.6755477129083065,6.928789564280473,69.78996963731718,31.240655103149493,69.07241634486464,30.962329773595894,1685513.5002023526,777650.216062015,258403.19069062875,324.4701066943637,1155639.702665726,730723.0713497,259835.2100303627,31.240655103144125,755878.1101695739,161267.63324136284
53,120.73718368421265,4.590242311308242,161.50214477509098,3.994322999081967,162.6600403990018,4.08133820838974,160.08332170081601,4.060754466101661,59.67963472642444,14.898128287685365,1.0142157515798416,0.9750261559133743,259905.00000000003,1.0,76.89443123174033,50.127534631628784,1483.5802971143737,321.7038730891313,1501.8093093712694,324.47010669436463,19.52710085296909,11.760988936312982,161.44022239059893,4.2148922941308316,7.2474673189667564,3.705888368970791,259905.00000000003,1.0,7.810732895802518,6.904900332566136,70.28656854748628,31.415840633679935,69.78996963731718,31.240655103149493,1686348.3096834633,776834.4590953843,258421.41970288564,321.7038730891299,1150099.6802023884,736047.6557516733,259834.71343145255,31.415840633674755,751861.3529921866,163171.6958385004
54,120.92988731677352,4.47840032848793,161.60207411459976,3.9180519440128223,162.78771020587118,3.9884634783723385,160.18842132614637,3.997289821775285,59.74518620919662,14.915264662653216,0.9698872268435377,0.9902918166348779,259905.00000000003,1.0,76.4816374310111,50.53211812401421,1465.8739586657157,316.0068319873253,1483.5802971143737,321.7038730891313,19.716237724616235,11.633600399820804,161.56368404337323,4.143600934172851,7.607496438026187,3.766062498643367,259905.00000000003,1.0,7.930971953275225,6.856601628870508,70.54337739606865,31.478984970797065,70.28656854748628,31.415840633679935,1698476.7825788371,766735.2223465132,258439.1260413343,316.00683198732384,1145331.8082053633,740655.7209349859,259834.45662260396,31.478984970791753,760562.0346234723,167356.7767992798
55,121.12429540352078,4.3279017844180085,161.70503741679792,3.8142187537235013,162.90333136239482,3.8756676578930906,160.30341824990262,3.897328557219092,59.0777338661778,14.088459272385313,0.9335941004033477,1.0056167315288507,259905.00000000003,1.0,75.94590781444633,51.07059845456558,1448.0721906170438,306.16186540316045,1465.8739586657157,316.0068319873253,19.56486081018269,11.7051727645644,161.6710804592872,4.0585649303714115,7.819849080422011,3.7321817293437554,259905.00000000003,1.0,7.997222512072993,6.8232348005585495,70.65408416105296,31.49640454563975,70.54337739606865,31.478984970797065,1698211.3637246154,766909.8868644882,258456.92780938296,306.16186540315994,1139549.2694137944,746301.3260839253,259834.34591583896,31.49640454563457,760119.6243882788,166863.68614787236
56,121.30517808560725,4.140506498402726,161.79087180726947,3.698971630322809,163.00430852290899,3.7454479501170828,160.40564257317604,3.7804634145067775,58.94165523710928,13.92946398768699,0.9038798016614163,1.0199732445803573,259905.00000000003,1.0,75.42106365241337,51.60669235218935,1430.6889024000782,292.1380560990834,1448.0721906170438,306.16186540316045,19.405759048569774,11.810136636447123,161.76180728908213,3.9619487970384246,8.009309818356323,3.6956893465224145,259905.00000000003,1.0,8.24823586213583,6.814473425673007,70.8263435381658,31.526475353941134,70.65408416105296,31.49640454563975,1700236.543732027,765484.0110195915,258474.31109759994,292.1380560990833,1135094.6120756217,751276.0063808835,259834.17365646185,31.526475353935773,761928.6848151168,168623.08548160348
57,121.46359128378859,3.9460771845826548,161.84708113183618,3.6121335562342773,163.07769509443474,3.634223133893687,160.49438842152202,3.653441309889871,58.778290164299314,13.728444894355624,0.8795517914752509,1.0188195274325933,259905.00000000003,1.0,74.71405429509493,52.25653599822005,1413.8735864778073,273.9569663526118,1430.6889024000782,292.1380560990834,18.806572279045707,11.829523095305191,161.8494356640183,3.8446277866494727,8.096078812206333,3.6463686130565605,259905.00000000003,1.0,8.425616350097307,6.71991832161339,71.08921440939011,31.560219447185897,70.8263435381658,31.526475353941134,1696273.289610605,768011.6964211125,258491.1264135222,273.9569663526116,1127220.0193557036,760107.1551986348,259833.91078559065,31.560219447180454,759701.8705979282,165862.48060688833
58,121.61697340156987,3.730558114958552,161.89689017284576,3.5275492238050807,163.1362929518139,3.536967399322932,160.56781496103258,3.539958460460501,59.07186282149083,13.834863214616693,0.8666666666666668,1.021566803068407,259905.00000000003,1.0,74.22068859797298,52.66205337616761,1397.8580940346585,252.39182625507416,1413.8735864778073,273.9569663526118,18.386427662782136,11.861994664214498,161.92798960191328,3.7294962312404283,8.207434099377528,3.5956692044917435,259905.00000000003,1.0,8.593477274986853,6.602193973054488,71.40859091833278,31.571300477531842,71.08921440939011,31.560219447185897,1691049.479771627,771923.8964967916,258507.14190596537,252.39182625507456,1116359.1294508856,771939.8113468064,259833.59140908168,31.57130047752646,755817.9886609395,163265.1636179927
59,121.76456693206347,3.5041591421309897,161.938933279294,3.453987409889603,163.1772358544227,3.464068370050771,160.62089856172994,3.4530614648610953,59.73211102330086,13.846244222942655,0.837990294036429,1.0226620275918845,259905.00000000003,1.0,72.025744552628,53.3969846660733,1384.726470211295,232.20925591039213,1397.8580940346585,252.39182625507416,18.09429729319889,11.936041597893846,161.98351292002823,3.63963154894479,8.219161799304578,3.60155453514036,259905.00000000003,1.0,8.73695248466477,6.481841000842239,71.8597149370263,31.483594638673026,71.40859091833278,31.571300477531842,1681628.3266752765,778856.0619975568,258520.2735297887,232.20925591039085,1100937.786199737,787137.7361202795,259833.140285063,31.483594638667785,750628.8088472534,161703.83682580653
60,121.90791730488597,3.259237037558837,161.97538576055217,3.387359140488829,163.20020761997074,3.421732946642359,160.6580943570747,3.389907945137674,60.04802210332573,13.975588690139006,0.8145120658773297,1.0264388225154097,259905.00000000003,1.0,70.43733622632065,54.04891117575057,1373.5226440224228,212.0167050699297,1384.726470211295,232.20925591039213,17.976761265663026,11.993012586704214,162.02018036146683,3.576794438074561,8.130649893545543,3.5706639771985884,259905.00000000003,1.0,8.864969499070428,6.353740265211628,72.54648545763801,31.175815102446094,71.8597149370263,31.483594638673026,1682178.0796234848,778486.4177547941,258531.4773559776,212.016705069927,1086612.7671709391,799970.6365331074,259832.45351454237,31.175815102440186,753248.0147334735,162998.27798327547
61,122.04136231418501,3.019083973593141,161.9981975626922,3.3472847292858945,163.21022410426238,3.403544520747175,160.69409467830872,3.3282823249699964,60.3626825282432,14.232486259499014,0.7761721367022018,0.9796000506148641,259905.00000000003,1.0,68.80670857428589,54.71451205112414,1364.3024458396778,192.27606916486155,1373.5226440224228,212.0167050699297,17.95700123233876,12.005228727932014,162.06530689398616,3.4967016063313454,7.87909127321363,3.4203639965251518,259905.00000000003,1.0,8.881868899531268,6.330334192839186,73.51736615114854,30.38362542409519,72.54648545763801,31.175815102446094,1683135.7401585914,777932.8498566867,258540.69755416035,192.27606916485885,1069561.1971572253,812532.7598648494,259831.48263384888,30.383625424090663,757310.8875802162,166347.2562364151
62,122.14769175551382,2.843640103672358,161.98341851856878,3.3677734781215998,163.18799029403644,3.4374741413858025,160.71653628313166,3.293715216012943,60.0899656911084,13.694214228650154,0.7830172211226765,0.9882643217283573,259905.00000000003,1.0,65.10341252517145,51.95834616078948,1358.5059817844922,179.1864822580938,1364.3024458396778,192.27606916486155,18.161915346473947,11.781541794465307,162.08390337644772,3.4655402601233902,7.641930296331067,3.3063095258593544,259905.00000000003,1.0,8.914822540150631,6.28491399487802,74.77117636044208,28.87727770479072,73.51736615114854,30.38362542409519,1668178.4730266768,780551.6593631796,258546.49401821554,179.18648225809116,1039860.7734218254,820768.2500799944,259830.2288236396,28.87727770478657,765902.3570310959,166791.1903610774
63,122.23191257139653,2.732128949701031,161.9373673640446,3.4078371761142763,163.13583569324712,3.4945536519434333,160.7027170598724,3.3097084624878446,60.12992140036855,13.730404358363478,0.788621502245134,0.9931689938935309,259905.00000000003,1.0,62.51869201909375,48.13235353291825,1355.3285896635218,172.7420572134848,1358.5059817844922,179.1864822580938,18.419774945455025,11.474639038410373,162.07775773693092,3.473629407380893,7.492581294327155,3.296411165712624,259905.00000000003,1.0,8.973004897366541,6.207137612336212,76.24300988027575,26.52258857757225,74.77117636044208,28.87727770479072,1652288.2770243085,772937.3487309489,258549.6714103365,172.74205721348153,1020170.6066980154,815882.1190232916,259828.75699011976,26.522588577567983,784491.5722733114,179574.16880921743
64,122.30748853996947,2.646254893158182,161.8787880445444,3.440800480484963,163.0548999541594,3.5432172607072108,160.65794706873777,3.3435910767909958,60.953337137475906,14.264706420245938,0.7272890204730531,0.8459284400589062,259905.00000000003,1.0,60.03729348364907,44.30569686776119,1355.5173442968755,173.061367099362,1355.3285896635218,172.7420572134848,18.84173043986774,11.022273102342162,162.04404974023095,3.499094013510582,7.387887086675106,3.3976494777565764,259905.00000000003,1.0,9.026682890736511,6.133390083116133,77.88180568433715,23.250829538547737,76.24300988027575,26.52258857757225,1626758.056686866,756552.4993577158,258549.48265570315,173.06136709935788,999245.2728270381,808702.3453615971,259827.1181943157,23.250829538544917,802303.4126377502,186187.65932089466
65,122.32787188677784,2.6294228558357933,161.79209686213756,3.473956295870072,162.96951779379168,3.5816278773515,160.60821722665807,3.373785605615294,61.21473301606457,14.4980380853528,0.6770742314836558,0.736585976086323,259905.00000000003,1.0,57.35777809240471,39.125988562713054,1358.6972249890518,177.1108425040917,1355.5173442968755,173.061367099362,18.61520609549233,11.120351030440665,162.01167257126968,3.5188972975335346,7.35041081918412,3.447281252921417,259905.00000000003,1.0,8.898572478890594,6.045740595824596,79.42996734404363,20.33949855648254,77.88180568433715,23.250829538547737,1588996.5305696032,727460.281701001,258546.30277501096,177.11084250408643,970002.902494685,796724.1615945374,259825.570032656,20.339498556475935,817629.3105650975,185283.67292032868
66,122.31051861917418,2.639077138665202,161.69244375245015,3.49838771781586,162.87093642070417,3.614842102016381,160.53355077900244,3.4101201743743967,60.8779508382507,14.172919993316976,0.6429948047707383,0.685117822533188,259905.00000000003,1.0,55.4872434278071,35.14808861364753,1363.4449375947247,181.2642114181049,1358.6972249890518,177.1108425040917,18.028818943070167,10.812984875461352,161.93335862178307,3.5563222519772495,7.344789370599905,3.4563498663515744,259905.00000000003,1.0,8.592949936511193,5.78378842999523,80.67812790995492,18.38306831370529,79.42996734404363,20.33949855648254,1540484.353530139,674716.4260137738,258541.5550624053,181.26421141810087,930183.5833872281,767497.7726777461,259824.32187209008,18.383068313697407,822405.0125931175,186769.80456845794
67,122.25672284500759,2.661531239249027,161.57536842178655,3.5248367397168097,162.75775970786944,3.6495656086612063,160.42940450313836,3.4528950480610066,61.46672013321135,14.584628656915852,0.6201445812430496,0.6557027265356142,259905.00000000003,1.0,54.08020150104185,33.12356956923521,1370.2113116456512,185.57414224044587,1363.4449375947247,181.2642114181049,17.391277954437083,10.253099044264342,161.8201837157673,3.59770558897687,7.182194612569782,3.4501936176945294,259905.00000000003,1.0,8.259224069925306,5.481294363408196,81.75515736731045,16.830979053721123,80.67812790995492,18.38306831370529,1492840.4818835757,617429.9021897949,258534.78868835437,185.57414224044098,883035.0985767716,728089.0459979607,259823.2448426327,16.830979053713204,825138.1397312207,188398.1002782297
68,122.14628505837966,2.697982649090167,161.40881497363117,3.565220147025158,162.59439817802507,3.6897401806091255,160.29733344694742,3.5067382852152242,62.2905510391678,15.799140919658731,0.5918776096494789,0.6219449339434451,259905.00000000003,1.0,51.43679221408352,30.155702121918456,1380.4731928610859,191.18187135963908,1370.2113116456512,185.57414224044587,16.396960159489726,8.981095882051994,161.6850047093208,3.6435489822766716,7.240793612878308,3.4851806646101458,259905.00000000003,1.0,7.675603992090672,4.582296210398489,82.18996774652281,16.314308563808392,81.75515736731045,16.830979053721123,1438266.4791830583,534859.503922615,258524.52680713893,191.18187135963402,819284.4021278685,658282.8917392186,259822.8100322535,16.31430856380097,829993.8238464206,192819.58819046177
69,121.97969572137737,2.717911605828384,161.1886769955581,3.5915549657998898,162.3839064869266,3.736022422615201,160.11070198758438,3.563359619144069,62.65569463022439,16.18148744370236,0.5968664318775364,0.6208870604257752,259905.00000000003,1.0,49.21866979154851,28.01817310042377,1393.3133512678842,197.25014978273867,1380.4731928610859,191.18187135963908,15.418499209269374,7.838042424518195,161.49407043418145,3.7123204496888733,7.269652834777033,3.4900977255296537,259905.00000000003,1.0,7.079554313086727,3.4750177580181476,81.99986922483251,16.462815615738386,82.18996774652281,16.314308563808392,1387237.6305548449,456673.1278220798,258511.68664873214,197.25014978273416,756324.0780921471,579506.7164457911,259823.00013077518,16.462815615731238,834249.5580669526,196047.43120964683
70,121.79474910000913,2.7222532975976264,160.94428062523636,3.597291943574973,162.1134567318047,3.7436568945370343,159.88494722794408,3.5973663888662792,62.65550547715891,16.181375827331035,0.6009509340572863,0.6194114990496933,259905.00000000003,1.0,47.241811521756176,26.443756104086074,1408.1260942892297,203.15970041813094,1393.3133512678842,197.25014978273867,14.582389360188111,5.717326966580264,161.24391700386377,3.748126700639576,7.270646702855916,3.4901668136655513,259905.00000000003,1.0,6.635729216398662,3.3205660776867556,81.36495173837525,16.914150330576895,81.99986922483251,16.462815615738386,1340832.147360145,373546.3626599908,258496.8739057108,203.1597004181267,696963.3562449034,487944.9041944333,259823.63504826164,16.914150330570475,836914.226380777,197545.86750790352
71,121.5789743873905,2.698441829033296,160.6591473400839,3.565826319152381,161.80221334385618,3.726760044706559,159.6198557981818,3.5936365874262814,62.89204397193426,16.10787218935997,0.6042950416028614,0.6172010158946212,259905.00000000003,1.0,45.51220621978872,25.5692572699073,1424.9016369997723,208.22554246698652,1408.1260942892297,203.15970041813094,13.98718938260463,4.563620898272696,160.9641243560527,3.749742733120198,7.295085134677395,3.4814189690907584,259905.00000000003,1.0,6.298408141934856,3.2924870338106556,80.36827474563272,17.51285180603105,81.36495173837525,16.914150330576895,1306541.881522776,322501.1615597335,258480.09836300026,208.22554246698346,646587.5962380522,414554.021875897,259824.63172525438,17.512851806025765,845255.6501906618,195956.2117499212
72,121.34689902459981,2.626392126990404,160.3524738507044,3.4706165837047496,161.46762507359017,3.6598887361125896,159.32783295083595,3.521132054618813,62.67452625618336,16.357218603080096,0.6000000000000001,0.6210599394044874,259905.00000000003,1.0,44.244611364849035,25.09621036136196,1442.7315518911068,211.1682688623624,1424.9016369997723,208.22554246698652,13.371011069757715,3.539416715585112,160.65402286115187,3.702117888696044,7.3879491088716,3.353693663398282,259905.00000000003,1.0,6.002570911394397,3.336635244766275,78.98289654815551,17.991565770788934,80.36827474563272,17.51285180603105,1282294.770268887,292540.4065362055,258462.26844810892,211.16826886236123,611852.7307829871,357708.7834194541,259826.0171034519,17.99156577078375,855549.0446779893,193630.40983765028
73,121.12164245299013,2.53881705684733,160.0548106092728,3.354890850525193,161.14710714258132,3.5726414199637544,159.038152829413,3.4119993713183456,61.99913127349489,17.362783432172208,0.6191175817534919,0.6106944701268698,259905.00000000003,1.0,43.52956763491147,25.068729559412088,1460.5819979479365,211.91734192673073,1442.7315518911068,211.1682688623624,12.948298327706812,3.1652796678291533,160.35080410779398,3.61724027008884,7.344865436032176,3.4227203344435386,259905.00000000003,1.0,5.869370834871873,3.4596030348543474,77.5074019469952,18.304008890782043,78.98289654815551,17.991565770788934,1261855.089117129,276507.70475227665,258444.4180020521,211.91734192672865,587402.1599223885,320293.5658164909,259827.49259805304,18.30400889077759,852227.140940847,194028.17292665623
74,120.91186287205683,2.465571641017482,159.77759960845177,3.2581009645663,160.83206672279786,3.475290157834244,158.76747785444854,3.304259203593185,61.249491016389754,18.642723311877944,0.644328524736304,0.5997682537608214,259905.00000000003,1.0,43.01635194459582,25.254466787675394,1478.1708084949944,210.8779473142763,1460.5819979479365,211.91734192673073,12.592107103732928,3.1592022365091927,160.0451476613179,3.5143699367131105,7.221036564647555,3.5771660004086545,259905.00000000003,1.0,5.8503075820464145,3.4746415136583013,76.13667296439407,18.468967085320553,77.5074019469952,18.304008890782043,1241121.4444965387,272157.57007810206,258426.82919150504,210.87794731427368,563794.4258014475,291128.14401119173,259828.86332703562,18.46896708531584,841709.1412366469,196160.653054256
75,120.68906207106343,2.3541577269927867,159.4831823893887,3.1108742516697134,160.51722684299722,3.34172279285953,158.4784118807572,3.1349003644834164,60.81255227351438,19.328688520815504,0.655410708193682,0.595993223005046,259905.00000000003,1.0,41.933887348166074,25.551680719432277,1496.394062712149,207.82085010158613,1478.1708084949944,210.8779473142763,12.292806552071864,3.654151659066696,159.7344742464041,3.3663404763234355,7.164922188325035,3.640860878732192,259905.00000000003,1.0,5.602763104077888,3.411158835947637,74.57451388014692,18.233441859564333,76.13667296439407,18.468967085320553,1222417.5553505449,270924.29546684,258408.60593728788,207.82085010158434,542730.5417675723,262199.1137346916,259830.42548611987,18.233441859560195,834048.5432541348,198791.94514062576
76,120.45730626016639,2.196992821818322,159.17693148016033,2.9031899087276822,160.19123411924798,3.1468366855809795,158.1747839593589,2.9031466145831306,60.825628617581586,19.31158850994337,0.6836016143549811,0.595412595266343,259905.00000000003,1.0,40.99831117104373,25.96094020635996,1515.5377785443318,203.2470531306651,1496.394062712149,207.82085010158613,11.874166581708886,4.152294820615048,159.40359685750494,3.155560330809268,7.115463140093985,3.6962640186310796,259905.00000000003,1.0,5.360320495180004,3.3896735065167634,72.81937123523294,17.528918622900125,74.57451388014692,18.233441859564333,1206453.623494056,276281.2031234801,258389.4622214557,203.24705313066235,526121.9552144253,247014.21697812865,259832.1806287648,17.5289186228928,829443.4735675576,201647.35046180294
77,120.21688784192095,2.0294038800214103,158.8592337235483,2.6817314016369105,159.85913137328913,2.9158693806456104,157.8544543281099,2.6446508828533117,62.08492137895195,18.7398529626238,0.7066823761863723,0.5890949649219354,259905.00000000003,1.0,40.33286737706045,26.26623860066965,1536.583150170037,198.4690868204341,1515.5377785443318,203.2470531306651,11.56954996114905,4.545554655927262,159.07881191816907,2.9091553058185498,7.042776641013007,3.761756164051635,259905.00000000003,1.0,5.217642852155893,3.405238507008622,70.99423744637582,16.436275338789244,72.81937123523294,17.528918622900125,1207244.4565560084,276204.8754581963,258368.41684982998,198.4690868204327,511490.3300522477,240342.36352480773,259834.00576255366,16.436275338783716,836861.7445185732,200032.44040546508
78,119.97261893616992,1.8751465853523832,158.53644814786512,2.4778904490661096,159.51977259439158,2.6731511916271975,157.52775571440023,2.385750956897245,62.93918098259964,18.691278677954788,0.7281051312869228,0.6015601425144009,259905.00000000003,1.0,39.84782828346365,26.48637287093541,1558.946397737886,194.48064720262641,1536.583150170037,198.4690868204341,11.338724036289378,4.814968574820222,158.7371485745145,2.6276433173010636,6.777479709300729,3.806060182414453,259905.00000000003,1.0,5.005240369267912,3.363292632503037,69.22199810634301,15.149461325117734,70.99423744637582,16.436275338789244,1218730.3926814003,275795.9932964948,258346.05360226214,194.48064720262386,501043.19285552873,241423.44560405836,259835.7780018937,15.149461325112282,852232.3699164757,199837.9740549652
79,119.71168657691712,1.6778520779476294,158.1916423492812,2.217177184438263,159.17321016538946,2.4269526001287565,157.19408437756118,2.1201165327756244,63.845268141997614,18.496371426680998,0.7421281170573897,0.6033334427327599,259905.00000000003,1.0,39.49191899578173,26.604692585697926,1582.5576187670445,190.76756945617387,1558.946397737886,194.48064720262641,10.991747447801716,5.073391655295216,158.40001635967306,2.3612932465435628,6.566761406440539,3.848873559398382,259905.00000000003,1.0,4.832875093020834,3.34406603632061,67.4881117929233,13.628896250006052,69.22199810634301,15.149461325117734,1235556.5897169458,268461.82349233556,258322.44238123298,190.76756945617015,495823.41396325367,243188.45592473488,259837.5118882071,13.628896249999759,872015.7714896799,191316.47387374507
80,119.48126260426652,1.5324045161843647,157.8871513193406,2.024975964314494,158.85294274178855,2.2266378530953657,156.8891506829933,1.9012987715655036,64.02665738528381,18.424931580931126,0.7571256494036578,0.5997169319696759,259905.00000000003,1.0,39.70620305820388,26.551569480514697,1606.1209474447207,186.92089011382603,1582.5576187670445,190.76756945617387,10.580332425764224,4.966555002765232,158.0731315560985,2.1341095859725345,6.217674476163773,3.7219172135528322,259905.00000000003,1.0,4.789225197621615,3.365428780114429,66.05966251438115,12.582512241999773,67.4881117929233,13.628896250006052,1253699.1217991407,253471.03932749954,258298.8790525553,186.9208901138233,499530.47946554754,241056.784681123,259838.94033748563,12.582512241994909,890012.1304408201,177793.56265591187
81,119.24097900054393,1.4085925038236722,157.56963151723076,1.8613656448371652,158.54338214409285,2.040759326770738,156.59516543493166,1.7398362589374676,64.70966470080224,18.093593603844997,0.7623716250638053,0.5963930478311312,259905.00000000003,1.0,39.791553898004516,26.54402316136583,1630.2766866224547,182.08189039304446,1606.1209474447207,186.92089011382603,10.2277948299734,4.840012732059456,157.76469074267496,1.9485385838542721,5.941425061725342,3.6862214985740813,259905.00000000003,1.0,4.678998672998249,3.379079946474925,64.79723612565405,11.6766050543875,66.05966251438115,12.582512241999773,1280530.2410863945,233638.28178639777,258274.72331337756,182.0818903930421,502396.7249231704,239537.3323193736,259840.20276387437,11.6766050543832,915980.9912600566,164592.0931900709
82,119.0179408504697,1.3569982649250243,157.27490042673972,1.7931869790006594,158.2360499172722,1.90006533843791,156.3166816534845,1.6420737354793564,64.51737984755631,18.23563462648373,0.7666666666666667,0.5930880636460658,259905.00000000003,1.0,39.84385084212026,26.529954602009223,1654.183548961224,176.37530063930976,1630.2766866224547,182.08189039304446,9.959269697498058,4.668979498606117,157.45475883502874,1.8230728542290682,5.63021270977539,3.5367580847097653,259905.00000000003,1.0,4.421746242872211,3.1509607655935703,63.58876965875087,10.606618449764893,64.79723612565405,11.6766050543875,1292226.212130686,224152.44351488748,258250.8164510388,176.37530063930782,501650.9210975098,239814.82076491322,259841.41123034127,10.606618449762333,930571.5286559181,155584.44947274393
83,118.80636090539522,1.3567436928498273,156.99531067262802,1.792850819031947,157.9335632803316,1.833403957121651,156.05517346638015,1.6200084649476507,64.55499040476987,18.208928249563794,0.7666666666666667,0.5930880636460658,259905.00000000003,1.0,39.81975642242261,26.54227003265822,1678.1521162769045,170.66148454001396,1654.183548961224,176.37530063930976,9.666466069198203,4.52605371569089,157.1614607916478,1.7952905801966925,5.312910824203323,3.341699496524673,259905.00000000003,1.0,4.2271730117306054,3.063752990482809,62.503031846278155,9.625267244028588,63.58876965875087,10.606618449764893,1295238.1636406067,220165.2787161365,258226.84788372312,170.66148454001296,501088.3390554975,240109.27539156485,259842.49696815375,9.62526724402524,937657.3020253625,145427.75558482585
84,118.62262099698496,1.3968386123330592,156.7525099019753,1.845834367258958,157.66547849079586,1.8363149904255949,155.8171225112928,1.6421095291367367,64.12200807721075,18.3649660626331,0.8049018301736504,0.5787593654067748,259905.00000000003,1.0,39.863424633529775,26.514385824973896,1701.6057978904118,166.3754627114888,1678.1521162769045,170.66148454001396,9.413565094710545,4.4379488510203595,156.88304431727576,1.8235338030128767,4.968087551646418,2.9903188371392213,259905.00000000003,1.0,4.089513331007437,3.027308460911056,61.624457625639174,8.990645429405374,62.503031846278155,9.625267244028588,1294402.2304429633,220378.27228580852,258203.3942021096,166.37546271148895,502218.5259066185,239630.0487592161,259843.3755423744,8.990645429402784,938164.8282965961,145547.8077470888
85,118.45198591727932,1.4524271807089095,156.5270263856632,1.9192919033163591,157.43412768550863,1.8555478078138214,155.60382369313993,1.6761444537461943,63.64998571640416,18.476335312814253,0.8362061343857828,0.5587751665332948,259905.00000000003,1.0,40.45269472054808,26.22539457010873,1723.9668827518822,163.4128929357255,1701.6057978904118,166.3754627114888,9.189817167382344,4.470245562489352,156.64850936785095,1.8492246827401784,4.707315175502308,2.8450249979515,259905.00000000003,1.0,3.9924082160479624,3.022983333347536,60.90955066618483,8.564469975252841,61.624457625639174,8.990645429405374,1299629.9542272277,220082.6044376823,258181.03311724815,163.41289293572615,512475.10640357406,239653.40627400816,259844.09044933383,8.564469975249656,942568.5425058702,147396.47038138332
86,118.30176908249726,1.5499981595867636,156.32852405583037,2.048226355631471,157.2429062422161,1.9069288333303647,155.41128553923036,1.7630335882302348,63.520472142072016,18.423591908052767,0.8618359309479643,0.5362785097083753,259905.00000000003,1.0,40.95822847265756,25.904315499373684,1745.6672904903487,163.77134926609577,1723.9668827518822,163.4128929357255,9.076511365662382,4.502440301637219,156.4481433310694,1.9158044601338133,4.471178747200403,2.6738446627719155,259905.00000000003,1.0,3.9289525168560955,2.8727770801876016,60.36732443584052,7.89162659292663,60.90955066618483,8.564469975252841,1311486.2673702913,224519.18048638472,258159.33270950968,163.77134926609494,526446.6049578665,236758.3991207028,259844.63267556418,7.891626592924915,953813.904426843,159987.69018597683
87,118.15895526485016,1.6789455241242717,156.13980436386157,2.2186228054196153,157.06240120582117,2.0140188420874625,155.22920714282972,1.908027960781065,63.645184813664585,18.50148202841127,0.9019374153420463,0.5584961629420255,259905.00000000003,1.0,41.50594757450293,25.580862171256655,1766.9045903141684,167.50650376430153,1745.6672904903487,163.77134926609577,8.913316402508858,4.565521925718334,156.2601513347606,2.024935495283533,4.504187235422677,2.7162210876041084,259905.00000000003,1.0,4.009733433819807,3.0078588182756163,59.87287063423766,7.1232139069692275,60.36732443584052,7.89162659292663,1339100.6467145882,254908.85842982985,258138.09540968586,167.50650376429974,543091.9489269702,230023.17006212755,259845.12712936578,7.12321390696848,977774.45815613,203792.5873910047
88,118.00773550211122,1.8325611782578877,155.93997643660484,2.4216170680109355,156.86979419823936,2.168550130050217,155.0330584071719,2.0921016356976145,64.05020025006793,18.735193001015762,0.9730048973665417,0.6323457329607078,259905.00000000003,1.0,42.122379288905265,25.40119719091259,1787.8594063779644,173.24850445580958,1766.9045903141684,167.50650376430153,8.702688828951532,4.592079523469555,156.06267743564257,2.163636453714289,4.478812839888839,2.6835900738022302,259905.00000000003,1.0,4.283638828503525,3.5659182695116143,59.67769662285234,6.7027766365671395,59.87287063423766,7.1232139069692275,1376630.7732322516,292228.93357880274,258117.14059362205,173.24850445580824,560608.5731319453,218967.4470755857,259845.32230337718,6.702776636564796,1013649.0084396189,259581.7221921599
89,117.82622688234065,2.0362817231335577,155.70012391302149,2.690821606743662,156.65672948673588,2.382911105277384,154.8123145785352,2.337116642283496,65.40285756688505,20.524410132384258,1.0362416816132567,0.6654502494171965,259905.00000000003,1.0,43.0708362650975,25.1942944221244,1809.1551859981387,182.56498025223698,1787.8594063779644,173.24850445580958,8.682637699599745,4.583265382756095,155.8604615652123,2.346466408873402,4.4549677048776575,2.6343255281432914,259905.00000000003,1.0,4.659843595531691,4.232989858125871,59.882572513506375,7.18410379413418,59.67769662285234,6.7027766365671395,1414842.4805999566,314502.84393135516,258095.84481400187,182.56498025223647,576571.993506158,203775.78980521442,259845.11742748652,7.184103794132715,1049679.7406198957,290922.2705717308
90,117.60050540129166,2.32516603364045,155.4018468030312,3.072564409686447,156.39598548141052,2.705003352875981,154.5231447079875,2.740491272063666,68.43649159620855,26.963630410145715,1.0880155816017996,0.6677993757987832,259905.00000000003,1.0,43.89248424026628,25.022801571879977,1832.6111777724793,198.9721584057456,1809.1551859981387,182.56498025223698,9.028910765219695,5.10144482938183,155.61815863058555,2.628542149433734,4.573775171514452,2.872029214518616,259905.00000000003,1.0,5.534348495064918,6.371484425914741,60.84314583705684,9.862929785499299,59.882572513506375,7.18410379413418,1465457.1139251015,389354.9976260859,258072.38882222754,198.97215840574552,592185.5204622512,190801.4744867901,259844.15685416295,9.862929785496432,1092266.668546728,350865.5054157248
91,117.33629897717951,2.6458474697170273,155.05271453329829,3.4963248922580683,156.08966733518676,3.085080989178221,154.1605929921854,3.2561645454546433,71.52722713213085,32.59360276333415,1.1112868839757115,0.6909796997938294,259905.00000000003,1.0,45.42295805906362,25.149280802351687,1857.6041599615708,220.98422452088363,1832.6111777724793,198.9721584057456,10.196875584835407,8.396599435880658,155.31913820650868,2.9920271516843715,4.7927849539582565,3.2322143260775977,259905.00000000003,1.0,6.706628686529224,8.363142031488103,62.756989569627805,14.729539428532425,60.84314583705684,9.862929785499299,1523610.4958492862,478114.9071461093,258047.39584003846,220.98422452088317,605626.1928902714,179603.24826294044,259842.2430104304,14.729539428530412,1134782.5495881145,405702.7457103548
92,117.01526633568442,2.9963428121470344,154.6284898122628,3.9594828658355605,155.7165922813724,3.515372535184346,153.73494014884054,3.7841145380382413,73.80521617398084,35.6516575283761,1.0850716860944023,0.6672280270915472,259905.00000000003,1.0,46.51206779372858,26.036210315462036,1883.8122366557286,244.5483889873535,1857.6041599615708,220.98422452088363,11.483620987745919,10.764649462591944,154.9520380222434,3.4547149998072357,5.303234561973006,4.392321439781582,259905.00000000003,1.0,8.049306677037174,10.39909960157529,65.50306168469197,20.474988105085036,62.756989569627805,14.729539428532425,1572367.0751678585,528499.0686008077,258021.1877633443,244.54838898735426,613122.4928663735,174939.01948823803,259839.49693831534,20.474988105081568,1173294.918649008,436219.46044891205
93,116.66388094043845,3.255146988830356,154.164155743629,4.301476546889516,155.30067365506366,3.8690117372560104,153.26465743711455,4.238378657689131,79.12218675301062,45.903769646242054,1.0591013576836479,0.6572326344724496,259905.00000000003,1.0,47.83850652199925,29.466306873278498,1914.0368155290564,269.91571074341886,1883.8122366557286,244.5483889873535,13.378738763243263,14.595294398477334,154.51535598686527,3.9098397057874665,6.1326295072505035,6.350837146160135,259905.00000000003,1.0,9.41886877534358,12.105778773424516,68.78930095278506,25.885728805941643,65.50306168469197,20.474988105085036,1610912.9811416864,583590.0275918187,257990.96318447098,269.91571074341806,608472.1970288011,167911.837562427,259836.21069904722,25.88572880594133,1193047.5526715463,449247.4254300405
94,116.29791447695824,3.4274638331534932,153.68055352068401,4.529182567952453,154.84489828294363,4.113923911040369,152.7613513622851,4.590736186897871,83.72888161109081,52.61289151727119,1.0308056858542043,0.6344557329598313,259905.00000000003,1.0,48.87645933265121,31.582836139600346,1947.8584321216417,296.75805968037247,1914.0368155290564,269.91571074341886,15.008879973747211,17.102272328198822,154.02950569967865,4.225044506808344,6.921334494748129,7.311674658434986,259905.00000000003,1.0,10.566420296385555,12.942826481837807,72.43438675442248,30.890736577354172,68.78930095278506,25.885728805941643,1657177.848696002,645202.4305444519,257957.14156787837,296.75805968037014,605269.6852420695,161672.88619348552,259832.5656132456,30.8907365773522,1225311.0511185436,478110.89678056235
95,115.93027944847597,3.548583050415269,153.1947464693028,4.689234152612572,154.3748409648021,4.285114844379506,152.261170402735,4.821426942315469,86.6256157420626,54.60773059136925,1.0076391491484367,0.6250267634497705,259905.00000000003,1.0,49.19413963278778,32.121273678421886,1984.2822690817682,321.2234858150798,1947.8584321216417,296.75805968037247,16.449860803078046,18.49121105209051,153.52652924559146,4.447647715514703,7.626503948364468,7.86252318528577,259905.00000000003,1.0,11.036879704971177,13.215344470997124,75.84476251102919,35.090698213566135,72.43438675442248,30.890736577354172,1684848.7843490567,660032.4418211355,257920.71773091826,321.2234858150758,601105.3315956604,156302.95853917848,259829.155237489,35.090698213565,1245370.9944533831,482208.9650985133
96,115.54090810442821,3.653057347684648,152.6802161257683,4.82729074010729,153.8709518423701,4.453525043682684,151.69411070944903,5.1312451906488095,89.489213850854,55.908761038345986,1.0052637492738845,0.6244582685127066,259905.00000000003,1.0,50.15449914159663,34.20158233575685,2022.6117200417516,339.8545967710485,1984.2822690817682,321.2234858150798,18.971875157352425,22.926169850685966,153.01832227859552,4.647863798023301,8.448413800721596,8.5037654292904,259905.00000000003,1.0,11.65825382331587,13.553215375151142,79.05460253362347,38.702922794880074,75.84476251102919,35.090698213566135,1736077.8985715397,708953.5851793413,257882.38827995828,339.85459677104495,599793.1253483269,153785.05968337125,259825.9453974664,38.70292279487865,1289231.2004793864,513046.585417204
97,115.1756056627623,3.697319106219743,152.19749138782473,4.885780237565876,153.39166467542438,4.539659322452628,151.13618572214847,5.3759216156153355,91.07947749891284,56.298544487506746,0.9982672851762873,0.6242686695122686,259905.00000000003,1.0,52.48370296487056,38.49554530866066,2060.2092272906175,351.5345323976237,2022.6117200417516,339.8545967710485,21.32566764105191,26.127540869436416,152.50682358688806,4.817831506933894,8.964085611094912,8.749862419751558,259905.00000000003,1.0,12.694457321641835,14.450618350541824,82.78497424417039,43.214095932464424,79.05460253362347,38.702922794880074,1782162.9980452566,740856.6295533823,257844.7907727094,351.5345323976188,607400.0538020299,169095.1887517331,259822.21502575587,43.214095932465646,1322501.2364232996,524063.14236061496
98,114.8513353295301,3.7143001890727834,151.76898792139826,4.9082199363671455,152.94987922645166,4.584167235189606,150.62397476306546,5.526807123704369,90.00528495615332,56.510714640220975,0.9890225822107664,0.6275205721066934,259905.00000000003,1.0,54.966497629488046,40.508757568073015,2094.258992035072,357.7218527352398,2060.2092272906175,351.5345323976237,23.578726798543965,28.28766578690453,152.0283391968509,4.910120019036973,9.43075618420665,9.17509932041326,259905.00000000003,1.0,14.027998233023597,15.67312547585034,87.38221629298732,48.731316585061016,82.78497424417039,43.214095932464424,1812035.4109769755,746697.4470803468,257810.74100796494,357.7218527352361,618525.6817977385,181094.44669658772,259817.61778370704,48.73131658506115,1340126.4296162506,524106.4347275823
99,114.5701789751419,3.688928853472997,151.39745702242598,4.874693756102652,152.56445280579152,4.5838149052526305,150.16352947104636,5.606607978926506,88.54202868371526,57.231667989267066,0.9910124504665692,0.6261467577230899,259905.00000000003,1.0,59.35278021065339,46.04343827613382,2122.457228057667,356.31964612923514,2094.258992035072,357.7218527352398,25.865159679602563,29.937135324189523,151.61638270718194,4.958207195870494,9.949727143291062,9.53981191956443,259905.00000000003,1.0,16.29256849431536,18.98267144501174,93.72505764401163,57.55406449092496,87.38221629298732,48.731316585061016,1835830.5776828455,743877.024690564,257782.54277194236,356.31964612923264,633523.696261475,196770.8735592749,259811.27494235602,57.55406449092243,1342438.98321226,522881.342308826
100,114.33745811719902,3.6159848272302155,151.08993065694074,4.778303334119141,152.240770353932,4.522627059350068,149.7640885758289,5.596669583810117,87.39270201941798,57.91982735949787,0.9926416168021686,0.6247353548327028,259905.00000000003,1.0,63.79999810461671,50.30951595057142,2145.0572903556663,350.0551798990868,2122.457228057667,356.31964612923514,27.614501847162657,31.039788580866965,151.2583993269515,4.936243453325615,10.880794398316231,10.598740674532108,259905.00000000003,1.0,18.528350567485468,21.00361227865745,101.37261381318088,67.41172852270398,93.72505764401163,57.55406449092496,1856945.7852891264,739668.9214752106,257759.94270964435,350.0551798990846,645907.6798099423,208042.6943352813,259803.62738618685,67.4117285227029,1342797.1688658907,522629.91397463914
101,114.1487595440783,3.5249124513378454,150.84057682385742,4.65795709033552,151.97643079476165,4.43646120579415,149.44272571751407,5.512816601147489,86.19203772968254,58.841688016409016,1.000017773613737,0.6170174859595495,259905.00000000003,1.0,67.26905960797757,51.69184932622125,2162.9802507037575,341.6392523550273,2145.0572903556663,350.0551798990868,28.689444968020247,31.145681964419307,150.95416418213432,4.85806956382532,11.910386158001968,11.605271645357124,259905.00000000003,1.0,20.364102490865715,21.868563191913587,109.82633014604463,76.7680403324598,101.37261381318088,67.41172852270398,1860578.015024636,737154.4464460757,257742.01974929628,341.6392523550256,657394.7545514528,212131.73108825568,259795.17366985398,76.76804033245982,1330964.7303694566,536142.5549652075
102,113.97689477456457,3.415267633181124,150.61346766925212,4.513068263261873,151.74661115622848,4.326812548895841,149.1528718210755,5.386169911764617,86.70024101047312,58.50756676653681,1.0130898253269178,0.5989915100625047,259905.00000000003,1.0,69.99690355000448,52.08817925104726,2178.6704983388995,331.96459577816046,2162.9802507037575,341.6392523550273,29.909340022457517,31.143468192382503,150.69745085321972,4.745568212305923,13.425976438790581,13.393503194728254,259905.00000000003,1.0,21.71300668645979,21.895970664649894,118.11336039371383,83.53837634655022,109.82633014604463,76.7680403324598,1858078.2855758974,739252.0190408233,257726.32950166112,331.9645957781601,658487.2114289736,212544.21598589097,259786.8866396063,83.53837634654911,1315497.1830930675,553557.151307152
103,113.80949823009087,3.2901774406325095,150.39226322774812,4.347769569509483,151.53802107302275,4.191027876128758,148.8890875364537,5.225580677048891,87.40150553933462,57.901939153998704,1.0046747343168327,0.6070982268782221,259905.00000000003,1.0,72.09585300905563,51.85970556743395,2192.9714761348614,320.93820728129094,2178.6704983388995,331.96459577816046,30.813357319336713,30.92911063633436,150.44997806673513,4.5999107690890035,14.65737638572456,13.943549737057122,259905.00000000003,1.0,22.72616421727825,21.60119549286758,126.18214822526751,88.51420453574487,118.11336039371383,83.53837634655022,1855963.7533202202,741342.616389988,257712.02852386516,320.93820728129003,657941.7254369721,212363.7796698494,259778.81785177474,88.51420453574521,1306618.9002158288,564443.8648775888
104,113.62730131823857,3.1578664250663047,150.15150085072574,4.17292875951482,151.32368288670764,4.047266758177297,148.60791675270943,5.046120137413128,88.74367539621596,56.75702576775741,0.9847097669941681,0.6251277139912614,259905.00000000003,1.0,73.48610020703946,51.15705748448211,2207.2443415570438,308.5114922738848,2192.9714761348614,320.93820728129094,32.16754310942944,30.761152112540927,150.20858481092117,4.44401367670907,15.841234475908436,14.266050996234062,259905.00000000003,1.0,23.772147202569837,21.368036940698197,134.11306095192893,92.40848966378977,126.18214822526751,88.51420453574487,1865478.2433154513,731695.6620123977,257697.75565844297,308.5114922738848,662189.9470915117,212161.5238420551,259770.8869390481,92.40848966379058,1312223.707981856,558512.484213036
105,113.42766467980628,3.0173142752256994,149.8876928251357,3.9871975550272802,151.08326739999785,3.888041003544135,148.29894050539184,4.850905805417869,89.68104234605562,55.905138872798254,0.9683638342629056,0.641218054287317,259905.00000000003,1.0,75.12277958851335,50.14560788406299,2220.8342404803234,295.30985601232544,2207.2443415570438,308.5114922738848,33.9976731166228,30.568307424006505,149.9226168581248,4.277177711887485,16.62917357255295,14.149885151946654,259905.00000000003,1.0,24.685530605348696,21.026534291685856,142.16941798472467,95.71357786280464,134.11306095192893,92.40848966378977,1875657.693911439,720830.3392273035,257684.1657595197,295.3098560123258,666642.4211699382,212312.96036380334,259762.8305820153,95.71357786280436,1318272.5126419815,552122.1612716009
106,113.21146315997254,2.8632024993531355,149.60199546422336,3.783547982737518,150.83106041637444,3.7095448392671377,147.97675786081993,4.638114431300725,90.39970888336322,55.33481378402649,0.9323468520485734,0.6646205135428204,259905.00000000003,1.0,76.52275626776289,49.02752427654484,2233.7788462438753,281.97252882274864,2220.8342404803234,295.30985601232544,35.812139811900586,30.174396124274935,149.6444317018375,4.094461574549437,17.318757745992006,13.936310964735839,259905.00000000003,1.0,25.463111082109283,20.590702216266724,150.31377132084194,98.33873791018401,142.16941798472467,95.71357786280464,1888564.889465279,705812.9549319914,257671.22115375614,281.9725288227482,671880.0743289177,210251.72960306812,259754.68622867917,98.33873791018392,1324372.4401309341,545370.1201805195
107,113.00967839690233,2.7121358922848477,149.3353488820328,3.5839223905269053,150.57397876704138,3.5240379559678505,147.66639679707805,4.433077679353794,89.21382870781511,56.11852250101313,1.2182987400092515,1.6930901013521413,259905.00000000003,1.0,78.15719980655864,47.85047620391935,2243.6171764051223,271.1734064105901,2233.7788462438753,281.97252882274864,37.15659404432066,29.49413393514844,149.33916279232852,3.8950535600065663,17.684981684785313,13.682055783683984,259905.00000000003,1.0,26.30354507688474,20.14306746095639,158.93233471294135,100.93491083979596,150.31377132084194,98.33873791018401,1892350.5804787315,702248.8180334029,257661.3828235949,271.1734064105896,683062.9803268834,204506.7478420536,259746.0676652871,100.93491083979613,1321984.553564001,547435.4183354201
108,112.82693079068889,2.571669049911948,149.0938585491286,3.398303514241144,150.32724426529603,3.3472573634840823,147.37477788745784,4.236649342754216,87.75585994951346,57.07937008907876,1.5072432642591218,2.33753235283249,259905.00000000003,1.0,79.79629701868974,46.661093077516824,2250.069496071687,263.6674882571024,2243.6171764051223,271.1734064105901,38.41840271275307,28.770543769249787,149.0426495236321,3.7054205485320337,18.0115155444964,13.417037011037394,259905.00000000003,1.0,26.97107984992566,19.655399095657774,167.81542869135666,103.13973664719119,158.93233471294135,100.93491083979596,1886645.5631249934,707267.3937835811,257654.93050392834,263.66748825710107,695629.7812747406,193036.43488072543,259737.18457130867,103.13973664719103,1312238.1095523746,554583.5840088268
109,112.68317566956802,2.4341056763157387,148.90389435363116,3.2165212555218523,150.12293238808655,3.178218685778079,147.13470842224882,4.042643729782224,85.90950143685137,58.44866358240912,1.7855626783489726,2.739858090573025,259905.00000000003,1.0,81.40270107303772,45.55451147869207,2252.7907337571514,260.2829190881685,2250.069496071687,263.6674882571024,39.207410168863795,28.064644608695435,148.78626520686976,3.5101334335537744,18.324769863487262,13.155826894734973,259905.00000000003,1.0,27.437473239693045,19.220700816570016,176.7890531321242,104.64507162121308,167.81542869135666,103.13973664719119,1881504.4756462676,711737.3257897939,257652.20926624286,260.2829190881663,707514.0174061694,181049.2941837734,259728.2109468679,104.64507162121136,1294249.280601385,570972.5553251083
110,112.56049440729407,2.291362465265308,148.7417780051008,3.027894009566022,149.95384854674157,3.0061879759805366,146.92904352292962,3.8404678081893784,84.61406828298375,59.47292914011125,2.013431341842979,2.9353203383436153,259905.00000000003,1.0,82.12467124623399,44.985491957260024,2253.266699452058,259.66188658302855,2252.7907337571514,260.2829190881685,39.63141028529157,27.636514637958527,148.5994356921282,3.320671121900186,19.01391222301787,12.835154578310322,259905.00000000003,1.0,27.96027825435735,18.727944781060508,185.5450806349011,105.05980358647672,176.7890531321242,104.64507162121308,1875921.3094819256,717025.9507856304,257651.73330054796,259.6618865830266,713240.2253639734,174186.14233618372,259719.45491936512,105.05980358647525,1279102.614960749,584451.6825080421
111,112.45278048187797,2.173211148722572,148.59944039117403,2.8717637402478857,149.805311103645,2.8386915755698023,146.74325082166632,3.651873552723186,83.5961996245698,60.06000597447625,2.207027389600324,3.0204524828797314,259905.00000000003,1.0,82.50404022788598,44.65394989562965,2252.1518314591417,261.09975950393607,2253.266699452058,259.66188658302855,40.17145993770398,27.126775594926706,148.423294046965,3.1328505748845763,19.84587877642618,12.52620964428906,259905.00000000003,1.0,28.423577990049512,18.246643331059882,193.89047351468065,104.26539304991982,185.5450806349011,105.05980358647672,1864966.8419730808,725497.7772613124,257652.8481685409,261.0997595039328,724112.0603709517,165254.70130450252,259711.10952648535,104.26539304991901,1266303.6669437091,590229.0429532211
112,112.3552407195904,2.0672752769628713,148.47054733713992,2.7317755558952945,149.67661678277474,2.695295290387984,146.58103332110574,3.4749412862799183,83.27426440352725,60.27867088308866,2.278162872885459,3.0011679913629226,259905.00000000003,1.0,83.05346000383682,44.13111782710645,2250.094472985947,263.71550299462984,2252.1518314591417,261.09975950393607,40.580431683985545,26.730097312986125,148.2729899740099,2.975227150928184,20.643276038278238,12.1593455683166,259905.00000000003,1.0,28.676748501896306,17.93886273981233,201.65727931163204,102.26817065166836,193.89047351468065,104.26539304991982,1867760.1798656993,723335.3700184219,257654.90552701408,263.7155029946266,738306.7859921277,154826.5529982204,259703.34272068838,102.26817065166723,1262111.86979272,592286.1727454654
113,112.26698660580622,1.9721171640860724,148.35392467054388,2.6060295242593137,149.56845270321597,2.58076506082879,146.43284283840143,3.309237190995429,82.9077701659123,60.504649649119685,2.318821267456004,2.9774085280997467,259905.00000000003,1.0,83.47832371249874,43.62493365730935,2247.2050981719044,267.1643933559894,2250.094472985947,263.71550299462984,40.88570076597774,26.390479909524107,148.15894568658328,2.8476785166947227,21.46016431240481,11.731879735294525,259905.00000000003,1.0,28.873477537779735,17.675177310870033,208.80392587034032,99.15323969058772,201.65727931163204,102.26817065166836,1877395.6402667868,713995.1758965187,257657.7949018281,267.1643933559854,751494.1057026343,138495.54971313046,259696.1960741297,99.15323969058714,1264638.4825174399,590546.595646633
114,112.1869157494367,1.8756776034120985,148.24811573175725,2.4785901444728444,149.46654791564902,2.4674609794256033,146.29690429085176,3.142938104187441,82.38008366410575,60.85626824927872,2.2998084513706565,2.9869549325065794,259905.00000000003,1.0,83.9788639368018,43.002107915443254,2243.306509447838,271.53387259687497,2247.2050981719044,267.1643933559894,41.280550983043256,25.954987395692225,148.0605224700848,2.735246301847002,22.04150994370988,11.210563119386014,259905.00000000003,1.0,28.955647862745185,17.555459251074748,215.35580921394148,95.07620067953259,208.80392587034032,99.15323969058772,1879418.2957110745,712175.7971305714,257661.6934905522,271.53387259687105,764200.067414791,123763.47702550191,259689.6441907861,95.07620067953276,1260670.432410525,592928.6490196303
115,112.11030281472596,1.778898146360789,148.1468762575759,2.3507016138926913,149.3571878579361,2.3317312516401034,146.16495447116716,2.962060681346699,81.69105216634473,61.320274569903695,2.284242074138967,2.9954952136954884,259905.00000000003,1.0,83.95030566805839,43.035001334794565,2238.763013871985,276.37385045911674,2243.306509447838,271.53387259687497,41.761819303811684,25.39305018861294,147.95351755314408,2.592243264285143,22.49909915166151,10.65154423797686,259905.00000000003,1.0,29.044665007986016,17.424091780125888,221.46085973430152,90.22058848085615,215.35580921394148,95.07620067953259,1875326.7500519583,715587.0971527518,257666.23698612803,276.3738504591118,768907.2692628634,122409.57213241255,259683.53914026573,90.22058848085743,1250866.2328414144,598664.9060692472
116,112.06678602452187,1.7160469182885818,148.089371349422,2.267647250580896,149.25782036892036,2.186886601134805,146.071484355043,2.816514628092768,80.16049235367578,62.2168916509114,2.2714974023853696,3.002968782676533,259905.00000000003,1.0,85.31537627203339,41.97616560198579,2231.336632551242,284.1454164553731,2238.763013871985,276.37385045911674,41.9527847762366,25.136647420285094,147.8643741683907,2.457393681803963,22.721988243247452,10.292957013325601,259905.00000000003,1.0,28.86351972278191,17.658231307353628,227.09780138646607,85.07434970342747,221.46085973430152,90.22058848085615,1868138.7173136193,719894.2155700765,257673.66336744878,284.1454164553664,781389.2399936275,131894.58386105244,259677.90219861356,85.0743497034295,1231618.2033126312,606816.088908039
117,112.03323775718042,1.6725026778131467,148.0450392110478,2.2101059258851765,149.19833162994482,2.094892765942556,145.99946463618565,2.7069796729120155,80.30548525920806,62.21337650237373,2.2122783362377954,3.0304566978456218,259905.00000000003,1.0,86.10423676930192,41.208523992245276,2223.3256027049106,291.18882158850903,2231.336632551242,284.1454164553731,42.240431327976665,24.74376563962634,147.80243451432833,2.359866967316854,22.73097935861261,10.280059155618938,259905.00000000003,1.0,28.719717646717527,17.834389699724674,232.5294900905996,79.30727537525215,227.09780138646607,85.07434970342747,1859873.2832044177,719816.6064030158,257681.6743972951,291.1888215885037,796835.6784168587,147425.62580670824,259672.4705099094,79.30727537525392,1218043.9357730506,601745.3895345504
118,112.02822121688365,1.6663322859081908,148.03841015570262,2.2019521185492916,149.1679763673755,2.0522387159043616,145.95934520355155,2.6481825462691337,79.97879650112057,62.239087654122905,2.125558702107234,3.0560475370080615,259905.00000000003,1.0,87.08421265339102,40.513444603914905,2214.0946278505326,298.32718936202457,2223.3256027049106,291.18882158850903,42.55394190144049,24.312662931670186,147.74919678912775,2.283894342222547,22.747997818006283,10.254309213475418,259905.00000000003,1.0,28.53507092854994,18.012029449785793,237.71656320114326,73.25236846135238,232.5294900905996,79.30727537525215,1840714.9391673652,718545.6956608883,257690.9053721495,298.3271893620193,811213.8807525191,156173.61525337995,259667.28343679887,73.2523684613517,1189932.4576532322,589220.97038875
119,112.06922122972317,1.7081085280176915,148.0925890593418,2.2571568520781073,149.18537055507588,2.073507241921746,145.975282801703,2.6699279632268205,78.3990494607646,62.04893370339816,2.049507019579428,3.080324213317276,259905.00000000003,1.0,88.18757543558195,39.957522001136255,2202.256594856136,306.1299191372342,2214.0946278505326,298.32718936202457,42.69348969910776,24.132744912318763,147.736539368766,2.266486986840382,22.766438493789188,10.22998229151872,259905.00000000003,1.0,28.3431339928395,18.171379746734317,242.69325870019358,66.86404978049302,237.71656320114326,73.25236846135238,1821893.8492178833,717834.5633564622,257702.74340514388,306.1299191372289,828887.9522982151,162895.69155487698,259662.30674129984,66.86404978049194,1158727.2888671102,580324.5002396733
120,112.17949197915901,1.7838531833113211,148.23830495518638,2.3572490711731526,149.28058917819226,2.156077448177594,146.08364705647617,2.7730194306484393,74.76113402049077,60.20223136579069,1.9872411682705902,3.102917063429274,259905.00000000003,1.0,89.4287115429065,39.327558781747975,2185.60177616545,314.0220434345628,2202.256594856136,306.1299191372342,42.40032861339119,24.455929787944115,147.79105738854435,2.324456820562299,22.690554038963032,10.323522013251285,259905.00000000003,1.0,27.625090996240672,18.495763683500122,247.02779565747122,61.11128471058481,242.69325870019358,66.86404978049302,1780108.0478217755,701098.260428721,257719.39822383458,314.0220434345585,843290.8680975619,166519.58779826201,259657.97220434254,61.111284710583114,1110448.7421302125,555019.0954591503
121,112.33583244329138,1.844169402562393,148.44489907100973,2.4369538799165418,149.439029731394,2.2448968307873027,146.27927314536055,2.882797923722323,70.86298985043537,57.63604098505001,1.9171446191839718,3.1238961101247877,259905.00000000003,1.0,89.41122567495842,39.33678592394423,2165.1363957217427,319.6071159895563,2185.60177616545,314.0220434345628,41.2516789721563,25.104110442146577,147.92875505111653,2.437331477811219,22.67720971356132,10.336969891823307,259905.00000000003,1.0,26.739251061327394,18.725494124470895,250.4898370052373,56.47592770770145,247.02779565747122,61.11128471058481,1724129.8461771933,665940.014478931,257739.86360427827,319.6071159895528,852821.117616612,163306.52886468006,259654.5101629948,56.475927707699746,1054965.4498734034,522202.09610903426
122,112.55329765992713,1.8684522839035564,148.7322660002062,2.4690432394641117,149.6608213109564,2.285861537880992,146.55288081816315,2.982251879483092,66.45674465551313,56.327094981520936,2.064996166881083,3.1977588634561247,259905.00000000003,1.0,88.74582265458204,39.626347456097356,2140.782321555793,323.690534988693,2165.1363957217427,319.6071159895563,39.978766185664774,25.752643569527883,148.15795609393527,2.5417600700658403,22.358323315934417,10.533626463196029,259905.00000000003,1.0,25.625592721008726,18.8247974619117,253.1571064103116,52.89905216819564,250.4898370052373,56.47592770770145,1668024.553282648,644282.6319720808,257764.21767844423,323.6905349886897,861348.5779444745,157029.09287988368,259651.8428935897,52.899052168192334,995545.4670250309,505743.9961426344
123,112.80197391398409,1.9221810911947512,149.06087648147076,2.5400439929194465,149.93448032403933,2.3520775602449002,146.88028029248593,3.0821657202575303,59.2583322242288,47.52298217958958,2.1905539155781857,3.2254423930811056,259905.00000000003,1.0,86.81169231056077,38.62131517104886,2111.0384075538827,324.74196980831505,2140.782321555793,323.690534988693,38.00290217250374,25.9892608687357,148.45427321861874,2.6145537457266985,21.667640137467593,10.66526648063917,259905.00000000003,1.0,24.499451995971484,18.770402355425254,255.37935947793875,49.87481560138818,253.1571064103116,52.89905216819564,1614293.5542087078,600437.0581346019,257793.96159244614,324.74196980831084,872581.3660201039,163765.14103456866,259649.62064052207,49.8748156013851,948494.4262499503,497599.0402551536
124,113.07050669477626,2.001799313564223,149.41572603335695,2.645255533639949,150.24181359341372,2.4428728550377214,147.24897187059244,3.1965630391206084,52.4654573240794,37.221005052981425,2.281267289262273,3.2326455693262877,259905.00000000003,1.0,85.37931638908059,37.9824195258406,2075.843281199619,320.8759208806253,2111.0384075538827,324.74196980831505,36.062183965341944,26.291566260325027,148.78845325885155,2.721470356841044,21.086555479515678,10.87131376206093,259905.00000000003,1.0,23.58546957444327,18.856607747087367,257.26088870593657,47.26480731593765,255.37935947793875,49.87481560138818,1568157.615547378,529863.0728890705,257829.1567188004,320.87592088062286,894691.8182551468,203295.7888574314,259647.7391112941,47.264807315933325,890448.0877915982,459457.5554181147
125,113.35911935282626,2.0898165375199484,149.79710997046269,2.7615660004344496,150.5835269044934,2.5551302851730484,147.64042578745733,3.3617342825660614,47.60241603342167,31.136693680955812,2.35553711801289,3.225868045891724,259905.00000000003,1.0,84.27206090567314,37.84487726105924,2036.8180992093548,311.77029590410507,2075.843281199619,320.8759208806253,34.38955826204823,26.70872842304565,149.15742157082286,2.850230932041541,20.538840412601978,11.151633474301825,259905.00000000003,1.0,23.011453021942604,19.067255059021065,259.1097089992069,44.51908793987748,257.26088870593657,47.26480731593765,1553282.6726913592,510928.5280769156,257868.18190079066,311.77029590410524,928756.5752521211,255267.7068879488,259645.8902910008,44.51908793987345,849479.1198431636,445733.0192412188
126,113.68225600013587,2.1352987364025893,150.22411540195355,2.821669015125917,150.97552694887813,2.5950339879427426,148.11819505147463,3.3809005086552113,42.95109065285897,24.131065998314515,2.404259494375388,3.217518323068545,259905.00000000003,1.0,82.03654976043657,36.801960824403736,1995.3283806074019,298.364939302949,2036.8180992093548,311.77029590410507,31.500779238716706,25.037824770467587,149.5616820032054,2.9400406375468084,19.875608704399855,11.372053850213618,259905.00000000003,1.0,22.309354479281897,19.275193347646045,260.91441648235843,41.605408340144045,259.1097089992069,44.51908793987748,1521525.3593291692,434706.3447769402,257909.6716193926,298.3649393029497,964331.5412258897,314138.4819296166,259644.08558351768,41.60540834014007,790041.2228283952,361641.72391111316
127,114.00530504603884,2.2046348297703924,150.65100497465366,2.9132930422875942,151.37123070904633,2.6609255399352563,148.6218605443998,3.381529530367027,39.14152340070688,18.75716317177666,2.392937931099657,3.2235378946491107,259905.00000000003,1.0,79.47237350160611,34.43244850213841,1952.6045925754029,284.0432218043403,1995.3283806074019,298.364939302949,28.686731621997705,23.17850455823237,149.998625918287,2.992434627256833,19.395798830243557,11.648545120671406,259905.00000000003,1.0,21.20958523782862,19.2050913375619,262.09486955661015,39.83479224441835,260.91441648235843,41.605408340144045,1491586.0899318953,358154.20698199596,257952.3954074246,284.0432218043434,992118.9267191861,354578.0511779919,259642.90513044343,39.834792244416846,737653.9850883048,291765.7024221308
128,114.31780674605174,2.2750382163663274,151.06395683241425,3.0063269948300886,151.7651874197887,2.7276109442856393,149.115030549575,3.407635510466296,37.361204400657456,18.88399539472348,2.3871851017189094,3.226922373458691,259905.00000000003,1.0,77.87189793232373,33.4939872727279,1909.7067139420178,271.96750955474147,1952.6045925754029,284.0432218043403,26.063335886670462,21.383397627764932,150.4323895203494,3.0627436320981043,18.768304366703987,11.891348847958227,259905.00000000003,1.0,19.890466488244343,18.746643684501283,262.5836983448172,39.2254757736529,262.09486955661015,39.83479224441835,1474537.4183850118,324736.3109838195,257995.293286058,271.96750955474255,1016416.1356661691,376752.00693328044,259642.4163016552,39.225475773651475,698911.6224171445,247546.35954401304
129,114.61310875563804,2.377517162245395,151.45418042212648,3.1417466071132334,152.1433755811239,2.8260042539907673,149.5913116980764,3.457229768734375,36.27813422790181,19.630328558970845,2.3799492578029593,3.2313049021539917,259905.00000000003,1.0,74.05931420034341,28.034375884635406,1869.5455847117732,268.56612044181855,1909.7067139420178,271.96750955474147,23.506782206823083,19.27768159558625,150.8509693573465,3.1633481250803706,18.09908887240531,12.158495743608087,259905.00000000003,1.0,17.647807396680935,15.908219744613815,261.4990835357595,39.82608890101445,262.5836983448172,39.2254757736529,1456898.9278339054,303524.82628482615,258035.45441528823,268.5661204418215,1026228.8924896158,381245.29937906686,259643.50091646425,39.82608890101337,675415.6976128761,240747.94430223102
130,114.88177305848674,2.530655031654028,151.80920392365456,3.344108456461719,152.49206178995925,2.9863628093585306,150.0328895971581,3.5765317663809277,35.3756919047548,20.191122145808738,2.3835838407412444,3.229169284902262,259905.00000000003,1.0,70.42725610557359,20.94025802745358,1832.1104366702132,273.4578206656016,1869.5455847117732,268.56612044181855,21.204251979147237,17.371645461495124,151.24228426409132,3.3114167472689817,17.047537621503043,11.968679404817077,259905.00000000003,1.0,15.589295413998165,12.805122946659784,259.4075079949213,39.9188428438994,261.4990835357595,39.82608890101445,1440372.6020270388,284710.03743201395,258072.8895633298,273.4578206656048,1033337.2731053388,382793.04469479923,259645.5924920051,39.918842843898204,653706.4987077669,240460.90830863963
131,115.1002746258213,2.6497646346436956,152.09794045122993,3.5015040763521807,152.81736142726882,3.1806017612664155,150.39880543578656,3.7275431943349675,35.571470764134915,20.119933189419154,2.384033759982709,3.2288956961259574,259905.00000000003,1.0,67.75812831610949,16.83432948084665,1797.539745358256,282.1480998904954,1832.1104366702132,273.4578206656016,19.756285225034315,16.931733577702257,151.60902296410444,3.5153234045963,16.04059421935283,11.463424479864559,259905.00000000003,1.0,13.926365680869766,10.263050117575022,256.6599461231049,39.179660228595665,259.4075079949213,39.9188428438994,1438988.9442568107,284917.74437506346,258107.46025464177,282.1480998905001,1034871.9705376478,382316.4738498276,259648.34005387692,39.17966022859382,650237.2406576683,242378.9363559046
132,115.2965400232317,2.752770921274053,152.35729342895493,3.637620445214779,153.105386834569,3.3444483655047446,150.70903979971104,3.842123712297754,34.71788622685174,19.728570570869934,2.3773691574100737,3.2333520558925155,259905.00000000003,1.0,65.38413563531417,14.53965462723899,1764.4961267923834,290.65136030714314,1797.539745358256,282.1480998904954,18.33504192714594,16.29644467946604,151.9121304803963,3.6719732308786,14.629031451813825,9.643939300055818,259905.00000000003,1.0,12.77279258986364,8.88595267503629,254.17037392782134,38.59571450670534,256.6599461231049,39.179660228595665,1440670.8223739224,283745.5409774372,258140.50387320764,290.6513603071482,1037490.0390893397,380576.3491984748,259650.8296260722,38.59571450670447,651295.0211322556,241761.1357112697
133,115.48353904873315,2.837146042463686,152.60440155151318,3.749117069023582,153.35987352934782,3.4816032660239897,150.97165553086455,3.9319758069674173,33.934982512058035,19.60880691759783,2.515294505478003,3.2308632981462537,259905.00000000003,1.0,63.13964516307856,14.677532474779989,1732.7761696358848,298.1648184863574,1764.4961267923834,290.65136030714314,17.276724079213132,16.084994932672384,152.19934585617375,3.8127162686084897,13.537530582956286,8.662113758550678,259905.00000000003,1.0,11.919112495804873,8.252243445822469,251.90906371645985,38.138295111937055,254.1608151369446,38.602739021225894,1435638.07707829,290918.3498639301,258172.22383036412,298.1648184863615,1036094.9815347702,381862.5348168302,259653.09093628358,38.138295111934966,649087.6225822895,243343.02884054207
134,115.6909302722435,2.894958849619989,152.87845668529408,3.825513171115409,153.63041093624273,3.5962257331962455,151.25439540953244,3.993076187646713,32.68114352502141,19.016727371902874,2.6317347122162134,3.2058041304178597,259905.00000000003,1.0,61.808339605778656,15.934020869448862,1701.0172388429114,302.97017209051296,1732.7761696358848,298.1648184863574,15.823348886862739,15.145816084644666,152.48838336262554,3.9303489359490653,12.502930851181823,7.584043621556279,259905.00000000003,1.0,10.922721125689227,7.192062537349757,249.67813579070415,37.66382590262852,251.89167884953008,38.1502062585389,1422278.541675662,306996.1760472256,258203.9827611571,302.9701720905153,1034147.5057981719,383706.26532744226,259655.3218642093,37.66382590262503,633576.817284398,246935.737199389
135,115.91044461353503,2.904848146092879,153.16853185763577,3.8385813928233854,153.93194422371707,3.6716965412465643,151.57020330281856,4.006627084441805,31.64800016723351,18.66940814802139,2.7235514077215326,3.170903276451963,259905.00000000003,1.0,60.164198347295496,17.66067392972755,1669.7774892551279,305.05524950984835,1701.0172388429114,302.97017209051296,14.0506874573795,13.08203140554304,152.83022314052633,3.9931508325489453,11.881471634458746,7.191104926721694,259905.00000000003,1.0,10.019282216596904,6.328605207483018,247.15882072343865,36.959728994061514,249.65434347463383,37.679155539785235,1404761.547199469,329893.1062147332,258235.2225107449,305.05524950985097,1028798.3340882899,389055.8319518562,259657.84117927658,36.95972899405754,616063.6793724174,250479.7941361694
136,116.1514847666687,2.877870277115155,153.48705197158907,3.80293218877139,154.2314413320026,3.687169139098156,151.90100038015441,3.96892146099032,30.220333439043074,18.204543938029648,2.811799833500492,3.1290553012044504,259905.00000000003,1.0,58.65494701434118,19.62918463927998,1638.5310758463293,303.87252760500377,1669.7774892551279,305.05524950984835,12.337108316623107,10.554542068437195,153.16096217074963,4.013142355935272,11.357955054034624,6.911468746456173,259905.00000000003,1.0,9.426953489592144,5.625805810342818,244.56544753393237,35.938397647376526,247.12978243170818,36.97756319644403,1383200.8713299527,358654.83708641806,258266.46892415368,303.8725276050064,1023883.326979678,394669.11369367194,259660.4345524661,35.93839764737338,597287.2615799078,255292.88120575307
137,116.37722260920212,2.814110331041082,153.7853509465333,3.7186774029997163,154.53504141026716,3.6477670635544674,152.2380272552046,3.8844438995423602,29.66010537887639,18.26573594988121,2.5686114346638313,2.8668034598235193,259905.00000000003,1.0,56.73426497585888,21.407932722141087,1608.888304814683,301.39421287236956,1638.5310758463293,303.87252760500377,11.631198867067226,9.10707524952061,153.5205755852431,3.9654596210271467,11.135273237486448,6.9400477549572415,259905.00000000003,1.0,8.879591348431896,4.427227401533149,241.64309897821113,33.68258112041895,244.53211420059904,35.957507959542426,1362109.8440483895,381214.89654104726,258296.11169518533,301.3942128723729,1014662.346784059,404583.56579356955,259663.35690102182,33.68258112041686,580522.7603517674,255960.90941418253
138,116.58910141337708,2.7218661281952246,154.06533601178555,3.5967821576899364,154.83420016667876,3.5559937568060107,152.5615324040061,3.7459949185087833,29.813638198991594,18.292882545720158,2.2402880470403166,2.525055242748356,259905.00000000003,1.0,54.89444515925617,22.533716507638886,1581.567209807378,297.8221632251424,1608.888304814683,301.39421287236956,10.834833704322758,7.3682572612465975,153.87114116230794,3.8405078151108722,11.095794137816233,6.9376456034742136,259905.00000000003,1.0,8.43793758422327,3.5940388966031462,238.3950460849655,30.28262923693427,241.6097656448778,33.69998045776135,1352027.329528253,389435.02078089974,258323.43279019263,297.822163225148,1009587.8332747825,409558.43423211266,259666.60495391506,30.282629236932518,572718.9833391659,253215.16768582506
139,116.77308595326649,2.6504903923603393,154.30846043582608,3.5024631435136473,155.09653916396746,3.4584647611127655,152.84808860837867,3.623801811071738,30.290640725291745,18.152867072053308,1.9332444291312187,2.162353185970502,259905.00000000003,1.0,52.89439072061048,23.425323664565255,1557.030215382928,294.40001597859623,1581.567209807378,297.8221632251424,10.413823886616417,6.807127200899378,154.1821061413448,3.700848259247572,11.165993893008885,6.9593772664200735,259905.00000000003,1.0,8.142860137938262,3.239312091301945,234.84432459866642,25.84945013670553,238.36171275163215,30.29828446915286,1339440.8393771606,400117.5178829428,258347.9697846171,294.40001597860186,1003413.4542080925,415775.274302495,259670.15567540136,25.849450136707816,573357.0408770214,253148.18781462434
140,116.94774414821407,2.595281241479976,154.53926058828952,3.429507244560692,155.32823736361073,3.3747320762370943,153.1008770930075,3.51461787060993,30.79083120222107,18.087977129220008,1.6818583766127149,1.8941108675731932,259905.00000000003,1.0,51.849136214767405,23.880079671126417,1534.2900519937689,290.7411868701682,1557.030215382928,294.40001597859623,10.293640579395102,6.688499160986423,154.44306647970583,3.6152647251829024,10.773214763175309,6.581300640437028,259905.00000000003,1.0,7.7638332373415615,2.621911335044925,231.35861493472862,20.92807767065441,234.8109912653331,25.86305479440173,1330360.8758473264,407797.2225023492,258370.70994800626,290.74118687017403,1000370.835667607,419220.98593766225,259673.6413850653,20.928077670653817,573949.5921219852,253142.70980408872
141,117.12066976494293,2.5124573131969665,154.7677710301573,3.3200603911597235,155.53886081109945,3.2806369368191985,153.3569488495047,3.386981960145994,30.88570635448254,18.121043061781478,1.472524401874927,1.7061043167109868,259905.00000000003,1.0,50.98315253783847,24.409344381289696,1512.7200814085381,285.7632240642964,1534.2900519937689,290.7411868701682,9.971677405229238,6.2744866912062065,154.69676532181714,3.499498267317277,10.22871188320133,5.790068624351414,259905.00000000003,1.0,7.328801830582367,2.149529937304871,228.02434454928675,16.175399222483996,231.32528160139526,20.939139718412925,1318792.356470279,417403.1951038238,258392.2799185915,285.76322406430086,990343.7004563278,428974.9301627553,259676.97565545075,16.175399222480692,565785.7811547555,248696.2209138718
142,117.29197065420969,2.4065507027288597,154.99413455981363,3.1801111142559697,155.7483261385239,3.1656253211332155,153.60010762254376,3.247054327753867,30.75571435150127,18.074010261173115,1.388503793781208,1.7147535238856628,259905.00000000003,1.0,50.02765050334756,24.99571228684894,1492.0596414629106,279.2983614799094,1512.7200814085381,285.7632240642964,9.415565316236913,5.971299880099637,154.9500659333355,3.3593413123813844,9.675238104998177,4.882086945572822,259905.00000000003,1.0,6.991201309605187,2.3271741476528893,224.94030775389376,12.665828469409002,227.99101121595342,16.182605707464273,1298472.283117793,429675.47721319203,258412.9403585371,279.2983614799138,977440.7210141406,439638.3801680087,259680.05969224614,12.66582846940699,553964.4280767402,239495.6724672442
143,117.48364215895681,2.2865342320098243,155.24741671904857,3.021516404730241,155.97947734183546,3.0347821707877998,153.8558235318418,3.084821488625885,30.189768379450186,17.988431647279135,1.3478453992106632,1.7332536893097072,259905.00000000003,1.0,50.194991650799146,24.936800831206405,1470.706572792351,271.4899035370459,1492.0596414629106,279.2983614799094,8.991809224771572,5.883422248899328,155.1879347306438,3.221132729073659,8.988718492473934,3.6046412735519295,259905.00000000003,1.0,6.754023201394295,2.5074633964779283,222.30561246281414,11.093200990295,224.90697442056043,12.666637521466587,1284216.0798720643,435183.31239136035,258434.29342720768,271.48990353704994,973603.412525839,442033.1158830648,259682.6943875372,11.093200990294385,538645.5362408153,230625.73764090362
144,117.6982695722139,2.176521290187121,155.5310338662346,2.8761408717837686,156.244975194812,2.902678382958364,154.13791678240378,2.92710171468617,30.050963751761564,17.96094978813956,1.338181842665773,1.7385017740811892,259905.00000000003,1.0,52.20819887991019,26.407924250662063,1447.2111558215365,263.90238097606345,1470.706572792351,271.4899035370459,8.522584113609653,5.604046722869382,155.45717424308916,3.08256359277725,8.425653116047865,3.0104520064775806,259905.00000000003,1.0,6.691037071071907,2.567279745191028,220.26658432660562,11.079991821118675,222.2722791294808,11.085932544052973,1288565.594329153,435881.2654827737,258457.7888441785,263.90238097606726,984922.566800128,441820.85884343873,259684.73341567343,11.079991821117364,522739.33151608455,224078.36743974916
145,117.93493368340847,2.0567016571628502,155.84377126785816,2.7178065158952394,156.54639425568823,2.7680720794779607,154.45116476431974,2.7795483861138193,30.06465475284791,17.962590657991374,1.3302699917383634,1.7431129955095566,259905.00000000003,1.0,53.75603072249141,26.761740777468564,1422.1895098601547,255.8591296342232,1447.2111558215365,263.90238097606345,7.96734750626482,5.267113474539596,155.75687732020165,2.9522433559113463,8.01170688757001,2.742897658141651,259905.00000000003,1.0,6.608167825081638,2.6496875035347123,218.63689393341505,11.836841341252324,220.2332509932723,11.066362920408146,1289174.0525344226,435824.8020389475,258482.81049013988,255.85912963422524,991853.8125066774,440496.53949078184,259686.3631060666,11.836841341249528,508506.8691977592,221259.92074026525
146,118.1725115623483,1.9819083350295885,156.15771625292768,2.6189717698330757,156.85986377372913,2.648264854228921,154.74767310821542,2.6569375223306197,30.445389771897965,17.928459409737417,1.3237923160703244,1.7470974475924497,259905.00000000003,1.0,53.60903334844676,26.662969790970493,1397.7020739675356,249.5552581751323,1422.1895098601547,255.8591296342232,7.776691150773806,5.222045073589003,156.06190894427138,2.835562806671594,7.796417784267109,2.8594416658371014,259905.00000000003,1.0,6.552850986965635,2.7156103922981925,217.23125029681682,12.728952838455815,218.60356060008172,11.819331200503605,1282191.1745167717,436524.56819846964,258507.29792603248,249.55525817513254,987615.088447791,440472.0087944624,259687.76874970322,12.728952838455312,496892.23854660173,219687.04716292792
147,118.43653005299282,1.8870794588957023,156.5066010203006,2.493661255268028,157.18270404310874,2.5659467777929263,155.0853031153443,2.544595832046308,28.703406004928045,15.180301917853027,1.3290382917304722,1.7432174270458194,259905.00000000003,1.0,54.22540453467644,26.98970753897838,1370.8510371460568,240.98982486691253,1397.7020739675356,249.5552581751323,7.512377892572476,5.123035759155061,156.38992546682707,2.7461634853330046,7.57632264845187,3.043854986597742,259905.00000000003,1.0,6.453725127822564,2.8036860661535474,215.99903569349223,13.522037113269628,217.1979169634835,12.708858190742204,1264928.0451235534,427677.9740288262,258534.14896285397,240.98982486691452,984684.3888278095,439600.84302843816,259689.00096430653,13.522037113268976,469242.34862503543,169470.2595263405
148,118.70336272736948,1.7930170660340552,156.85920442769796,2.369363432572205,157.51574226037351,2.454887262092556,155.43698778249575,2.4252844726522476,27.148766682178298,12.980190107028921,1.3428921242100793,1.7339176735048198,259905.00000000003,1.0,53.92452963877529,26.819766423850307,1342.7323820652496,230.96402119991998,1370.8510371460568,240.98982486691253,7.196327596761193,4.967461798556163,156.75033103468297,2.609179205962365,7.361306945433094,3.236268557549511,259905.00000000003,1.0,6.209077636550885,2.876024587101332,214.78013971794334,14.143514742467753,215.9657023601589,13.49997568604971,1248825.9048865398,423347.2583723142,258562.26761793476,230.96402119992266,981356.1690436035,439004.9383911809,259690.2198602821,14.143514742466976,448429.84185583825,131113.097815114
149,118.96031850635474,1.693613268463567,157.19875597240488,2.2380070401238212,157.84405457766744,2.3300548738976454,155.78534591718596,2.3232398201722537,25.618045036752605,11.229986724894195,1.3698357820166043,1.7185427338084294,259905.00000000003,1.0,53.0064475574206,26.198058469030975,1313.974143762565,220.6463337629363,1342.7323820652496,230.96402119991998,6.866050458353585,4.789400342851025,157.1010498435361,2.453347612085577,7.067045003809977,3.3883956946644314,259905.00000000003,1.0,5.9016491980165995,2.834389082956138,213.5480772454833,14.562825803996738,214.74680638461,14.11944769848586,1230878.7441558375,420435.7909606088,258591.02585623745,220.6463337629376,975190.1161860367,437942.2148885738,259691.45192275455,14.562825803996128,435125.3532115306,104727.34089937719
150,119.19567617417573,1.6035415822568855,157.50976688678102,2.118982779387968,158.16020177723485,2.211091393722207,156.11790524392632,2.2007219538717426,24.324133528011746,10.280887303416232,1.391895383263216,1.704543294769821,259905.00000000003,1.0,51.71246026917588,25.35652293881834,1285.1939216381377,210.87908146893423,1313.974143762565,220.6463337629363,6.576426460484197,4.714101162188327,157.45163835444973,2.28868316022766,6.801409958357615,3.5137277558167797,259905.00000000003,1.0,5.640835435740238,2.8793711657564125,212.32083605619925,14.869740773884876,213.51474391214998,14.536530521817829,1214108.8235293902,421471.8869056825,258619.80607836187,210.8790814689365,967782.458691908,437774.3344876445,259692.67916394383,14.869740773883729,425477.8052677562,92261.5600377704
151,119.42590662224868,1.515255484423098,157.8140024655619,2.0023182447901737,158.46386319522003,2.090110822233231,156.44027849912044,2.076981417694485,22.837246986038224,9.3483804347126,1.4099562572044542,1.6921117844478462,259905.00000000003,1.0,51.158862071761526,25.144356834358504,1255.46235029521,200.63837978206325,1285.1939216381377,210.87908146893423,6.261395256924732,4.718614977680202,157.7834979332104,2.1609685433098345,6.429995066461275,3.4881128835074073,259905.00000000003,1.0,5.376979407770159,2.9018174722863304,211.2011537308415,15.175232821336479,212.28750272286592,14.841138014765699,1197298.503338111,426819.29298243485,258649.5376497048,200.6383797820642,962045.699909072,439312.99952753104,259693.79884626917,15.1752328213344,417815.03002724133,90366.89292828427
152,119.64395614137356,1.4611023838804682,158.1021414207905,1.9307584806431342,158.760323273963,1.9561168440129337,156.73672969105652,1.9877838037807987,22.374395848155867,9.877325140989637,1.2335674325926926,1.4893424062647944,259905.00000000003,1.0,50.655589520310386,25.060716808755046,1225.9475891904628,192.54853850461726,1255.46235029521,200.63837978206325,6.00842280769788,4.769999576667704,158.0912323526301,2.048512748060444,6.081084289114747,3.485591567222348,259905.00000000003,1.0,5.162933677408631,2.948856223722472,210.2163364524687,15.477101256740058,211.16782039750814,15.1446577578314,1186860.2132228792,433090.5506892009,258679.05241080956,192.5485385046191,957594.0063369483,440940.83258227096,259694.78366354754,15.477101256737441,417132.77938299254,91578.22667830097
153,119.84517400830205,1.4720784588053786,158.36803811295,1.9452627417720967,159.03303272584387,1.9033272582855312,157.02201181202742,1.9761605625997989,22.009412952195497,10.303691004870995,1.0856359947377532,1.3472308623458433,259905.00000000003,1.0,49.493156879574855,24.531713314561728,1197.3782092683457,188.12802349037523,1225.9475891904628,192.54853850461726,5.82790317647906,4.85797828304569,158.3822359162898,1.9723610514641463,5.805425242096694,3.516401491323501,259905.00000000003,1.0,4.900569714581614,2.941400739055653,209.2543730491637,15.742530227695058,210.18300311913538,15.444925130879344,1177250.3157513596,433092.3901563539,258707.62179073167,188.1280234903749,952792.1027001913,439799.0959340748,259695.74562695087,15.742530227692463,413466.99119594455,96422.66548136286
154,120.03298592908166,1.5245508787316584,158.6162197088474,2.0146012331150973,159.29459268719225,1.9234656073724463,157.28254837200836,2.015642433568307,21.7276281326932,10.583034461380699,0.9574870119268459,1.2554800885989221,259905.00000000003,1.0,47.80134963660544,24.019831897125545,1170.3470007525066,186.5666889681726,1197.3782092683457,188.12802349037523,5.744938059017564,4.911484741549761,158.649215038675,1.9650897543753525,5.564579749430513,3.539559326896255,259905.00000000003,1.0,4.631383495639121,2.958990955430754,208.27189499563542,16.0041655643372,209.22103971583036,15.708786224699223,1155573.4608232481,420305.55234928516,258734.6529992475,186.56668896817294,935694.2222222363,426247.3346410299,259696.72810500438,16.00416556433455,409147.3069274872,101980.12990218318
155,120.18126248907646,1.55089844700423,158.81215757566503,2.049417448618499,159.52010608645332,1.960383998923303,157.49288569478202,2.0606249265021006,22.015622768145143,10.607595718665864,0.8525674987238945,1.1962684027534287,259905.00000000003,1.0,46.1829924572294,23.914918805354223,1145.3270635646984,185.29108346830833,1170.3470007525066,186.5666889681726,5.727777891486708,4.919596808306965,158.88344933864053,1.988919943471886,5.449360261627053,3.5424571755010748,259905.00000000003,1.0,4.38078091873245,2.98545712883059,207.16044130214448,16.313939056091105,208.2385616623021,15.968852964035461,1127571.1163499572,390559.1387494674,258759.67293643532,185.2910834683096,909523.8275372436,396932.1286348821,259697.8395586979,16.313939056089225,410863.2270019438,102288.23053313096
156,120.31259303134038,1.5836826668908586,158.98570238937535,2.0927396102837754,159.72918233031353,2.006663282385176,157.68475742267253,2.105018344337262,22.24769961853913,10.541527833950555,0.7762254575434127,1.1547834817361198,259905.00000000003,1.0,44.67736729541283,24.016376278825103,1122.1211704302814,184.3563011418206,1145.3270635646984,185.29108346830833,5.676483828155534,4.945324268046806,159.08054807034853,1.9909363230323625,5.321744645407932,3.5669341446256277,259905.00000000003,1.0,4.168027405464202,3.0456982981534573,205.96909568726454,16.65473604539863,207.12710796881115,16.276943973708974,1094633.0421865068,338909.0022204166,258782.87882956973,184.35630114182166,879482.6482700466,347641.05809599324,259699.03090431276,16.654736045398796,414051.1262713423,105951.0282863567
157,120.41919873332353,1.6094420475117213,159.1265751355363,2.1267790352249873,159.91348393735416,2.0513108766339574,157.8471726138432,2.1523253381990832,22.69326960112158,10.425334813734706,0.764933951842954,1.15848401369437,259905.00000000003,1.0,42.684567908256206,23.97040788835725,1101.3649381713037,183.84479494885414,1122.1211704302814,184.3563011418206,5.680746586916269,4.943242906235702,159.24724277029102,1.9922059867953532,5.226276095250945,3.5856908999623816,259905.00000000003,1.0,3.9530785722343973,3.106156469596998,204.66256483091468,17.035406935117685,205.9357623539312,16.616027460640613,1060798.5131245565,288465.5470993708,258803.6350618287,183.844794948855,846432.9260424477,293608.6537116367,259700.33743516912,17.03540693511805,420126.30399030604,110214.45423078154
158,120.5167867001975,1.6301772336611038,159.25553177007373,2.1541794118968025,160.07321772042653,2.077013792775757,157.9837125911992,2.1895645102162202,23.073128036155595,10.160581106172609,0.7556892488774332,1.1620235229534133,259905.00000000003,1.0,40.64247258532237,23.82711795867181,1083.0399043732596,184.23012074370718,1101.3649381713037,183.84479494885414,5.719945976528897,4.923924763549956,159.3872865130866,1.9907320568023699,5.139544923470196,3.616007668072993,259905.00000000003,1.0,3.7151351013001546,3.127082411776053,203.2048216754113,17.364998523948564,204.62923149758134,16.99491452463408,1027718.9168350862,245689.50764180836,258821.96009562677,184.23012074370624,815134.7554783328,246745.31930018344,259701.79517832462,17.364998523949914,426274.2674150834,116043.45607254816
159,120.5830046521969,1.635159263320998,159.34303479082226,2.1607628583842318,160.19674064284177,2.079677831653811,158.08220372336282,2.2028927457488807,24.30276439996291,10.469205775386909,0.7576791171332359,1.1614168339563782,259905.00000000003,1.0,38.9842188108518,24.065278016677027,1067.6007708452373,184.01944527704697,1083.0399043732596,184.23012074370718,5.802359502275093,4.890898407786147,159.50298447208223,1.986758954567448,5.146987087019355,3.613288999363156,259905.00000000003,1.0,3.504177853582551,3.158005783359504,201.52867910864114,17.651686583919023,203.17148834207796,17.322374836626015,1008441.2068768525,223674.97300892312,258837.39922915478,184.01944527704904,793856.2768362168,226988.13078432254,259703.47132089137,17.651686583920633,441489.42167876166,140281.30432186267
160,120.64636418423939,1.653705687672158,159.4267608213578,2.185270907284825,160.30594546341803,2.091957547789211,158.17140957598608,2.2264579186574345,25.010952260940083,10.206703782464329,0.7497494925920893,1.1633302878192338,259905.00000000003,1.0,37.727444423095164,23.695657873072612,1054.1345291904902,184.60848619638207,1067.6007708452373,184.01944527704697,5.872359815857809,4.8566321181606105,159.59270748094235,1.9820114964879039,5.093746155803432,3.6438575063301477,259905.00000000003,1.0,3.3203667078912815,3.1282443231487247,199.72196632739568,17.689299968376922,201.4953457753078,17.606474362053795,993404.3744894385,201893.7652537464,258850.86547080954,184.60848619638395,789425.643551791,219625.44311400392,259705.27803367263,17.68929996838028,460567.59154459584,163312.64703191342
161,120.73689884203347,1.6706009291081036,159.5463972616205,2.2075970608773785,160.40946992192372,2.117862965176215,158.27943608747532,2.2542168309709143,24.923088882966834,10.161716406982949,0.7397407824738788,1.1669061407383403,259905.00000000003,1.0,37.07469554313416,23.4104124916217,1041.243181747849,185.49488437356774,1054.1345291904902,184.60848619638207,5.889900893282666,4.849827136673112,159.6729763600473,1.99589293462473,4.947981439634111,3.647356953758933,259905.00000000003,1.0,3.1230715728329024,3.083768769193825,197.86372312726112,17.64151118631495,199.68863299406235,17.640652842072065,984940.1980322892,190216.6026953139,258863.75681825218,185.49488437357132,794244.8977210493,224624.75617818226,259707.13627687277,17.641511186317597,470577.2074305291,172890.06060260473
162,120.8428239672481,1.6909325016214047,159.68637119633647,2.234464316873439,160.53575715315148,2.1483331340346266,158.42726395689385,2.282718130831333,24.62590081228007,10.102876185604078,0.738579308993481,1.1674870974029752,259905.00000000003,1.0,37.02034186704292,23.391776779505683,1028.1101613840926,186.7760019102401,1041.243181747849,185.49488437356774,5.826801328737261,4.8753188665981435,159.78851941132342,2.002166528186207,4.768760812947407,3.659293436657471,259905.00000000003,1.0,2.9313284371742636,3.0061606990506116,195.99295741815465,17.431938113525447,197.8303897939278,17.589089275931926,982087.6904396041,186342.37577892092,258876.88983861593,186.77600191024288,804636.8856710544,233394.12948688265,259709.00704258186,17.43193811352974,477046.3110624077,178721.2950016289
163,120.95507200131405,1.7045340141573988,159.8347001851174,2.25243811277917,160.6889768445165,2.185925833707755,158.60767842206334,2.3033855337029707,24.491246981651116,10.117852550714677,0.6038053026617521,0.9330491154639827,259905.00000000003,1.0,37.64555339586572,23.440728015645558,1014.3520496672163,188.45837060563883,1028.1101613840926,186.7760019102401,5.735913954169836,4.91539288264121,159.92816311670708,2.0289006101359814,4.638619130461864,3.695397645670902,259905.00000000003,1.0,2.7783050635640927,2.9776097523782377,194.1088688088003,17.05783067930183,195.96918287569807,17.392680783974434,989426.1198923814,190018.2844707698,258890.64795033282,188.45837060564122,818316.7966223613,237590.80631874033,259710.89113119122,17.057830679307404,482978.27447805647,180702.4985007105
164,121.08904423112078,1.7413703749966196,160.01173619374282,2.301115113303434,160.8743010886594,2.2720079167999314,158.8092255556122,2.34790998812277,24.419728742317393,10.134014568148174,0.4899451963164272,0.7360477818957034,259905.00000000003,1.0,38.99192171328961,24.051725381863992,999.2421175455439,191.49407016809764,1014.3042557128325,188.51669849789056,5.688196724052624,4.93467680477961,160.09105525142388,2.0810786346689945,4.472734073370584,3.7580440331250444,259905.00000000003,1.0,2.6897201166332554,2.966667015629372,192.30990638565942,16.51145168404669,194.09292034239675,17.030404107331535,1007001.9302134708,203526.73592959443,258905.7578824545,191.49407016809985,841575.568795265,254652.94439780858,259712.69009361436,16.511451684049117,488135.60085573985,179088.71523759307
165,121.24404484432696,1.77584959837742,160.2165595892518,2.3466771156806145,161.0650344943988,2.3635002558132467,159.0245581720118,2.406793186566439,24.352061915091284,10.152027137439502,0.4002409083487921,0.5822092157193379,259905.00000000003,1.0,40.22048045525468,23.9507989201545,982.8865337623828,194.92785849105306,999.155193210895,191.6017738891597,5.626495095904461,4.965001925329659,160.27171867740412,2.1706665994847434,4.274514479223938,3.755929727676907,259905.00000000003,1.0,2.6181835533824884,2.980648090627893,190.64403444255495,16.062396729794777,192.3003653683964,16.494472628739242,1025707.9653329197,204723.8838022937,258922.11346623764,194.92785849105505,870951.8106860254,273312.0133441296,259714.35596555748,16.062396729794983,502684.55265524844,182113.4211835364
166,121.38848920048716,1.7912769604568122,160.4074333779665,2.3670633193493815,161.27101825075476,2.4239994851347633,159.22931090702957,2.4245509820218194,24.828043345677834,10.048285114300814,0.3172384582299802,0.3996721916514753,259905.00000000003,1.0,41.16160578897563,23.403454543630218,966.1167712805035,197.531416620091,982.7675721820312,195.07314831424566,5.587518180423903,4.980009720251573,160.46517376474068,2.236416990803649,4.4577792758567325,4.037654426260813,259905.00000000003,1.0,2.3895374474207305,2.8375304989350916,188.57149757251608,16.04346720493036,190.6397394009521,16.054059726139403,1052337.8606623998,202973.42217394314,258938.88322871953,197.53141662009364,900835.1873503283,282473.64141816896,259716.4285024275,16.04346720493248,526003.8934853736,194639.19533340886
167,121.53551593050449,1.758435240203159,160.60171970945115,2.3236648463752227,161.4759173361023,2.4394412477927254,159.42792739338083,2.409599276034677,25.056681338548856,10.003429487752227,0.24928179973688766,0.19526180194458015,259905.00000000003,1.0,41.90860768659595,22.739785283686334,948.8703716740671,198.67183847590357,965.971579821851,197.7018074795727,5.0736060431144,4.057331335632812,160.64849821126714,2.2714757180621965,4.575086434078192,4.164605296872286,259905.00000000003,1.0,2.0287444445934546,2.257062041669838,186.02515558303136,16.084335354826358,188.57149757251608,16.04346720493036,1085665.1042841813,220037.6966027018,258956.12962832596,198.6718384759077,939933.5103576313,300739.46683433815,259718.97484441698,16.084335354827843,548282.0698787622,208874.41897118784
168,121.68598741500558,1.680838023391254,160.80055823597075,2.221124693953655,161.66383194030018,2.387303980548042,159.62151994424028,2.329576642651166,25.042693540623574,9.989091970912412,0.2428743505963423,0.20028790215112705,259905.00000000003,1.0,42.57675993271049,22.217076817445093,930.9267642647171,197.33831898030212,948.7037050074005,198.85759702647383,4.692076192487349,3.4163568327956098,160.83006602737538,2.2376358047268337,4.533789857149831,4.105118998286949,259905.00000000003,1.0,1.7474180482674604,1.7912347439567307,183.23878377414897,16.57277219764271,186.02515558303136,16.084335354826358,1104913.2614545112,228523.9214757212,258974.0732357353,197.3383189803064,968193.8640513365,302684.5671447793,259721.76121622586,16.572772197643232,558483.3258351552,216114.75824209486
169,121.83661790183085,1.5786927323316549,160.99960730191347,2.0861457509285857,161.85997956332457,2.284839806685384,159.80671517770338,2.206940567648527,24.788951777455633,9.901610240769259,0.24718716581294065,0.1997758162422412,259905.00000000003,1.0,43.45523138583466,21.559092399845426,911.9995714778864,193.7542604185211,930.9130382520784,197.31445849968708,4.390799929961911,2.9901679526927096,161.0006368452617,2.1324349472903092,4.3228691926708604,3.7337407520764474,259905.00000000003,1.0,1.548289674157724,1.3748445481647429,180.46420425563585,17.62006363152,183.24834256502572,16.547077342259907,1119374.6042155407,224416.75490989152,258993.00042852215,193.754260418526,991581.0458598306,293196.0525284811,259724.5357957444,17.62006363152042,565934.3628581129,219879.473908808
170,121.97025031395272,1.4679689328186976,161.17619467855712,1.939830733688571,162.06034198646822,2.14827517105279,159.99937345548585,2.0440599050973267,24.24511274340027,9.724077380311297,0.2698357820166042,0.2230561456108533,259905.00000000003,1.0,43.67695970901859,21.415036404845097,892.4093799344613,188.02077899991764,912.1110626820963,193.57015835299737,4.017345681677521,2.2216988983009327,161.16874171927356,2.006745816721755,4.168755028493634,3.5219179651324652,259905.00000000003,1.0,1.3792148422329313,0.9390518667909946,177.67466406937515,18.911673022686625,180.48158912256562,17.576113306047812,1130048.5148289816,219633.72514508435,259012.59062006557,188.02077899992312,1009253.1374222975,278083.17286514974,259727.32533593065,18.911673022687502,566640.4132502988,219961.11766601328
171,122.12422258111856,1.3203616375585763,161.37966010820455,1.7447763500518298,162.29233624018715,1.968658649765767,160.20643783524858,1.8700722682225466,23.653599533022856,9.36905410597222,0.3014541741399617,0.24918623638246476,259905.00000000003,1.0,44.242382309630955,21.103676193755376,871.7331533741718,179.6378713229889,892.6233903249199,187.7139325670737,3.705544895508737,1.3511400866789547,161.3587246263919,1.8425708038227386,3.8475369428797466,3.3082454398229473,259905.00000000003,1.0,1.3780292668220733,0.936267612180004,175.20515639331748,19.994169774206146,177.69845638544547,18.856331404992808,1150574.5115213122,218416.35900161098,259033.26684662586,179.63787132299316,1038444.5580500262,262460.9021638168,259729.7948436067,19.994169774205307,567667.5522995293,220095.24127084046
172,122.29942051448644,1.1314313009775827,161.61117373465976,1.4951156499164044,162.54720729225886,1.7530269110537888,160.44089803284197,1.6603936442765639,23.141525395403043,9.13303146532397,0.336899915010979,0.27870835790006004,259905.00000000003,1.0,44.88494689377322,20.677092810786203,849.9507779618116,167.92040492090058,872.0310993751928,179.23238732156008,3.636637583277096,1.3577656180826871,161.57315738879274,1.657394409798406,3.557850759235163,3.1156748676245565,259905.00000000003,1.0,1.437829461816604,0.9653195712684625,173.08513509589892,21.04796306937907,175.23419468504795,19.932904891253376,1180469.727282538,223934.98417085552,259055.04922203821,167.9204049209042,1074046.8943257208,251156.3641928855,259731.91486490413,21.047963069380174,570380.1736938258,220577.51121089098
173,122.47391213973118,0.9724030139417642,161.84175430521802,1.284969273038326,162.80696542488948,1.5675621795773889,160.68822923812232,1.4581550030727621,23.183523972883343,9.142952648027464,0.365920433127714,0.2876034877819181,259905.00000000003,1.0,44.51513212868285,20.79005463125054,828.619916039551,154.33656940667038,850.3174446284783,167.4312227048545,3.5983479723333063,1.3623165767750631,161.81540854917543,1.452473084078206,3.369906528987714,3.0916313187053426,259905.00000000003,1.0,1.4581133478684487,0.9738672662728686,171.17334191477966,21.953918599852138,173.11846842923225,20.9842201944754,1220447.3659882103,276077.0050680368,259076.38008396048,154.33656940667345,1113425.2213691392,274254.835918077,259733.82665808525,21.953918599854372,582369.1990816597,223457.23150568292
174,122.62250810465633,0.8698354408816935,162.03811518615052,1.1494329897489144,163.03803657685955,1.4421287870059836,160.9161590477965,1.3261111457124841,23.05585620054646,9.049393684489097,0.38616394113412966,0.30281087302915216,259905.00000000003,1.0,41.86876342622472,18.46840559768584,809.7875115394053,142.74172501119463,828.9865827062176,153.85678612607816,3.527773269761961,1.3405479726376013,162.04571680662622,1.3357721355584222,3.2959192516175433,3.1115578523337097,259905.00000000003,1.0,1.3841841315730083,0.8988646764653919,169.26160679473512,22.67388656592214,171.206675248113,21.895824658934682,1241306.0592344778,312806.79611433984,259095.21248846062,142.74172501119583,1133164.58325854,296703.14551621134,259735.73839320528,22.673886565923695,595214.853025451,222650.3476535515
175,122.75160809122235,0.8027833346337299,162.20871292467925,1.0608281055310715,163.23479911188076,1.3709268312345568,161.10381203251274,1.2505972205520248,22.938058663908553,8.946735849510542,0.41482254015063047,0.3276551726129034,259905.00000000003,1.0,39.76574445290354,17.286603637796514,792.9116698769263,131.8519326200166,810.154178206072,142.27304977291743,3.547898720051874,1.3385115702989951,162.23581242821243,1.2670051536198994,3.2101837023138486,3.132359994381742,259905.00000000003,1.0,1.3176137004102437,0.8557207467300506,167.3690367928315,23.25713467269165,169.29494012806845,22.62055639040661,1259376.291946875,329092.4265358989,259112.0883301231,131.85193262001778,1147604.4029996842,301055.7956191177,259737.6309632072,23.257134672692306,605952.741504816,217871.72833485767
176,122.85048465390082,0.7615874511486603,162.33937226020367,1.0063909460418325,163.39116443784934,1.3028198412201688,161.2662896915533,1.1398671224784411,22.92610814739355,8.931108419854928,0.44432852473630396,0.3462470662396386,259905.00000000003,1.0,37.90580466488325,17.05204431110731,777.854311501367,120.19937487100687,793.278336543593,131.39313197724394,3.6061276912767637,1.4879906571377308,162.38419352153892,1.183118928650573,3.1525201335274957,3.14826707641058,259905.00000000003,1.0,1.2289362717727976,0.849600500098621,165.4454529310768,23.7605416980541,167.40237012616484,23.20795714103406,1271007.5216113147,330841.41241969867,259127.14568849865,120.19937487100724,1152927.6457662636,298450.7792485658,259739.55454706895,23.76054169805322,612235.7695661571,213121.0867740508
177,122.94365623277052,0.7733474788704805,162.46249268694388,1.0219318681016103,163.52577235862776,1.279300064532111,161.38678438563733,1.0981275671273214,23.499856281088196,9.822566366223807,0.4936458717006655,0.4044427395046825,259905.00000000003,1.0,36.299609835114694,15.445157069012968,764.9275787423065,109.50478183220402,778.2209781680336,119.74362420660287,3.644242749861928,1.552808376605335,162.48710461552932,1.139006128687419,3.122891609659941,3.1636882377885045,259905.00000000003,1.0,1.1502910256127086,0.8226645790182001,163.47285234702957,24.10861203896253,165.47878626441013,23.71520533786938,1273445.2060118837,330788.07828317554,259140.07242125773,109.50478183220439,1149059.8027861295,300326.892084193,259741.527147653,24.108612038962963,613819.2493158869,211738.0960000677
178,123.03519292347569,0.8126388983115063,162.58345258839444,1.0738531281385792,163.6734967651537,1.297303607725751,161.50509919048227,1.1037156930627023,24.577053730795523,11.494133000305911,0.5244647094438595,0.432541858603135,259905.00000000003,1.0,35.10536921344718,14.569623938416367,754.2414652168776,99.28965310026938,765.2942454089732,109.04929871296999,3.7413695995569016,1.7232354827193082,162.5827273081434,1.1295720185055114,3.1464277803849985,3.1540199419539667,259905.00000000003,1.0,1.134686355443075,0.8133218572126655,161.46111092208764,24.31103115629465,163.5061856803629,24.06675795152183,1274331.993418196,330414.5461158648,259150.75853478315,99.28965310027145,1139421.2982289041,309473.25633395015,259743.53888907793,24.31103115629517,615793.5358368704,210084.23591647207
179,123.14555527060995,0.8928756222192198,162.72928947692373,1.1798806702548774,163.83119245767173,1.3391711632534289,161.63393694222995,1.1656499089523145,25.695333990479018,12.314324432756834,0.530579457924841,0.437955642909245,259905.00000000003,1.0,34.1626811489415,14.004949972791891,745.610205267157,90.25475508453749,754.6081318835443,98.82810443014773,3.812322204536304,1.8026288418862573,162.69122808843235,1.138460584505515,3.1717398753980306,3.1404210389073115,259905.00000000003,1.0,1.1309246114981613,0.8103091221660472,159.42029565818777,24.31900049672194,161.49444425542097,24.272384318854762,1271548.2146956117,332827.7389203143,259159.38979473288,90.2547550845379,1127409.8027660083,323403.4717473804,259745.57970434183,24.319000496722815,613034.7703892417,212616.33066539338
180,123.26542773197859,0.9715043387526523,162.88769337026457,1.2837835224094467,164.00232667264822,1.4123490145322342,161.77842311951187,1.2396685339577211,26.6827692510856,12.463656379213903,0.5285528252615335,0.43746794218357615,259905.00000000003,1.0,33.73543605713314,13.72451468888425,738.3956523025146,82.61818205582703,745.9768719338236,89.78322605158411,3.9458929541966117,1.9282228792620622,162.82082200307957,1.212209096977913,3.1934543230713217,3.1298082948983836,259905.00000000003,1.0,1.1313612386912677,0.8104530050512717,157.35820257380772,24.17405013909962,159.4536289915211,24.28326451858745,1270057.4231209843,334433.40369604394,259166.60434769752,82.61818205582678,1118864.1455854855,333665.20614110987,259747.64179742621,24.174050139100036,612188.6058809627,213506.58675101437
181,123.36909945241945,1.017235756556147,163.0246887301731,1.3442142994189736,164.1701252329223,1.4689144985191664,161.91786647505484,1.3037106470902524,27.65777330463061,12.025622066678674,0.5424946578823712,0.4445135708080095,259905.00000000003,1.0,33.08579836154287,13.259732937533183,732.7917992543865,77.31061939332302,738.7623189691813,82.13613078429842,4.050744294947884,1.8828313723836332,162.9533473291896,1.306754806657572,3.2565007379665554,3.1088704657569903,259905.00000000003,1.0,1.135235201447906,0.8116298660124444,155.23693703728907,23.91053367000363,157.39153590714105,24.141045212749027,1270694.7284445635,333569.44867100136,259172.20820074563,77.31061939332086,1112386.8310259606,342536.47201353865,259749.76306296274,23.91053367000276,616499.6884448563,208836.15486281496
182,123.41897229489565,1.0071669064403106,163.0905922584989,1.3309087564711894,164.32211751658707,1.4911003231931452,162.00588249150474,1.2898441305565347,29.38353692027694,12.378159161713882,0.5529186079420267,0.4457795947879056,259905.00000000003,1.0,32.614789229710894,12.982127587901985,729.3742950036773,74.14886814745135,733.1584659210532,76.8229330593993,4.207017330905643,1.8502642962500606,163.0870097792218,1.388293950377539,3.3750303128498187,3.0894209719744627,259905.00000000003,1.0,1.1419234165390562,0.8150289405099835,153.00383014097832,23.542666090949176,155.2702703706224,23.880227771015917,1283652.6478907345,321412.6057597063,259175.62570499635,74.14886814744898,1110475.1749225126,344853.188271499,259751.99616985905,23.542666090947368,638622.4408628033,203888.11294892378
183,123.40081117807154,1.0227553168154955,163.06659319126967,1.3515082592932879,164.40458355450141,1.4622064438361413,162.0077881478835,1.2884713639610519,31.13043315202643,12.56205966283866,0.5840870808239196,0.4569750602439837,259905.00000000003,1.0,32.324649111403964,12.825721536314852,727.9626586301425,72.92263524110291,729.740961670344,73.65784689935886,4.421536500673976,1.8316912473272986,163.1519427930576,1.3857630227381401,3.4640504986026914,3.0698607987951467,259905.00000000003,1.0,1.190686078593809,0.8597466954391892,150.73046572096942,23.01994129749115,153.03716347431165,23.51516089788267,1290023.7185651779,318250.5584142233,259177.0373413699,72.92263524110083,1099188.6159085126,354527.6097025219,259754.26953427907,23.01994129748976,659643.2279191513,193649.05500352356
184,123.34104097109959,1.087597699356273,162.98761035750087,1.4371942449780761,164.40974582232795,1.4581830796893773,161.95353079062858,1.3498190637505576,32.911918622113646,12.900077999288232,0.6357562151443181,0.47589632487533334,259905.00000000003,1.0,32.40918207461705,12.820752762680646,728.1963056291614,73.13538332662934,728.3293252968092,72.43069369657758,4.604202907380091,1.802970435915321,163.149287871638,1.3871929505792104,3.533417579677271,3.053129333822023,259905.00000000003,1.0,1.2758776984189912,0.9178919663269944,148.47292583971114,22.353401445229064,150.76379905430275,22.995220078886494,1292676.646926612,316807.31041064835,259176.80369437087,73.13538332662657,1085936.7287170424,364885.95161290927,259756.52707416032,22.35340144522887,681661.8387253658,179330.0412091284
185,123.26794922324228,1.2066063939437561,162.89102408298393,1.594457570574733,164.36595530256986,1.517474721585993,161.87718802411806,1.4673567804879075,33.83770909912259,13.450849798428738,0.6780593243973454,0.4738356082915307,259905.00000000003,1.0,32.34674678482254,12.866493577908946,729.3758752857308,74.4681750959569,728.5629722958281,72.64366251605145,4.72210916829053,1.8257027392592236,163.10085541996443,1.4360762440471027,3.5172566978363276,3.053540878431242,259905.00000000003,1.0,1.422097024488363,1.110021814910564,146.3777661663632,21.58003860171769,148.5062591730445,22.33142847454365,1295401.6997137375,315779.69261496264,259175.6241247143,74.46817509595341,1075126.9292138913,372977.221098565,259758.62223383365,21.580038601717888,700444.2540730317,184051.94459834046
186,123.18241427952485,1.3395749486640995,162.77799483311242,1.7701678569342472,164.28736035413635,1.6370846328299204,161.77847918694792,1.6242904971004135,34.62094048940377,13.46421147330274,0.6961024247248468,0.4686998047136397,259905.00000000003,1.0,32.270816982742375,12.940534102672945,731.396563034334,77.02791878993364,729.7425419523975,73.97926510576255,4.910714076199789,1.8839652668786555,163.03933580219456,1.5235811668503543,3.48995935629224,3.0637041815394435,259905.00000000003,1.0,1.5513700743124408,1.1925029917220777,144.4391768843834,20.663915046182574,146.41109949969652,21.560628501142805,1294456.778522938,316210.2898196545,259173.6034369657,77.02791878993152,1062834.2091394914,380370.90019340493,259760.56082311564,20.663915046184268,712432.9573995332,187345.1850501536
187,123.10951721073343,1.442654146818149,162.6816655718682,1.906381203992208,164.19334522312576,1.7843081563506304,161.6855786098947,1.7564194338257164,34.85680995405033,13.378957303657785,0.7073583831978316,0.46123431556490585,259905.00000000003,1.0,32.39784542211655,12.77594497372544,733.5148358497366,79.9346499130489,731.7632297010007,76.54534539109345,5.002280172457474,1.8751910081442902,162.97363895583234,1.6234800911816292,3.4716711774009763,3.067359996307674,259905.00000000003,1.0,1.676327477501087,1.2204156215816173,142.6438331844835,19.697418872562917,144.47251021771672,20.646881511769923,1289377.7276551425,321905.2296313065,259171.4851641503,79.93464991304815,1052320.1825214662,390009.9728093997,259762.35616681553,19.697418872564707,715109.463414958,185979.26198533946
188,123.07798194359653,1.4718076885198084,162.63999316678044,1.9449062971082487,164.13774329571984,1.8566353581796933,161.6288587050356,1.8211096830991464,34.96825051227492,13.2786726521816,0.709541017263009,0.45886138119172837,259905.00000000003,1.0,33.714823296233135,12.706597966883681,734.4253887151821,81.02634080078346,733.8815025164033,79.4596181659009,4.996815196143811,1.8786353167900938,162.9304003752734,1.6830806848587072,3.4436228094021493,3.0788143094955776,259905.00000000003,1.0,1.9678284497287346,1.7399990056399373,141.16803882481008,18.55884626853203,142.67716651781683,19.68269438296758,1287687.0170426702,324243.79411506286,259170.57461128486,81.0263408007827,1048473.9789722025,393622.2790937313,259763.83196117522,18.558846268534392,712315.1979094682,188089.21603899982
189,123.10982598511177,1.4502903764683577,162.6820727584633,1.9164726961114422,164.15583841411302,1.8379474831294977,161.62994207326847,1.8199920490539554,34.095784346131666,13.479962312424833,0.7138538324796073,0.45688468386683667,259905.00000000003,1.0,35.3203422496401,12.859937289880424,732.8536436458608,79.22136324604917,734.7920553818487,80.55345927811565,4.925429315833751,1.9150596199875387,162.93296252742624,1.6802773273841787,3.382423584440877,3.0860552988329717,259905.00000000003,1.0,2.240217284043322,2.035797470090721,140.02583252441252,17.470044121167867,141.2013721581434,18.545961869702737,1286950.9160963371,324971.90064837714,259172.14635635418,79.22136324605103,1052627.1241420468,390440.4455030774,259764.97416747562,17.470044121169853,700846.7321323956,189292.6842157451
190,123.16159003656799,1.438096580826564,162.75047571085025,1.9003595742381512,164.21465866002873,1.7982270006393946,161.66955955219524,1.7967610639412819,33.48884689253008,13.997336203379048,0.7173848669297791,0.4544877281709189,259905.00000000003,1.0,36.29774648517313,13.258323559404113,729.6940258529546,76.17515606885433,733.2203103125274,78.74521351166209,4.886101082041853,1.9343918991895848,162.998183037948,1.6315851215664277,3.408243712452372,3.0799890016589475,259905.00000000003,1.0,2.4064221656934044,2.144128051575684,139.02401097765355,16.328344086313518,140.05916585774585,17.45861223858637,1282586.6368321895,328796.50132606947,259175.30597414708,76.17515606885655,1045256.7114812174,391914.02701311576,259765.97598902238,16.328344086317284,685131.0987248011,190523.71974427288
191,123.21918775396614,1.4390522597579394,162.82658755038557,1.9016228312577808,164.28770423851668,1.7670387658056246,161.72512499348215,1.781934303120512,32.889852171474274,14.58207159122338,0.7237923160703245,0.4481392665202809,259905.00000000003,1.0,36.592798277185594,13.38524854950791,725.6339540978396,73.16854021611258,730.0606925196213,75.69567761753768,4.828295811988813,1.9771988081241143,163.08377393091985,1.5993717075831442,3.4198246544270465,3.078080381536769,259905.00000000003,1.0,2.5389827309660014,2.1730231624922336,138.14316905419253,15.197505099580166,139.0573443109869,16.318229421232296,1276920.4467597716,333066.5121282806,259179.3660459022,73.16854021611616,1037037.6365848432,393593.20315714483,259766.85683094582,15.19750509958258,677316.2253052334,191676.45232792434
192,123.29203741602552,1.4664284509193501,162.92285375068573,1.9377991699329045,164.37365944704666,1.7581134123028808,161.801548071556,1.7985634328319657,32.510625780289466,15.009818817988211,0.729038291730472,0.44216140551215466,259905.00000000003,1.0,36.670974516954,13.436679855353574,721.1112337361112,71.29558004488331,726.0006207645063,72.69041573450849,4.842828744674187,1.9649594575313678,163.17950504569419,1.591497433012678,3.4474332524635263,3.067999748440193,259905.00000000003,1.0,2.6404811771080534,2.18627849518094,137.33621697883703,14.001206750513784,138.17650238752586,15.18863719408513,1273667.485737689,334439.45367442054,259183.8887662639,71.2955800448856,1032015.0935633162,393167.03403773933,259767.66378302118,14.001206750516358,669449.7316230709,194514.55907758698
193,123.38024112144625,1.5134882970015873,163.0394096843298,1.999986412244104,164.4674352683186,1.780632924884208,161.89279436845018,1.8502574945256465,32.11871785912726,15.455401271140175,0.7237745424565875,0.4469354112033879,259905.00000000003,1.0,36.25619365729262,13.250231242391115,716.6166500621559,70.87701999775054,721.4779004027779,70.82903377482353,4.945263561194131,1.9088279680754028,163.2865594260166,1.6394018900720728,3.5022301160016105,3.051557910709593,259905.00000000003,1.0,2.6653360398954096,2.1723447884535947,136.49932290273085,12.66157788614316,137.36955031217036,13.993569269478023,1268679.661428616,336884.1949340446,259188.38334993788,70.87701999775308,1026956.0392709483,393418.0076593504,259768.5006770973,12.661577886147379,661087.3713390153,201663.10746730457
194,123.46047652786316,1.5817490327411863,163.1454362425274,2.0901893318452256,164.54096819017417,1.8295638658723121,161.9838692011911,1.9327470414536143,31.647488645400863,16.006404884966784,0.7159484664035544,0.45771868054097126,259905.00000000003,1.0,34.970574612490864,11.757567361067695,712.9920762497128,72.23524864227966,717.0311106832064,70.48450946792514,5.034627892433501,1.8806665761438608,163.38931391001512,1.7211793841343377,3.580277505689997,3.0072193561443274,259905.00000000003,1.0,2.6489854854394,2.1812206740233324,135.56803088248026,10.934528928289618,136.53265623606418,12.655412353169348,1255591.8973659535,338903.9291353306,259192.00792375032,72.23524864228206,1012366.6280961542,388986.8648142928,259769.43196911755,10.934528928291417,655462.7676112648,208309.25978435323
195,123.55435236662635,1.6869480612996979,163.2694879528125,2.2292038587208216,164.63187872434528,1.9141037053575212,162.08914183727185,2.0592133682847473,31.27420955843492,16.39490366856402,0.709541017263009,0.4665629277858243,259905.00000000003,1.0,34.17841521129979,11.062953389798881,709.8319205809005,74.56441720134096,713.4456672510283,71.88825057530559,5.1198778351088885,1.8129372440112748,163.4827778841585,1.8235364199620752,3.7221827993627397,3.003136479653173,259905.00000000003,1.0,2.6461482316144243,2.1834680714794734,134.49199631473192,8.718526334684075,135.6013642158136,10.930327405039783,1245048.2668917312,342072.1241575919,259195.16807941912,74.56441720134309,993552.2154905505,380190.33044972527,259770.5080036853,8.718526334683467,638729.1386774101,220277.71228119463
196,123.66110146926827,1.792359066046397,163.4105509792942,2.3684983981034033,164.7440498094263,2.027848923595927,162.2130716168651,2.1865533017330177,30.620417024784025,16.848692919119532,0.7042950416028615,0.47381388219796244,259905.00000000003,1.0,33.81983505956424,10.99167819551688,706.4138357515358,77.6260943927785,710.3175488279188,74.24637933782336,5.186158102229352,1.7752057973118442,163.59176482510193,1.9485785374588263,3.679382065058508,2.8741166434292027,259905.00000000003,1.0,2.6438252846536288,2.1854981742919923,133.45643953432705,7.510009112779376,134.52532964806525,8.717513695250227,1234501.5496871765,341192.5165200062,259198.5861642485,77.62609439277966,978652.1815887038,371707.5644455398,259771.5435604657,7.510009112781021,619872.2107736102,215823.27488924717
197,123.7803016788816,1.8830430561288742,163.56806751908107,2.488332076991873,164.87186932004155,2.137893023972461,162.34398069553222,2.2963376240229443,30.081174343106106,17.24041244136485,0.7000000000000001,0.47975679106439073,259905.00000000003,1.0,33.49099126957186,11.165552982630967,702.815876950389,81.02548116057717,706.9256938768548,77.33801418449356,5.222841382013039,1.7924379612888806,163.7247779285433,2.089007497414835,3.719819457581991,2.9809046598307103,259905.00000000003,1.0,2.6323646256623103,2.1965967843444307,132.36898470240737,7.565313898208526,133.48977286766038,7.51358756928528,1211758.6395606182,333568.9790517364,259202.18412304964,81.0254811605772,952377.9000543482,350719.5803765879,259772.6310152976,7.565313898209934,600451.6114354222,206842.98385751512
198,123.92378850458181,1.9836829230978263,163.7576773094299,2.6213217523987575,165.04243996330158,2.2459831221398066,162.50752207229328,2.4049540118131034,29.200966052975133,17.66302108261923,0.7000000000000001,0.47975679106439073,259905.00000000003,1.0,32.97421884001227,11.436063745583114,698.8759574966851,84.7130228290703,703.3492102837223,80.76829887227454,5.1960668774973735,1.7983388898627457,163.8757037487771,2.1996973022903688,4.000464700149355,3.836235117228434,259905.00000000003,1.0,2.606389675526809,2.22214818784405,130.97490967778484,9.660580415025452,132.4023180357407,7.573818888161775,1196667.05562599,331267.1857722839,259206.12404250333,84.71302282907024,934751.8132746237,340693.67793152155,259774.02509032225,9.660580415022576,589132.3172360949,201822.29956674145
199,124.11152200222779,2.148260399303196,164.00575568625635,2.838800290939298,165.27718397474766,2.4413809378431357,162.7216774922393,2.551368989322775,29.24779096632827,17.651779648836882,0.6904412091232541,0.4909991729120566,259905.00000000003,1.0,32.93055370562215,11.40941944281212,694.8831462275734,88.68734256155088,699.2563501759906,84.5153974148626,5.152502359913759,1.833705231984009,164.08128866595013,2.3198307117190673,4.7489381238732875,6.133262453089265,259905.00000000003,1.0,2.5443621959495006,2.269150773766367,128.76077495898429,15.052076768918262,130.99868422024142,9.662793722361108,1196908.9902364353,331322.88458555937,259210.11685377246,88.68734256155054,927253.7636920515,336792.46100009524,259776.23922504103,15.052076768909847,578155.110941812,200005.369888669
200,124.40020923646117,2.5029722809888124,164.38723788228106,3.3075289901931355,165.6303895753322,2.89966154720732,162.9863356482246,2.7746424847021385,29.254925764685737,17.647728156218644,0.6634975513167293,0.5062493150061725,259905.00000000003,1.0,34.22203884646692,13.47070983904914,689.5077110569324,95.36273204896264,695.1383216900304,88.54556859083333,5.100242993456278,1.8953033018382304,164.34420461171484,2.526517435666324,5.374365461661248,7.207387807995563,259905.00000000003,1.0,2.484019600006896,2.312991600090773,125.85304423040016,21.873891419997808,128.77672342538784,15.054247497883555,1219193.3285805765,352550.1906626834,259215.4922889431,95.36273204896173,941489.7000080778,350023.7385244124,259779.14695576963,21.87389141999005,574133.5195878505,200732.22927423523
201,124.76926391245246,3.054713339496515,164.87492073354608,4.036620250798467,166.08536271744128,3.632106414129679,163.35925348345705,3.288751635579161,29.072911176903112,17.767657491096898,0.6318791591933718,0.5173321521692439,259905.00000000003,1.0,34.94188779654981,14.3974116493056,683.1595115543005,104.40823533075218,689.6603673331406,95.27453839158093,5.0096626886174365,2.010821328758536,164.71091665042297,3.0037858921005562,5.9366434710294,7.535990679631636,259905.00000000003,1.0,2.367703724850906,2.3481577733297367,122.26031216815134,28.745300730279585,125.86258524766316,21.87658399212189,1235845.8075614637,374256.9513220094,259221.8404884457,104.40823533074958,950099.3186177643,362652.2451471219,259782.73968783187,28.74530073027035,567382.1637096958,202867.40438000878
202,125.20507326818147,3.733696917053536,165.45081624004573,4.933855414140445,166.6236560754616,4.512808884735879,163.79388871610027,3.942545584549617,28.776001233518176,18.000198041403372,0.5964334183223544,0.5231449032140083,259905.00000000003,1.0,35.50807169369192,14.958600784642242,675.8997283414502,115.60153803409516,683.2282322199462,104.36894668698223,4.925943016545952,2.1648027263070864,165.16387265526564,3.7124218480376134,6.355790634387722,7.62535640498244,259905.00000000003,1.0,2.2759888234355294,2.3860797181933093,118.15147206546868,35.29664461632475,122.2646072097542,28.74689065803574,1254262.8161761495,407621.2640791996,259229.10027165856,115.60153803409312,967097.282698962,399908.10479545925,259786.84852793455,35.29664461631931,571730.306669103,206019.05402658533
203,125.68526756720345,4.442706503521097,166.08536355814323,5.8707687745871,167.23219675365567,5.47440644048971,164.3019602001342,4.743145907167196,28.62171628932288,18.045662579561522,0.5674129002056194,0.5314919914917378,259905.00000000003,1.0,36.04745131186853,15.156617664619532,667.9065804186989,127.39502160912575,675.8997283414502,115.60153803409516,5.154712320623838,2.3002859640331503,165.70177743376513,4.607602130385647,6.594455484775511,7.564677263956271,259905.00000000003,1.0,2.644119876107569,3.108198575433881,114.16780312346741,39.932289330292434,118.15147206546868,35.29664461632475,1259559.2666444224,420038.5787160061,259237.09341958133,127.39502160912551,975592.6550394526,421091.2268457183,259790.83219687655,39.932289330288086,573519.1254511804,208358.8121918197
204,126.17211665872354,5.031352065072894,166.72870509755137,6.6486292998655845,167.8799010757055,6.353426524576108,164.84224741320392,5.503901241486916,28.445918289855943,18.081125164658268,0.5376106013224579,0.5375755368475273,259905.00000000003,1.0,36.51728821988428,14.862205812717354,659.2975998873482,138.6181151328396,667.9065804186989,127.39502160912575,5.543738050705604,2.832440740798413,166.29994585054806,5.543214729202146,6.682480309826805,7.517554194800208,259905.00000000003,1.0,2.972661294199944,3.4551687745141884,110.42465077450721,43.19537920814318,114.16780312346741,39.932289330292434,1256978.9965662758,415258.1409686873,259245.70240011267,138.6181151328402,977323.7182168312,424406.84486837755,259794.57534922552,43.19537920813841,576584.2755629501,211962.6419353982
205,126.63551697324033,5.465293754899796,167.3410607558204,7.222057657168777,168.51242043446103,7.027047490500337,165.40841530583745,6.174982544583832,28.27781782843984,18.101053022460874,0.501125926252924,0.53561298605195,259905.00000000003,1.0,36.347790689998384,15.096221128617161,650.7265010995367,147.88535276284225,659.2975998873482,138.6181151328396,5.837085489677936,3.0806764231452664,166.93262044644027,6.358304020361586,6.7465253187772944,7.477621032584354,259905.00000000003,1.0,3.245164739498034,3.6053394444493896,106.88995686189462,45.55153354407968,110.42465077450721,43.19537920814318,1251399.3002720734,408770.0581122009,259254.2734989005,147.88535276284313,976999.7922012397,424041.870068056,259798.11004313812,45.55153354407583,579059.3616624199,213481.6805391178
206,127.07743318368715,5.769771781775976,167.92502616617426,7.6244071791978225,169.12596976002183,7.5056843928072325,165.96637773278,6.670763334750358,28.240631639282793,18.0899232950559,0.48433007428019687,0.5247081466741145,259905.00000000003,1.0,36.46492715753362,14.921674256842117,642.0178755070057,155.20922000656236,650.7265010995367,147.88535276284225,5.961017400256867,3.239603070263694,167.56590977970296,6.960024079247625,6.8215950015857185,7.434093353781257,259905.00000000003,1.0,3.5120046507588594,3.6528043680437126,103.54703317773442,47.320701927586526,106.88995686189462,45.55153354407968,1248784.6008252553,407455.7061062384,259262.98212449302,155.20922000656313,979726.763560569,425044.28103102837,259801.45296682228,47.320701927581695,583126.1622918329,213988.36820092122
207,127.48596177821469,6.002014756249162,168.46487178439597,7.931302227825214,169.70964954970404,7.866802879429418,166.51861274967922,7.0699133610345575,28.125593847399866,17.98439832700508,0.44541890376175397,0.47744360518646906,259905.00000000003,1.0,36.02400292819044,15.347668417810008,633.6740475224533,160.3333365437713,642.0178755070057,155.20922000656236,6.123353494642036,3.3959640357466023,168.18360598971788,7.395262862999427,6.886573342170797,7.3908007500902055,259905.00000000003,1.0,3.7687098557636807,3.688757963116651,100.39583635799397,48.575191612752,103.54703317773442,47.320701927586526,1245507.2621549547,407410.0309329992,259271.32595247758,160.3333365437716,977247.1683337641,425424.81564445316,259804.604163642,48.575191612748725,584526.4547741803,213273.73809407282
208,127.90465326238343,6.233983100843886,169.0181473676864,8.237834406002193,170.27793769412838,8.196033450639813,167.05385087057954,7.414959170622752,28.011746776203495,17.810622548585687,0.41356113182004345,0.44656898636694226,259905.00000000003,1.0,36.014154138704846,15.352807218363136,625.2580790281319,163.55590209994986,633.6740475224533,160.3333365437713,6.122092195439146,3.395277570230302,168.7689227199091,7.728725707080542,6.895495636154059,7.385149001501483,259905.00000000003,1.0,3.7788889363527813,3.6823600834953054,97.24589632485936,49.64570050348896,100.39583635799397,48.575191612752,1242411.7711108504,408491.81965356873,259279.7419209719,163.5559020999503,978391.3739596711,424754.6408966882,259807.75410367516,49.64570050348623,580702.5819742364,216337.01169263187
209,128.32879837156474,6.481776260363978,169.57862973801429,8.565278130399019,170.8466994987624,8.507780113380596,167.59654426162575,7.773105166995365,27.73097570884126,17.51018552636031,0.3909946768528322,0.433250410801235,259905.00000000003,1.0,36.230003816145704,15.292800860644086,616.3680562439746,165.66822657530412,625.2580790281319,163.55590209994986,6.098523832456399,3.393236132693781,169.35942690094566,8.049879446451001,6.861593457935303,7.41114041099992,259905.00000000003,1.0,3.8315003344068552,3.662930011684133,94.18246986799758,50.40141228728802,97.24589632485936,49.64570050348896,1246723.5853417628,406009.94637672155,259288.63194375605,165.66822657530383,985272.1267480347,420033.9888613406,259810.81753013202,50.40141228728487,580178.2047481552,216844.91132177177
210,128.75512238960368,6.712252769690962,170.14199137240527,8.869838911178379,171.42288206886863,8.821495088160482,168.1483626657283,8.123153633862438,27.534283313754806,17.36750184263857,0.37955179147525087,0.43204456235992167,259905.00000000003,1.0,36.46254416184554,15.347434965056657,607.0602436044087,167.35121633703577,616.3680562439746,165.66822657530412,6.166247463834721,3.4436868082638235,169.94335650385025,8.37744731368532,6.811202637631775,7.450181561715267,259905.00000000003,1.0,3.9319276492166275,3.6350436138920568,91.2698615462491,50.83652627787527,94.18246986799758,50.40141228728802,1253669.7384008046,401651.8239942981,259297.93975639562,167.35121633703474,994190.4043989376,414676.4588600285,259813.73013845377,50.836526277872174,584118.2791208712,214200.66572084793
211,129.19541134003134,6.907910457396596,170.72380677646905,9.128388225084825,172.01645728007807,9.11297261272087,168.71418963540373,8.44538332559242,27.485424865937187,17.343519946355848,0.3475490849131749,0.4230241122642855,259905.00000000003,1.0,36.50459694574375,15.33933857356933,597.6935224396889,168.3976709095166,607.0602436044087,167.35121633703577,6.328278385858914,3.4899502939897364,170.52366153877267,8.674204343016713,6.734236785454187,7.500857173175715,259905.00000000003,1.0,4.007117615008409,3.6047009611144283,88.50940904246998,51.05684879931944,91.2698615462491,50.83652627787527,1260320.7159195726,396219.3390752574,259307.30647756034,168.39767090951497,1003258.7756205602,408020.4556461703,259816.49059095755,51.056848799316505,585388.0462787228,213538.305096531
212,129.68139063820203,7.037395346145056,171.36599897807315,9.299493825966568,172.62954710540498,9.360721666985734,169.3236787037964,8.681581511604907,26.643921321175032,16.461309410654223,0.32233814193036275,0.42035103417813785,259905.00000000003,1.0,36.43710153858658,15.358547452803558,587.578004080347,168.2000131730199,597.6935224396889,168.3976709095166,6.420721607040138,3.520210577645396,171.12061193870562,8.951126251106803,6.680781266216289,7.5222596283595005,259905.00000000003,1.0,4.064170812617719,3.579374758094296,85.85946525553808,51.19259026825618,88.50940904246998,51.05684879931944,1258288.4314114393,396830.39088404906,259317.42199591966,168.20001317301896,1010671.3825321125,403947.14906207414,259819.14053474448,51.19259026825301,575493.7120067858,204431.9943192403
213,130.22040697418916,7.07135870834256,172.07827627087283,9.344373289551333,173.28201579410555,9.498971055891934,170.00237104322142,8.81441409777268,25.504158150523633,15.38319905297017,0.292138376719493,0.38687212066097015,259905.00000000003,1.0,36.20745364341532,15.43454146827656,576.5825702107359,166.68988898834013,587.578004080347,168.2000131730199,6.401810463428626,3.5164125253783367,171.76992090290653,9.124706712730605,6.654598001924529,7.532909445519136,259905.00000000003,1.0,4.096271578015706,3.5704699176972428,83.26780549829593,51.21861828396161,85.85946525553808,51.19259026825618,1253636.7110321762,398002.2487542017,259328.4174297893,166.68988898833948,1019881.532122588,398453.2405416643,259821.73219450173,51.21861828395868,566869.4403833272,196859.30440080338
214,130.83938918046277,7.082455782080284,172.89622366608097,9.359036243720368,174.04923780451608,9.600960407903205,170.74200629576194,8.853159316997054,25.73509179846309,15.976230296134819,0.2482953184521276,0.3053348809761068,259905.00000000003,1.0,36.37726847166973,15.424991102306745,565.692098219077,162.4891654683154,576.5825702107359,166.68988898834013,7.458447075296981,6.864129006817555,172.4832455126682,9.202193077551975,6.6271186500021635,7.545079718150285,259905.00000000003,1.0,4.219676539135271,3.598629058347631,80.8270300540957,51.04308899417858,83.26780549829593,51.21861828396161,1255811.9865965026,397674.55023805756,259339.30790178094,162.48916546831583,1029389.1835803544,391982.0838617965,259824.1729699459,51.043088994177005,553885.8378064366,187882.8651928377
215,131.52155592740675,7.02791075781602,173.79766526969647,9.286956794248086,174.9247500747435,9.641376649301295,171.55367612132113,8.82475992634194,26.337718111236402,17.390270444487292,0.22195844921639157,0.24169185620477757,259905.00000000003,1.0,38.24193510287398,16.973713680039992,553.5659227782231,155.7432994365095,565.692098219077,162.4891654683154,8.591738620272752,9.16691218697415,173.30205037848134,9.23992218948615,6.659447379184423,7.531989889627638,259905.00000000003,1.0,4.270936707379943,3.6185228370536136,78.40518604895789,50.65423201720576,80.8270300540957,51.04308899417858,1254683.7911068383,397828.7573683848,259351.43407722178,155.7432994365116,1035885.3370725836,387086.80760333943,259826.59481395106,50.65423201720446,534293.9460084493,167467.0254910566
216,132.25507881041884,6.934823565287886,174.76697082090828,9.16394625712357,175.86150945110398,9.589536644355881,172.42256462577254,8.724028401836764,26.72551396087455,17.96855814914734,0.207428609725325,0.21570366988400572,259905.00000000003,1.0,39.95670049856727,17.552131991666414,540.127307630805,146.06775620469224,553.5659227782231,155.7432994365095,9.498500364471605,10.39050889905293,174.19287698745123,9.212704839066014,6.715582933665396,7.502231172108482,259905.00000000003,1.0,4.379816519667028,3.663185914936885,76.03608630162618,50.01045097784898,78.40518604895789,50.65423201720576,1251133.6590024254,399345.3979998015,259364.87269236922,146.06775620469443,1038824.2146057058,384504.50514706207,259828.9639136984,50.010450977847476,515060.51022003975,152231.66694938892
217,133.02362082782136,6.823850160660227,175.78255213789686,9.017300197787081,176.89142827573795,9.512886549201134,173.35164735153737,8.62025590322297,27.614068658056514,18.951777088698012,0.19904906594271382,0.20568425643852148,259905.00000000003,1.0,41.80771678769379,18.09127553568857,525.734610435225,133.33027432311957,540.127307630805,146.06775620469224,10.572925945263218,11.626001691678342,175.13739528846483,9.128610182416883,6.7102324014303125,7.505313777230436,259905.00000000003,1.0,4.494119660360048,3.696165612547511,73.78664022722259,49.143985584275825,76.03608630162618,50.01045097784898,1258903.9589765146,393902.69081902166,259379.2653895648,133.3302743231204,1047619.1749399425,376063.9442612457,259831.2133597728,49.14398558427528,502419.76009632414,155336.8845380081
218,133.7667879143588,6.718343335381621,176.76460217160454,8.877877856755894,177.95361438960657,9.461072410263776,174.29858766643449,8.530386590346913,28.513863364085864,19.45694336178454,0.19570495839713864,0.20551323830399523,259905.00000000003,1.0,42.298874955714716,18.57562165249958,511.75389388519903,120.51698223811931,525.734610435225,133.33027432311957,11.797153827312986,12.763433234871668,176.1279031259935,9.052579348057094,6.753645710527843,7.47979756872196,259905.00000000003,1.0,4.416635578098687,3.6277103481219943,71.4162967614601,47.83536804280613,73.78664022722259,49.143985584275825,1264800.0526434395,388567.5169302148,259393.24610611482,120.51698223811991,1050072.7867823874,373523.92126953026,259833.58370323855,47.835368042805605,493432.7283867174,161064.0317035685
219,134.49528912569002,6.652251670289351,177.72727191778478,8.790540035734523,178.98189400904573,9.408130945538167,175.2375144743306,8.432583065541566,29.34574040825299,19.545618870284613,0.18088241824650822,0.19297698567314106,259905.00000000003,1.0,42.220286469203714,18.503959992168497,498.6984654060018,108.98869619681241,511.75389388519903,120.51698223811931,12.608881220765701,12.954613020025377,177.09118297230367,8.945288983173441,6.764029631794647,7.473388812645899,259905.00000000003,1.0,4.272764021818158,3.558582749462523,68.88213902727354,46.05385325897852,71.4162967614601,47.83536804280613,1261935.8766367093,391154.80301543226,259406.301534594,108.98869619681143,1045077.0078585184,377651.8580811553,259836.11786097274,46.05385325897737,484011.4990579392,167856.96086636576
220,135.18779597420667,6.557822348357691,178.64237689981724,8.665756523816427,179.95802103304388,9.305900145489348,176.14675098467478,8.338967420365206,30.34047924362825,19.46359557909729,0.16523026614044198,0.18772639347849798,259905.00000000003,1.0,41.439473489871155,18.4132266913858,487.43424089361844,98.39576606938697,498.6984654060018,108.98869619681241,13.193132811505137,12.920230355476422,177.99069103443685,8.809071668776228,6.735831272489767,7.4893380161477605,259905.00000000003,1.0,4.165521402136137,3.549048372221711,66.2611109566568,43.86916068180305,68.88213902727354,46.05385325897852,1256829.3420677371,396434.67326622934,259417.5657591064,98.39576606938643,1035000.0086168676,386610.8212898749,259838.73888904336,43.869160681801986,477594.92226337234,173081.6448371861
221,135.84950254560215,6.397661604538338,179.516780905356,8.454113161234583,180.94803428430043,9.196109435627275,177.00300276271494,8.160537427630791,32.28833763965556,20.33676714848135,0.15241536785935125,0.18535271166819497,259905.00000000003,1.0,41.48951985733914,18.42923779193185,478.08064330807554,88.32639827543697,487.43424089361844,98.39576606938697,14.522209944408628,13.811924050437696,178.86715887684653,8.648607815259135,6.7535053976322255,7.481076217962765,259905.00000000003,1.0,4.09133835634672,3.5560738565018895,63.54181826596763,41.27616223678556,66.2611109566568,43.86916068180305,1261628.0410685416,393499.1214637379,259426.91935669194,88.32639827543969,1028788.9906800652,391314.78365038347,259841.45818173405,41.2761622367839,470134.01174717455,175254.22012453497
222,136.4846610329289,6.213892935938521,180.35610352843605,8.21127360088088,181.8953572814436,9.005647926241851,177.81664189523593,7.960148050313383,33.76904659792845,20.341364651286458,0.1419234165390561,0.18475388210476185,259905.00000000003,1.0,41.48388779186856,18.427732201667784,470.2238786975964,79.36524854943262,478.08064330807554,88.32639827543697,15.605511346885974,14.182972723589,179.739101169126,8.460579660589513,6.756881788019927,7.479235785752713,259905.00000000003,1.0,4.086964503601116,3.555777868988628,60.809529356485015,38.188948829641625,63.54181826596763,41.27616223678556,1262147.089735852,393275.586187404,259434.77612130242,79.36524854943374,1022568.2143017177,393406.55724851176,259844.19047064355,38.188948829640744,466814.4993121372,175845.45932690642
223,137.14660195578364,6.050990702204914,181.23081739965806,7.996008109448374,182.86305070289387,8.823065202643262,178.6454402686377,7.787661756516952,35.7651694103177,20.82980346743094,0.13333333333333333,0.18517556316657893,259905.00000000003,1.0,42.5986001525892,19.086736358543906,463.25711462199155,71.06725413693644,470.2238786975964,79.36524854943262,17.02991385489302,15.23029374762694,180.59250473949356,8.267728322511134,6.751622520311421,7.481725977448319,259905.00000000003,1.0,4.32225490190451,3.634950498622939,58.31349507141144,34.79312393368709,60.809529356485015,38.188948829641625,1273890.5585298198,391586.9418093145,259441.74288537801,71.06725413693916,1025973.4765113445,393062.0901156714,259846.6865049286,34.79312393368793,488871.79399020574,203419.35370413703
224,137.79488318779516,5.8423712120463,182.08748080400176,7.720330307285585,183.83407448792374,8.590608098854705,179.47934475771885,7.609123353014986,37.691022507339945,20.752523614822184,0.13333333333333333,0.18517556316657893,259905.00000000003,1.0,43.78979281537041,19.409175748434233,457.0250109806277,63.304986983193956,463.25711462199155,71.06725413693644,18.501105009817373,16.20399522743758,181.47874711529235,8.09175417752608,6.786542416668071,7.466274219594531,259905.00000000003,1.0,4.519401526606768,3.6240493359625265,55.97968751468346,31.048559136743126,58.31349507141144,34.79312393368709,1282047.278027965,388554.0286466661,259447.9749890194,63.30498698319715,1025156.8446679899,393324.5080451636,259849.02031248534,31.048559136746825,505728.81327895826,211432.79861175478
225,138.41597687533766,5.606322272387874,182.90821765719716,7.4084061638983965,184.78618153669697,8.311384699357605,180.28446934119745,7.401430110334617,39.32488099516984,20.387900165000787,0.13333333333333333,0.18517556316657893,259905.00000000003,1.0,44.70716162450762,19.500679708721467,451.5093970179566,56.168747056883994,457.0250109806277,63.304986983193956,19.914917194237372,16.81846003569754,182.38632865129196,7.903392000224158,6.7934890023713415,7.46532170070781,259905.00000000003,1.0,4.6808115311160305,3.5662268768014878,53.80034337676149,27.104120075755947,55.97968751468346,31.048559136743126,1287999.2761131462,385332.0837650684,259453.49060298206,56.16874705688775,1022751.4377249398,394369.9850783819,259851.19965662324,27.104120075759315,522115.6632851401,209807.88526980317
226,139.0473626286075,5.3204334808321505,183.74255489706078,7.030621806691328,185.6956596676422,7.929484147522004,181.1004773560185,7.130300169503204,40.35980589804049,19.620951703983835,0.13333333333333333,0.18517556316657893,259905.00000000003,1.0,45.346453478978525,19.340692209351502,446.3894161036852,49.63984550151881,451.5093970179566,56.168747056883994,20.950657570738237,16.835223902807495,183.2834724256243,7.651135125450867,6.55218299144354,7.4207373504109055,259905.00000000003,1.0,4.808455725954917,3.4889181326423793,51.9899494446062,23.591347295542057,53.80034337676149,27.104120075755947,1285174.9268305076,386995.3733928653,259458.61058389634,49.63984550152215,1016495.9985614119,396725.09739413724,259853.0100505554,23.591347295545077,529948.3441106596,209332.1862191669
227,139.68717497357278,4.945201361118251,184.58802719174344,6.53477582964384,186.59864030949038,7.425309389007587,181.94099706988612,6.773373610551729,41.30019282632967,18.788648080717728,0.13333333333333333,0.18517556316657893,259905.00000000003,1.0,46.27187510871158,18.89666358758566,441.28440048797,43.05572924380355,446.3894161036852,49.63984550151881,21.737334695678427,16.690596700735263,184.17157515495572,7.320727470245,6.279138669441701,7.372308125056885,259905.00000000003,1.0,4.897905366076054,3.405805775013627,50.542049474573886,20.664028887056393,51.9899494446062,23.591347295542057,1282282.6803569533,389582.92636881414,259463.71559951204,43.055729243805786,1009212.2557756718,401853.9649007145,259854.45795052545,20.664028887061413,533992.7887599913,208170.00344042823
228,140.24957533649018,4.421306699788757,185.33120401756912,5.842481287008606,187.4565801080981,6.76219877527814,182.7092907666523,6.234119844262939,42.93837864342583,17.938878908818975,0.13333333333333333,0.18517556316657893,259905.00000000003,1.0,47.1411287278645,18.222960730307836,436.948317070198,35.94541860307038,441.28440048797,43.05572924380355,22.343025239092782,16.3672620364796,185.0605715807893,6.840586401093433,5.880014167638029,7.025575562520641,259905.00000000003,1.0,5.232842739476131,3.4146997500691416,49.82821137974532,19.28297004814493,50.542049474573886,20.664028887056393,1281076.0374826514,390456.43089321244,259468.05168292983,35.94541860307311,997155.8154164446,411507.41374369775,259855.17178862027,19.28297004814751,532609.1531886235,208454.75842368763
229,140.6977542313015,3.84150781118894,185.92344460527278,5.076311797013947,188.18128809017114,6.013227665536725,183.34725519900024,5.5634990176348,44.26628706374272,18.10241096966137,0.13333333333333333,0.18517556316657893,259905.00000000003,1.0,47.18127057699538,18.20580740558737,433.900000223612,28.90246720968545,436.948317070198,35.94541860307038,22.77473373500812,16.008963161981324,185.85372113760434,6.1826941610820265,5.0838672536825955,5.291658805431368,259905.00000000003,1.0,5.51058275007995,3.311704665586814,50.19781900035275,19.73572838928308,49.82821137974532,19.28297004814493,1275301.458032803,391841.02689258644,259471.0999997764,28.90246720968861,982954.2395332818,419083.9344161706,259854.80218099966,19.73572838928531,538872.9107003494,208745.11681460054
230,141.03641288811238,3.412777291025033,186.37096097426448,4.5097694281752645,188.72621481224445,5.403058978332473,183.8639046124968,4.859978381967522,45.460266758757996,17.598430759173542,0.13333333333333333,0.18517556316657893,259905.00000000003,1.0,46.58622771668289,17.64494700357151,432.6407059323538,26.60561491111577,433.900000223612,28.90246720968545,23.16201314664172,15.63058070784331,186.48286412580765,5.427820582118471,4.385233993936713,3.620674148196889,259905.00000000003,1.0,5.78577099250523,3.178327720646832,51.54907419918438,20.514646073657246,50.19781900035275,19.73572838928308,1248114.9878289052,378131.33017614874,259472.35929406766,26.605614911118483,954184.802685989,415064.0854646873,259853.45092580083,20.514646073659133,542151.9791935349,208574.20367072793
231,141.24811167867074,3.1574335244938623,186.65070723470583,4.17234792063209,189.09400980250632,4.9910051447201615,184.22942392368907,4.389260161449161,46.685897070813915,16.67099964527799,0.14289212421007924,0.18545672232829052,259905.00000000003,1.0,45.94367971379591,17.386258671885674,433.24003116516167,27.286173386469525,432.6407059323538,26.60561491111577,23.427878639813347,15.310248407581232,186.9513070898051,4.844415542230577,4.232194723250035,3.069290542103254,259905.00000000003,1.0,6.007559586818275,2.98706188281969,53.272005921279536,20.235236089931046,51.54907419918438,20.514646073657246,1217093.6715100917,357425.8602843566,259471.75996883487,27.28617338647176,920564.9049617145,403290.5010692159,259851.72799407874,20.235236089934542,548799.6612968866,207318.6231351462
232,141.35224730409416,3.0497627409354195,186.78831555239142,4.0300678652008965,189.31150687261913,4.7569340072181685,184.48329298887046,4.066582511711623,47.91579730905669,15.242017880512524,0.15071820026311236,0.18416820438789772,259905.00000000003,1.0,45.06818836689804,17.43084397794016,435.93692190705724,28.539864096168895,433.24003116516167,27.286173386469525,23.700377814930956,14.947339023811283,187.27208357432679,4.4525192190449365,4.186339064108062,2.925288933091029,259905.00000000003,1.0,6.185628247018289,2.7677607430903457,55.21628186232379,18.592009299379637,53.272005921279536,20.235236089931046,1176967.0569485247,306535.41865220846,259469.06307809296,28.5398640961699,872620.3901300397,349865.75993670255,259849.78371813768,18.592009299382028,541568.2853403562,202781.29078654593
233,141.3876950429389,3.0213122149671676,186.835157200747,3.9924725600511795,189.40040343368221,4.672303684132805,184.62130907540006,3.9164253425407307,48.61196554767749,14.437849699533711,0.15712564940365772,0.1820756708413152,259905.00000000003,1.0,44.32544286181957,17.720507407920337,440.06631894351153,28.934710118211168,435.93692190705724,28.539864096168895,23.639341734933467,15.009876263707794,187.4415263569496,4.266705937386685,4.22165110427083,2.981126811168503,259905.00000000003,1.0,5.781712535865461,2.588537021045828,56.719217644514764,16.898337395560652,55.21628186232379,18.592009299379637,1135422.925276095,226778.25020371264,259464.93368105651,28.93471011821221,826181.9798501516,265153.5744255069,259848.2807823555,16.89833739556305,532843.2391901237,193984.67112093678
234,141.42569353781556,2.994276441372147,186.88536944244245,3.956746920515465,189.42747150766925,4.648402882186232,184.7117222083933,3.828016559237679,49.112600898093525,13.740228454798716,0.16237162506380529,0.17964341444603954,259905.00000000003,1.0,44.25782926337876,17.764139273390974,444.7587189531625,28.053395666047745,440.06631894351153,28.934710118211168,23.53256138539386,15.087752859030077,187.50915713678802,4.203709095622198,4.323765415747127,3.0273777051264976,259905.00000000003,1.0,5.460573112370024,2.5039236723679137,57.793653716073855,15.52603915636045,56.719217644514764,16.898337395560652,1102686.1083129,164980.58266915858,259460.24128104685,28.053395666050683,790342.9900358958,194247.56885002018,259847.20634628396,15.526039156363963,523295.57848082855,184131.54637388204
235,141.46062706719465,2.9601256666177367,186.93153140006896,3.9116194215178677,189.44336759123874,4.632010590660532,184.76415199645027,3.7760497884923794,49.71980294718575,12.962013130298882,0.16666666666666669,0.17715048968144423,259905.00000000003,1.0,44.69363779637923,17.143172111431035,449.6182174373023,28.48479474925919,444.7587189531625,28.053395666047745,23.6897029639516,14.99323657911401,187.5220584886132,4.19161215530393,4.438027229634973,3.046416885698931,259905.00000000003,1.0,5.189622767975262,2.5386413714065483,58.478582587747475,14.545003997521738,57.793653716073855,15.52603915636045,1081073.9312507804,132252.70602935582,259455.3817825627,28.484794749262534,764426.7313437645,152806.9303348699,259846.52141741227,14.545003997524924,518359.9238220082,180029.3777159824
236,141.5168319129309,2.892189875194618,187.00580253658404,3.8218467467380037,189.47198330281805,4.596556660794585,184.8156460101253,3.712830642136103,49.920267641194236,12.738074969422566,0.14754908491317487,0.16203067020415965,259905.00000000003,1.0,45.05693609863039,16.63397363377655,454.33399989495297,30.358768173951916,449.6182174373023,28.48479474925919,23.859120595995744,14.881094557050302,187.5311352365168,4.181462084990644,4.3893824162035155,3.0696572968093165,259905.00000000003,1.0,4.9677873884622,2.5746387168455303,58.990320893339494,13.807867433675275,58.478582587747475,14.545003997521738,1065315.6417455059,119344.23683528145,259450.66600010506,30.35876817395605,746355.9627823872,134083.563054842,259846.00967910668,13.807867433678684,514877.8016413162,178037.75863273256
237,141.59901650106838,2.781879492677948,187.11440455449872,3.6760783890098403,189.52535115133185,4.524793906368609,184.87367909755906,3.6369011532245574,49.89386131087558,12.754901498487333,0.13189693280710865,0.15223521645738122,259905.00000000003,1.0,45.797502088337765,15.74320482158413,458.2984621846837,33.22000915286778,454.33399989495297,30.358768173951916,23.98024560823388,14.792109629611163,187.561472969294,4.143294152864066,4.341531789116126,3.102195501544168,259905.00000000003,1.0,4.747928777627147,2.589421029450729,59.33005121518384,13.346795396883946,58.990320893339494,13.807867433675275,1053961.78274379,121921.64818611472,259446.70153781533,33.22000915287363,737199.3824786331,134148.34701994946,259845.66994878484,13.346795396886499,514776.15324444807,178047.74702513454
238,141.64364716467813,2.7197856307547053,187.1733810809892,3.594025483160481,189.56124450058195,4.475377730096432,184.91817141682176,3.5743456459903284,50.25063064299243,12.985697393723134,0.11908203452601793,0.14630859153099587,259905.00000000003,1.0,46.01751197547983,15.532484265284225,462.41249881767027,38.51650297822039,458.2984621846837,33.22000915286778,24.252364907699906,14.559163249745245,187.61020838128923,4.07663375974576,4.327514899149841,3.1117337497502384,259905.00000000003,1.0,4.726165490678023,2.618611653189873,59.66203514004536,12.846505403633268,59.33005121518384,13.346795396883946,1049866.3345412381,123771.35060374359,259442.58750118234,38.51650297822339,730559.5601726609,138142.87234773833,259845.33796485997,12.846505403635305,521691.66257863754,175800.03908660728
239,141.65869304407906,2.7005116970813337,187.19326286003752,3.568556741971686,189.5715139076905,4.461366249921093,184.92064755027863,3.5710675920009733,50.87124403940696,13.019052899892609,0.10859008320572278,0.14304191810841846,259905.00000000003,1.0,46.08159690874586,15.490402273957875,467.09355586512567,44.91459688805065,462.41249881767027,38.51650297822039,24.638647448644754,14.208836341865432,187.62972906730778,4.050505546538938,4.360762457608797,3.0788630564004986,259905.00000000003,1.0,4.704830735718703,2.6333391213300126,59.9394367514886,12.442400550067331,59.66203514004536,12.846505403633268,1045608.2046702112,124797.89075512011,259437.9064441349,44.914596888050255,722173.6216363425,141078.47709187435,259845.06056324852,12.442400550069147,526182.1751941219,173491.3564403778
240,141.6512218895908,2.7101754463914016,187.18339013692474,3.581326826517871,189.55728772270663,4.47927485074251,184.9065784092504,3.5877429593999466,51.682367015558704,12.876545390585452,0.1,0.14150817307133096,259905.00000000003,1.0,45.650726239676814,15.747680395329882,473.02519664100754,52.69803365198048,467.09355586512567,44.91459688805065,24.73470887439209,14.113147801698958,187.63664779092625,4.0422539707104885,4.4035843552913825,3.0321150898655618,259905.00000000003,1.0,4.636052878694383,2.6680577097161033,60.10523860822494,12.222541722726994,59.9394367514886,12.442400550067331,1037505.2575293219,128349.93443220989,259431.97480335901,52.69803365197835,709677.7105176032,143100.14549069395,259844.8947613918,12.222541722728465,524492.7561852487,173986.75919495296
241,141.6489276347937,2.7129583553542487,187.18035868606515,3.5850039395363376,189.53382794683097,4.506377909552296,184.88324721009076,3.612987012324224,52.311641293938315,12.489231610808165,0.1,0.14150817307133096,259905.00000000003,1.0,45.9871827724977,15.603057410824952,479.24965516244816,59.68533349834174,473.02519664100754,52.69803365198048,24.78621611372915,14.058853456303938,187.6226994524406,4.058947457986542,4.436118134244553,2.9978278417938937,259905.00000000003,1.0,4.570183541141026,2.7162967354008956,60.17263734845474,12.13910997233963,60.10523860822494,12.222541722726994,1032782.3461768288,130771.48243835551,259425.75034483758,59.68533349834006,701528.1939179752,142210.91293115515,259844.82736265156,12.139109972342077,523481.7765550925,174246.2202661291
242,141.63374381169615,2.732257230506171,187.1602943307899,3.6105060529526525,189.49753362216182,4.547288922109608,184.86617573688667,3.631326478985006,52.86201232422877,11.893333807486178,0.1,0.14150817307133096,259905.00000000003,1.0,46.555652849251246,15.355792674080337,485.45601463742565,65.31712113117098,479.24965516244816,59.68533349834174,25.019562492115465,13.841996917019701,187.5846336431919,4.10185785756015,4.382767729927375,3.038264146425736,259905.00000000003,1.0,4.530320219385266,2.743459575195789,60.253523171245966,12.041553804587448,60.17263734845474,12.13910997233963,1030550.4684250042,129913.68628204252,259419.5439853626,65.31712113116892,698041.8920208487,138343.66142048358,259844.74647682876,12.041553804590556,525266.1663501392,175516.51707263666
243,141.64147631964076,2.7232961643795184,187.1705129016615,3.598663932935503,189.48567301135415,4.560747286831362,184.8587364335355,3.638684746856651,53.17701035765975,11.194467427991656,0.09044120912325411,0.1381017271709614,259905.00000000003,1.0,47.74031519290865,15.241593085365555,490.8022685930535,67.92742077452253,485.45601463742565,65.31712113117098,25.32838617578753,13.521373377241126,187.5542355787809,4.136250010963671,4.299862292655483,3.1016710408123314,259905.00000000003,1.0,4.497682891943983,2.760640793117164,60.3846771038678,11.892349117487775,60.253523171245966,12.041553804587448,1029168.8484804572,129485.86325979637,259414.19773140698,67.92742077451982,697066.4870039976,136804.1260122853,259844.61532289616,11.892349117491342,525719.6755400088,175766.08675726622
244,141.6192474081247,2.740354601280677,187.14113932491028,3.6212051465449613,189.4543189571974,4.585848082249912,184.8775332813536,3.62437679260828,52.397704600656766,10.93732781956665,0.08261513307022099,0.136280436966722,259905.00000000003,1.0,48.70067589479766,15.512023141147466,494.4166821658424,69.59984496565272,490.8022685930535,67.92742077452253,24.76026263041281,13.297428529663893,187.54291835066698,4.147357841271133,4.228468578917596,3.1567588112351728,259905.00000000003,1.0,4.3562562177485775,2.747287694624292,60.44579807603211,11.836348308422881,60.3846771038678,11.892349117487775,1028781.5802130747,128882.2695718993,259410.58331783419,69.59984496565112,701029.0685624098,144600.7325054781,259844.55420192398,11.836348308425492,531568.1354505854,177590.3348407298
245,141.58828583809702,2.7543506791381396,187.1002262623963,3.639699765192532,189.39744623061063,4.614368510603124,184.8886387718155,3.619007755427734,51.43035371355703,10.326154167840794,0.06664889305292973,0.11457044019766063,259905.00000000003,1.0,48.07304561105866,14.629523789047509,497.70734137528785,70.40711941630921,494.4166821658424,69.59984496565272,24.222614713498025,12.949372390174524,187.5054715438709,4.170647696752506,4.105630639351443,3.229663025451684,259905.00000000003,1.0,4.210254309125589,2.753070052757235,60.48375507913959,11.807402667444224,60.44579807603211,11.836348308422881,1029217.4992015858,129452.41893690162,259407.29265862473,70.40711941630713,705983.1674355901,152101.68652022418,259844.51624492087,11.807402667446908,540251.8481980666,178776.74495516537
246,141.53229693473654,2.762023712079031,187.02624074655287,3.6498392287432617,189.33352343991214,4.634305068363175,184.88993062883088,3.618700588144651,50.80129938377504,10.496045396071784,0.05357684133974904,0.09720621793821659,259905.00000000003,1.0,47.86392499918289,14.340617998335972,500.59113891854025,70.16954711298384,497.70734137528785,70.40711941630921,23.85285384837481,12.776356614628822,187.47052862463468,4.1808173148230425,3.9894583414764186,3.3073453364248646,259905.00000000003,1.0,4.027323003036658,2.7157308653760035,60.45495307403316,11.822522993678064,60.48375507913959,11.807402667444224,1030421.7594382936,129676.43238198677,259404.40886108147,70.16954711298213,709339.5895677083,154287.401823889,259844.54504692598,11.822522993681309,549912.1414090584,176435.95512453082
247,141.44305514637517,2.7492612310631235,186.90831378418906,3.63297434853142,189.2016964042154,4.637449836391415,184.82836084266847,3.616863984385498,50.03774469583027,10.617911039455842,0.042874350596342294,0.08343931880050365,259905.00000000003,1.0,47.30505882302527,13.608444049414649,503.2809504407489,69.16960819350074,500.59113891854025,70.16954711298384,23.23126104109808,12.495310978168911,187.39940055163893,4.188874793991285,3.941593951471988,3.340562626043242,259905.00000000003,1.0,3.848875144410691,2.6771875877096174,60.295567600305205,11.866181744682121,60.45495307403316,11.822522993678064,1026259.1508947383,129269.37824113193,259401.71904955927,69.16960819349897,705612.2831120845,152806.67456972503,259844.7044323997,11.866181744685536,560089.5677019149,169140.62404118638
248,141.3406811210726,2.722708091318804,186.7730328614471,3.5978860795995398,189.0311380867739,4.590292177322015,184.6997231969399,3.5966117698105298,49.93129952408202,10.613740336442403,0.03762837493619472,0.08090068482133586,259905.00000000003,1.0,47.4228556164671,13.797861458543018,505.7517659734276,67.44938522681903,503.2809504407489,69.16960819350074,22.503580726647673,12.083795292646812,187.25162021033344,4.178880479571695,3.893837769582586,3.3627884962835393,259905.00000000003,1.0,3.7888035126234128,2.6374179157425788,60.12386667667936,11.864102500118184,60.295567600305205,11.866181744682121,1037789.7465087774,142356.90833093278,259399.2482340266,67.44938522681713,718089.6169962384,167776.3179981436,259844.87613332333,11.864102500121659,580712.8379032973,169721.49315898042
249,141.26160561161308,2.6624023455128265,186.66853959072378,3.518195948762037,188.93550196309792,4.5250725718403295,184.56045250377915,3.545016364677874,51.22364012803752,12.055662695948321,0.03333333333333333,0.07929507613443851,259905.00000000003,1.0,48.57428295295997,15.936665442244808,508.3677898151718,64.97779682098027,505.7517659734276,67.44938522681903,23.594267345360276,13.876036829712856,187.1193108680065,4.148646626435322,3.892973478327131,3.3631746283638115,259905.00000000003,1.0,4.125935283606587,3.226800694167328,60.2997206061689,11.96282104571609,60.12386667667936,11.864102500118184,1072178.296147868,210983.7958254032,259396.63221018485,64.97779682097696,745066.2475133972,217817.25931362805,259844.70027939384,11.96282104571903,609976.2569273438,182838.73909677778
250,141.22883452789583,2.628807202320847,186.62523471117655,3.4738021642561505,188.92384100794538,4.514236415452496,184.48339955500055,3.481069143539465,52.491914157372676,13.136413899822598,0.03333333333333333,0.07929507613443851,259905.00000000003,1.0,51.29458624505128,19.59007372485288,509.5317843941599,63.60825886429094,508.3677898151718,64.97779682098027,26.001497608841934,18.79127051573253,187.08064557504542,4.1287948971763,3.884688379742507,3.3676991567988797,259905.00000000003,1.0,4.543802126977912,3.8215840735668216,60.90955255366742,12.631101971888327,60.2997206061689,11.96282104571609,1114515.7367112048,271108.99716287584,259395.46821560586,63.60825886428879,778237.5781487436,260357.1303455922,259844.09044744636,12.631101971889937,640415.1606444662,196416.18851625678
251,141.25833610253827,2.664868989380671,186.6642195044928,3.5214558949831627,188.92610618608214,4.51704926181139,184.5050801413185,3.5041087633390524,52.605166073460715,13.2986727905872,0.03333333333333333,0.07929507613443851,259905.00000000003,1.0,52.868563043309955,21.144223931829536,509.2350540909773,63.96545611244142,509.5317843941599,63.60825886429094,27.488933714688493,21.68279090565126,187.1098583385279,4.153417510914598,3.8562617074007792,3.3735396257912162,259905.00000000003,1.0,4.8914203591062275,4.11056098901597,61.90183685477652,13.932074220282747,60.90955255366742,12.631101971888327,1153034.1084169738,341563.5574560751,259395.76494590903,63.965456112440116,821129.6033605506,334588.36322999775,259843.09816314525,13.932074220283662,678021.5528267666,235638.9317725993
252,141.31654082958426,2.743172057362898,186.7411334267511,3.6249284906355244,188.9769684413285,4.582667384457855,184.5917235543416,3.6160610696958533,52.865787775817275,13.429285547916479,0.03333333333333333,0.07929507613443851,259905.00000000003,1.0,54.07912239127516,21.777294090705215,507.9883861421861,65.5303641974038,509.2350540909773,63.96545611244142,28.73126041044272,23.198859998059824,187.18003451223373,4.2314555760208945,3.8450725330084032,3.377497163416925,259905.00000000003,1.0,5.148340380511333,4.305725254458906,63.16747632734326,15.785870439336497,61.90183685477652,13.932074220282747,1184022.6785668375,377428.97489339265,259397.01161385785,65.53036419740262,862919.6560906017,403648.88711605634,259841.83252367267,15.785870439339499,716884.1151039125,278481.7946748903
253,141.37712538498963,2.851780599097196,186.82119230494325,3.7684483039009935,189.02059224799217,4.650354950384512,184.6955724377417,3.7899288166839487,52.34090915295096,13.05609770297009,0.03333333333333333,0.07929507613443851,259905.00000000003,1.0,53.937202901107675,21.687145330972374,506.35875906069606,67.626334825167,507.9883861421861,65.5303641974038,29.378026097155093,24.01464843275221,187.3073734111011,4.408502526423923,3.8142682044935983,3.3872973266532873,259905.00000000003,1.0,5.174099705275103,4.331201315842239,64.49397449479143,17.91759131904927,63.16747632734326,15.785870439336497,1202423.4270437139,400546.55914842157,259398.64124093932,67.62633482516695,902803.3513544856,474352.16487124254,259840.50602550522,17.917591319053237,734660.2681775129,314383.2257956771
254,141.458323492811,2.9995079791964834,186.9284906167291,3.963661073478895,189.06311829256651,4.720726040161482,184.83416071913757,4.056392920899478,51.594789810499,12.958200315515889,0.03333333333333333,0.07929507613443851,259905.00000000003,1.0,53.434195958985086,21.570034034854626,504.4860195788766,70.04562040202441,506.35875906069606,67.626334825167,29.209013079280183,23.88279707284925,187.42470495718968,4.60123424195335,3.7654230319498168,3.3936548699084894,259905.00000000003,1.0,5.12594902664177,4.316089258255465,65.82116715615005,19.944645712578474,64.49397449479143,17.91759131904927,1213223.4383603425,406479.8283903391,259400.51398042115,70.045620402026,945266.9377625046,527336.0399263692,259839.17883284387,19.944645712581742,759319.9680675566,350333.5280740183
255,141.56974119985622,3.2030265096258326,187.07572228665606,4.232598542330291,189.1502859500888,4.878481447000148,185.0165692403239,4.408514280876448,52.54660737784714,14.451506402077301,0.03333333333333333,0.07929507613443851,259905.00000000003,1.0,53.08590780952763,21.546627832790943,503.91338581386276,70.6061394740627,504.4860195788766,70.04562040202441,29.60924196546192,24.294381917469064,187.5331247744711,4.794359715244932,3.716863853233367,3.372345391504942,259905.00000000003,1.0,5.069488683495168,4.318366656826208,67.14045865307851,21.674757497503343,65.82116715615005,19.944645712578474,1229998.8900039268,415007.78558350366,259401.08661418615,70.60613947406455,985329.3254217437,562182.2530419045,259837.85954134693,21.67475749750582,785563.751381315,377255.1565080419
256,141.6906836258083,3.42921176547334,187.23554038615208,4.531488980475425,189.29158548222867,5.126426564844218,185.22205172164223,4.803637458884028,54.1846983840858,15.821954805414583,0.03333333333333333,0.07929507613443851,259905.00000000003,1.0,53.606467263738736,21.655825070488955,504.45828360087654,70.13635051953679,503.91338581386276,70.6061394740627,30.287329856515804,24.764948080713157,187.65336586706854,5.007268552140514,3.706773989965527,3.3707373031297094,259905.00000000003,1.0,5.1067661565377,4.318947468218748,68.50711748631736,23.30656675088583,67.14045865307851,21.674757497503343,1249462.535334246,418708.17149518884,259400.54171639914,70.13635051953777,1019056.5796148556,579633.3891052001,259836.4928825137,23.306566750889278,807813.9778577547,387386.5839565053
257,141.82645191122486,3.6794417172514926,187.41494991775338,4.862152802464698,189.45759153455555,5.408868726105283,185.43961567122346,5.217232067774441,55.66022145097043,16.364042342810247,0.03333333333333333,0.07929507613443851,259905.00000000003,1.0,54.293180111100725,21.88988655632206,505.7919916074129,68.94446765919137,504.45828360087654,70.13635051953679,30.867116644733493,24.964787233980623,187.79861424468422,5.264992075637934,3.701038934198517,3.371092405825089,259905.00000000003,1.0,5.1704698824521955,4.302368001150943,69.9432151012377,24.85563680350293,68.50711748631736,23.30656675088583,1268792.0936523292,415609.5786496384,259399.2080083926,68.94446765919312,1047977.5543358759,581288.2426353523,259835.0567848988,24.85563680350405,824555.2580302872,386024.50084325555
258,142.05563353361626,4.029070382913328,187.71779982681397,5.324166303798543,189.7343618323591,5.873386952189047,185.75458619389656,5.727175641219604,57.94812583418813,20.819446522710514,0.03333333333333333,0.07929507613443851,259905.00000000003,1.0,55.86265524462123,22.92632736928409,507.84412886364646,67.7220814381095,505.7919916074129,68.94446765919137,31.83460531823227,25.194551648996647,187.96559976838765,5.5486048895316165,3.6495401703490087,3.344271238625579,259905.00000000003,1.0,4.973008496224367,4.199373742502515,71.23335009377972,26.19397338045251,69.9432151012377,24.85563680350293,1284419.8908039518,413599.9449230781,259397.15587113638,67.72208143811139,1071909.2376313484,572992.145224549,259833.76664990623,26.193973380454185,839113.0724792205,380430.0316216074
259,142.42793520640075,4.513508940882757,188.20977378401687,5.964321858721474,190.17378141158255,6.529104004584819,186.21171086994178,6.314465418415614,61.249624347573665,28.516066837820173,0.03333333333333333,0.07929507613443851,259905.00000000003,1.0,58.45718715273983,25.371223837567495,510.60323272514694,67.48051897989187,507.84412886364646,67.7220814381095,34.44278994919907,27.452689268303676,188.25651951878277,5.986197059850569,3.5535402860254526,3.300514474596501,259905.00000000003,1.0,4.91450617229586,4.163030301390697,72.5609826467168,27.557197825497823,71.23335009377972,26.19397338045251,1308307.2373986992,423218.1176263789,259394.39676727488,67.4805189798937,1097237.7704787427,566471.3019685574,259832.43901735332,27.557197825499344,849651.2689503445,379073.20479156676
260,142.8719315932568,5.043892432549886,188.79648777193566,6.665190072842737,190.72224690947908,7.208751900619581,186.8046113605151,6.950727358943518,64.27602106871522,32.43256016762479,0.03333333333333333,0.07929507613443851,259905.00000000003,1.0,60.17518444535483,26.784963646752942,514.670736015174,68.20557412431182,510.60323272514694,67.48051897989187,36.40068056744274,28.02102446582609,188.73570473408174,6.582819977427702,3.472416402853106,3.30488092614152,259905.00000000003,1.0,4.808265118247295,4.115218462572307,73.86349802877766,28.925649404754438,72.5609826467168,27.557197825497823,1326594.7096581482,423148.5206167834,259390.32926398484,68.20557412431461,1116262.5286095054,558493.1733839207,259831.13650197125,28.925649404757102,859889.0410777354,375648.7047028774
261,143.38813782978065,5.557720080770854,189.47862300551023,7.344180806271222,191.36477104992926,7.860924377004785,187.46868228113684,7.574706844820783,67.47454603131912,35.735783197965695,0.023774542456587434,0.06337806550179151,259905.00000000003,1.0,62.16821334064079,27.70569658683905,519.9532941633958,70.83377779409463,514.670736015174,68.20557412431182,38.099352102392146,27.863459399317986,189.31898115100265,7.219520747726125,3.06440713891267,2.7044269059623303,259905.00000000003,1.0,4.702709229766966,4.106856010669467,75.47802557717536,30.31323793896538,73.86349802877766,28.925649404754438,1339867.714137356,418923.4531245422,259385.04670583663,70.83377779409525,1130490.6042821803,549503.5060551888,259829.52197442285,30.31323793896835,866877.8492561727,372724.86077297345
262,144.00458058474888,6.136877223806582,190.29321413854535,8.109500389561683,192.17560773549062,8.65202941455054,188.21717316859446,8.198546159728739,72.5474585782925,42.92872319735914,0.01594846640355432,0.049371964443921175,259905.00000000003,1.0,65.5805266835069,30.008711030766904,526.9042775917778,77.46877479833655,519.9532941633958,70.83377779409463,41.83201049223615,31.03637064020393,189.98572199449328,7.840755413909633,2.745958506091404,2.015025042626496,259905.00000000003,1.0,4.676165948544847,4.105154243719038,77.39228455322525,31.581879791520482,75.47802557717536,30.31323793896538,1362115.5764953422,418090.65316877747,259378.09572240824,77.4687747983371,1146922.6349303706,539854.8710308466,259827.6077154468,31.581879791523612,877829.9882188942,368229.7168872017
263,144.67876511737066,6.7140652942634755,191.18410731755063,8.87221868024399,193.09133582125685,9.432833097134292,189.06098100905146,8.857984860459798,78.9677240123398,51.72524113196696,0.03821738989324667,0.15948783593171878,259905.00000000003,1.0,68.91096896606075,31.095857642846585,536.9228152481636,92.24282996479924,526.9042775917778,77.46877479833655,45.57747303864897,33.48597141157978,190.7620540484269,8.484987542979296,2.582804040015034,1.6322155818936857,259905.00000000003,1.0,4.766961592593085,4.052513429241036,79.56690108854029,32.516891724970996,77.39228455322525,31.581879791520482,1382153.9398779552,415920.40733318875,259368.07718475186,92.2428299647979,1155734.6453584146,534354.7130693785,259825.43309891148,32.51689172497418,885444.372171516,364623.6957701647
264,145.3976007678141,7.313348818002489,192.13400402839994,9.664135212289027,194.0995285417971,10.21521386300525,189.97381349080416,9.529480586978801,84.36836155617303,55.55149426862647,0.05644964239219844,0.1997594389979194,259905.00000000003,1.0,73.18241002750531,34.49583813558729,548.0523171344391,107.47135221533948,536.9228152481636,92.24282996479924,49.137978200011474,35.35066786445551,191.62640273822572,9.139187413101165,2.479882147889109,1.419789144747499,259905.00000000003,1.0,4.891172412990202,4.004242168938802,81.97389631203853,33.175741050376836,79.56690108854029,32.516891724970996,1404763.570510641,412029.09565977164,259356.94768286558,107.4713522153407,1167254.8849099819,528102.211595672,259823.026103688,33.1757410503796,893626.228178879,360107.51034422533
265,146.19161653380013,7.882985338594949,193.1832469266089,10.416875174094283,195.1947419345987,10.946491407039959,190.99298302054362,10.2424908139434,88.75832857357555,57.26388113341855,0.07137694821097314,0.22096294778552478,259905.00000000003,1.0,77.63985804598893,36.87639780046617,559.0994107138148,120.94367106381405,548.0523171344391,107.47135221533948,52.086899661774524,36.27445216418249,192.60411885514372,9.827617187672253,2.4182508940401433,1.267449048942643,259905.00000000003,1.0,5.039126417374665,3.934944031313424,84.59477183537305,33.47036106179239,81.97389631203853,33.175741050376836,1429003.890280446,407867.7986213599,259345.9005892862,120.9436710638124,1183853.6889776404,519258.68695817137,259820.40522816466,33.47036106179491,904681.1693682951,355625.66268358723
266,146.99617476752772,8.333338767173407,194.24642073894228,11.011989760544513,196.3642229820496,11.603517516561274,192.03680956523147,10.782879549686726,94.49067407878105,60.61540043509697,0.09667366606816176,0.25354804864542474,259905.00000000003,1.0,81.89497544470181,38.22472969120013,571.5984356818259,136.62156572466407,559.0994107138148,120.94367106381405,54.70913829049829,36.4753207588609,193.69047654294855,10.52183795183383,2.576897501664371,1.5209856541810092,259905.00000000003,1.0,5.156744428159247,3.8731250193998106,87.17461876186793,33.4291666804429,84.59477183537305,33.47036106179239,1457278.5589518505,401901.52762423805,259333.4015643182,136.62156572466236,1200635.8760230981,508702.916721635,259817.82538123816,33.429166680447274,921093.3706115854,350657.76190590183
267,147.7947282823326,8.691677597750122,195.30165956453484,11.485512795556886,197.4959493623695,12.040908490085952,193.07467301929114,11.181700986166922,98.61276195769959,61.10160517842604,0.11738486692977902,0.27020860109147243,259905.00000000003,1.0,86.02524521552658,39.941832568614196,584.0685675570691,149.8757350193868,571.5984356818259,136.62156572466407,56.348182711910134,35.736017544049844,194.80365028520225,11.096051867858597,2.7188709746592905,1.6238188315817341,259905.00000000003,1.0,5.257102904812597,3.810719199174522,89.71285069202123,33.119304751868505,87.17461876186793,33.4291666804429,1483874.2181520085,387345.4265276341,259320.93143244294,149.87573501938454,1219359.5482896813,496149.33346339845,259815.287149308,33.11930475187298,937799.199288443,341546.5695355167
268,148.63043648508497,8.976864478299314,196.40599627639486,11.862370001978602,198.63675824046697,12.344685504902692,194.14088700293914,11.478449421884447,100.04056102280937,60.75159789501849,0.12379231607032438,0.2696074990663993,259905.00000000003,1.0,90.71127411220675,41.91408094718694,593.2740621516014,157.080401552358,584.0685675570691,149.8757350193868,57.5154820418676,34.93745367540551,195.90861679768736,11.510770260758752,2.778300789323184,1.6322539257597288,259905.00000000003,1.0,5.453974966501704,3.7368844123634135,92.38852486919976,32.654868975365844,89.71285069202123,33.119304751868505,1506980.4407763164,374035.1578687473,259311.72593784842,157.0804015523582,1242900.6852250136,480038.2904322557,259812.61147513083,32.654868975370526,948232.661140146,334517.7379357847
269,149.5125680482509,9.24541940605032,197.57167901646076,12.217249247620641,199.8808634033083,12.676940029311483,195.28063221699566,11.75952393623053,102.32678085413856,60.504094920209,0.12903829173047196,0.2686451217111393,259905.00000000003,1.0,94.88251912784864,42.62220516036802,600.5892855861608,161.9610027997353,593.2740621516014,157.080401552358,58.87478048187583,34.11573422655542,197.06624704107784,11.872550730524356,2.852117696222464,1.6404992835325067,259905.00000000003,1.0,5.618230514875306,3.717322088446737,95.1546376878526,32.11375377058916,92.38852486919976,32.654868975365844,1527479.336958624,359296.470586952,259304.41071441385,161.96100279973712,1262104.570712909,462712.0651518617,259809.84536231216,32.11375377059693,957030.8161168878,325802.0948259874
270,150.4306282679116,9.444565003659584,198.78483873801366,12.480408491571442,201.17256816043349,12.964600569393044,196.4529431780618,11.99633435987652,104.89854911819553,60.33714775333078,0.13333333333333336,0.2675386903336625,259905.00000000003,1.0,98.37559851416813,41.43177773687672,606.9789028568549,166.50900318903868,600.5892855861608,161.9610027997353,60.385186505899654,32.9754037073544,198.27709800287127,12.242695869782098,2.96287364796645,1.6787392550532143,259905.00000000003,1.0,5.7326033448776785,3.6655747304279656,97.92436738476383,31.36517266874703,95.1546376878526,32.11375377058916,1553323.9226929354,337315.92984449083,259298.02109714318,166.50900318903967,1284462.8871154226,440607.7871970107,259807.07563261525,31.36517266875667,971632.7792468554,311846.4662235507
271,151.36284998393407,9.598794000656271,200.01671190262707,12.684213272400333,202.50148592790987,13.203411104655434,197.6752691834314,12.210506469896536,106.67645212393336,59.5631519482736,0.13333333333333336,0.2675386903336625,259905.00000000003,1.0,100.84407143405905,40.29251620003849,612.6779502133959,170.22551695306913,606.9789028568549,166.50900318903868,61.953486442767435,31.6465575833798,199.53152240352213,12.52005264311149,3.0505809805618025,1.6865680123301312,259905.00000000003,1.0,5.85492027074742,3.5870711995509925,100.72870667494945,30.36058596536596,97.92436738476383,31.36517266874703,1572863.951458016,314368.4631215729,259292.32204978663,170.22551695307035,1300306.0837072076,423293.26618696784,259804.27129332506,30.360585965375286,980425.2490814232,300603.5923352759
272,152.2524136596939,9.560780408289299,201.19221540699442,12.633980714808374,203.81857497376026,13.26877785170332,198.85476849565177,12.238915153442841,110.55416329690941,59.40352643401756,0.13333333333333336,0.2675386903336625,259905.00000000003,1.0,102.38585382979502,39.07886067736085,620.7129263471769,176.65233905581889,612.6779502133959,170.22551695306913,63.222097463749854,30.476738927180442,200.78712611052148,12.650201846587892,3.383002850284918,2.2412067921253516,259905.00000000003,1.0,5.963633033394393,3.51983663480151,103.30933685805891,28.921414703252285,100.72870667494945,30.36058596536596,1586024.815306009,299490.108760755,259284.28707365284,176.65233905582107,1302354.8158791682,420919.9092529654,259801.69066314196,28.9214147032603,983819.121357364,297554.644440921
273,153.05491775429564,9.392734214917894,202.25267448671804,12.411918166103785,205.04022261928623,13.097544611855529,199.93684906363978,12.064879222469697,114.59173600655502,58.05057654748744,0.13333333333333336,0.2675386903336625,259905.00000000003,1.0,102.81237732705894,38.7077889930373,632.3589516933397,186.4678166475986,620.7129263471769,176.65233905581889,64.21503404592366,29.352228848332494,201.9916173306042,12.579730276912192,3.828215750865631,2.935303360943057,259905.00000000003,1.0,6.020000514550139,3.477799590673118,105.50112162174342,27.10830668173598,103.30933685805891,28.921414703252285,1596584.2210809449,285103.83837199846,259272.6410483067,186.46781664760223,1302075.3639005558,421203.86158125516,259799.49887837828,27.108306681742302,992270.3954773492,290551.48572471633
274,153.7659788845098,9.116603692018126,203.19229728243948,12.047029218119908,206.09071655499852,12.731715898416931,200.88461524585384,11.758998816041919,117.08868262529471,56.52847964117714,0.13333333333333336,0.2675386903336625,259905.00000000003,1.0,102.27672435746587,39.329358835008385,647.0375766278352,198.92354346992568,632.3589516933397,186.4678166475986,64.57262360002053,28.87706402391383,203.06575542523808,12.314822928395486,4.373351613834993,3.7659754693013237,259905.00000000003,1.0,6.032966792508352,3.4651450921460594,107.16073680041679,25.094733776406372,105.50112162174342,27.10830668173598,1596283.0265786482,285522.2648318527,259257.9624233722,198.92354346992704,1295187.008776138,427515.30181520135,259797.8392631996,25.094733776414614,996952.8307027245,286273.25220987643
275,154.4501470671718,8.808087480590299,204.09638274985187,11.639344610280013,207.0850803058196,12.293574014991867,201.75284872380723,11.37556427566292,120.0098398637797,54.8553543349628,0.13333333333333336,0.2675386903336625,259905.00000000003,1.0,103.24855944005957,38.588011155228145,663.665523718222,211.99175776208776,647.0375766278352,198.92354346992568,65.64039646914364,27.926128780784587,204.01910347672307,11.92586498545023,4.903718913221848,4.28517619202238,259905.00000000003,1.0,6.056657956548457,3.4388656079540736,108.3136758437434,23.21218776950548,107.16073680041679,25.094733776406372,1600633.4702386141,280202.5622130577,259241.3344762818,211.9917577620881,1291548.2216016478,430612.25831618847,259796.68632415627,23.212187769511967,1002374.4171859625,281758.2080253354
276,155.18214081726256,8.50354437764795,205.06366721261642,11.236909813630728,208.1004000842315,11.82761179828144,202.6102979220521,10.959119157690342,123.18108993927856,52.71662786008077,0.13333333333333336,0.2675386903336625,259905.00000000003,1.0,106.818261377478,39.78372668491357,679.8950189466892,220.41499516007298,663.665523718222,211.99175776208776,66.1938737904218,27.234713130805495,204.9070127732851,11.506007662725349,5.3656326472257305,4.501218175387087,259905.00000000003,1.0,6.055946402309523,3.43975436447084,109.00398959882719,21.807985680227194,108.3136758437434,23.21218776950548,1614756.1356385478,262729.4109707245,259225.10498105333,220.41499516007354,1298077.7422077178,425206.9504083988,259795.9960104012,21.807985680232335,1008078.3670156595,276018.50129112875
277,155.9587823562696,8.17690119581813,206.08995067453108,10.805271774904604,209.17661016716994,11.316552586408612,203.5210006566171,10.487761217787329,126.05255547665189,50.16381485068863,0.13333333333333336,0.2675386903336625,259905.00000000003,1.0,110.81751301939079,40.61429001038557,694.996728070617,224.37176728718805,679.8950189466892,220.41499516007298,66.51879578484062,26.71457808754048,205.8867085260223,11.07590892180952,6.171087610656482,5.698947029646302,259905.00000000003,1.0,6.02921328392611,3.4766934522042727,108.84299769034332,22.23520531488811,109.00398959882719,21.807985680227194,1639627.703354381,234148.12270118308,259210.0032719294,224.37176728718947,1317180.0560081347,410520.27650351106,259796.1570023097,22.235205314892934,1025308.5021115239,264792.34440310986
278,156.78166653371727,7.805697785360943,207.17734144924236,10.314749431572222,210.29081147132666,10.770753369673361,204.53414242993,9.928506530078838,127.53242257778469,48.4308400018382,0.13333333333333336,0.2675386903336625,259905.00000000003,1.0,113.59060684236047,40.601818208851796,708.8052104727078,224.42472533110106,694.996728070617,224.37176728718805,66.64143755087154,26.49488273364575,206.94831338270708,10.556968904601067,6.742081781824098,6.08024173142974,259905.00000000003,1.0,5.889104084612972,3.6173602738575608,107.95525025927265,24.735566868340662,108.84299769034332,22.23520531488811,1646390.9377146973,228474.88927522165,259196.1947895273,224.42472533110242,1317094.6299743056,410570.5403407905,259797.04474974074,24.735566868343483,1028912.1782430059,263540.717135845
279,157.5559826601399,7.442806015697098,208.20055249818796,9.835210139096382,211.3216349389204,10.285529548414004,205.5478739750751,9.271410185282244,127.17421553431559,48.81599587451969,0.13333333333333336,0.2675386903336625,259905.00000000003,1.0,114.92198611876368,40.52304745072464,720.9241065549264,221.76933855515057,708.8052104727078,224.42472533110106,65.17311740962224,28.049086860996418,208.023366551936,9.9897797707208,7.101007453160075,6.134375619019707,259905.00000000003,1.0,5.4277500771986,3.42896543772578,106.23440825117052,28.952759571093768,107.95525025927265,24.735566868340662,1633057.9404078566,224091.7512179821,259184.0758934451,221.7693385551528,1298215.8030748838,415718.29294061335,259798.76559174884,28.952759571094862,1026224.3772428856,263088.83512160473
280,158.23935554781053,7.025362507178854,209.1035876944576,9.28358395066289,212.21958562424282,9.777469823294757,206.44639223697433,8.612924051088907,125.81753284853359,50.66659095294463,0.13333333333333336,0.2675386903336625,259905.00000000003,1.0,114.4925203082679,40.60353836425973,732.1157857618588,216.1990170245364,720.9241065549264,221.76933855515057,62.06826034239888,29.937666276227187,209.00428356857753,9.444027848050233,7.356189629245868,6.073268483277593,259905.00000000003,1.0,4.912685808352231,3.0057066743269885,103.73282784681594,33.87329108772491,106.23440825117052,28.952759571093768,1610711.785695154,213284.22558869273,259172.88421423818,216.19901702453856,1271981.2969457349,423672.1102682396,259801.2671721532,33.873291087724226,1019086.8505237417,262137.79019084747
281,158.7706806009269,6.562480143822232,209.76061447723663,8.661331129822686,212.912442966375,9.188398678705644,207.1404326728349,7.920227055561511,125.56458604855366,50.95977007720926,0.14289212421007924,0.26773337014302934,259905.00000000003,1.0,113.08036248538428,42.01238293564671,744.4571172008181,208.84241680344553,732.1157857618588,216.1990170245364,59.47129309201285,31.051131056105568,209.80023282409087,8.854045229064292,7.512814030353637,6.011312077764987,259905.00000000003,1.0,4.590091243049554,2.5843937618457558,100.74343839284519,38.4852628191204,103.73282784681594,33.87329108772491,1586448.6021499645,175780.08482603205,259160.5428827992,208.84241680344735,1235563.241326485,410971.97453148564,259804.25656160718,38.48526281912134,1004957.5074915712,249736.11857328
282,159.2602446848965,6.082256429044277,210.32362687587286,8.02656636220618,213.4924832565926,8.572634175326833,207.68996714432564,7.255108991008083,125.58957158072288,50.92827133302961,0.16027699113985827,0.274970039977924,259905.00000000003,1.0,112.10990915207195,43.066597316786925,757.7765026383291,199.39317666303737,744.4571172008181,208.84241680344553,58.074516217202,31.35245949355503,210.40858780171914,8.244933863879462,7.428523116938838,6.100673847433051,259905.00000000003,1.0,4.686681379392052,2.903884798533283,97.93492998863174,41.31832335791445,100.74343839284519,38.4852628191204,1567371.61720265,155210.55580668288,259147.2234973617,199.39317666303876,1195748.79509428,385566.8467972717,259807.0650700114,41.318323357915645,983246.4450866443,227665.49228461983
283,159.6731200463208,5.63233097198179,210.75407230304222,7.4694359676146505,213.98944329208183,7.969140598365667,208.11970415319172,6.663299542119919,126.64703560669786,49.70151025113058,0.17451051633343673,0.2774281445650566,259905.00000000003,1.0,111.45692076070088,43.941635210236896,772.7921069679927,188.16286061454986,757.7765026383291,199.39317666303737,57.050590810433604,31.533757980911922,210.91642225329423,7.712587195679614,7.465648910626604,6.071881341776858,259905.00000000003,1.0,4.884430813225761,3.4127841162432926,95.28704522456422,43.03436620571583,97.93492998863174,41.31832335791445,1550973.6876409848,139496.24810460105,259132.20789303203,188.1628606145501,1151119.5075734332,335561.0406998446,259809.71295477546,43.03436620571758,962022.295086253,198820.72542455414
284,160.09728018141175,5.165687859347449,211.17251045672649,6.9030305440845545,214.448496143342,7.338879446894857,208.47696533084962,6.155641407769403,127.81627477180271,48.03657861810923,0.1957227320108756,0.2877608648965259,259905.00000000003,1.0,112.46166487632189,42.8426576662552,787.9509941314626,174.17347792386926,772.7921069679927,188.16286061454986,56.8578675952602,31.628618825757446,211.37008932004204,7.205523369721209,7.47187570672827,6.0668456336751735,259905.00000000003,1.0,5.377178822423285,4.450038558868733,93.12568167359257,43.735831946183104,95.28704522456422,43.03436620571583,1543289.9927009493,143887.19226634203,259117.04900586855,174.17347792386687,1110574.687438442,277236.9067822978,259811.87431832642,43.735831946184646,935302.6031356078,162768.97323761432
285,160.59844218324875,4.728788503204551,211.66863298983054,6.318276152644684,214.94793189295584,6.721884437069313,208.86136358013238,5.661396941728214,128.44168602688606,47.60886976783934,0.21308982532691764,0.2912423394212637,259905.00000000003,1.0,115.97431532951288,41.8044742381245,800.205275003509,160.44433366675338,787.9509941314626,174.17347792386926,58.200468558509975,32.57904531816351,211.81808919212415,6.693372634969082,7.553444103203819,6.0411817315541,259905.00000000003,1.0,6.059248509157318,5.650872514760744,91.5648194128794,43.85042347721105,93.12568167359257,43.735831946183104,1549169.071986766,152786.0386032498,259104.79472499652,160.4443336667502,1089422.9907527477,224269.61361795198,259813.43518058714,43.85042347721275,919118.9337536596,120598.65563799339
286,161.10948839015887,4.289243930655528,212.17672623770704,5.722292150981906,215.50202458775692,6.087559911078646,209.27748939244813,5.179812504884182,130.58743608718498,47.27433719076802,0.23335110694707029,0.2969932382726494,259905.00000000003,1.0,118.49501984939062,40.92893732577366,812.0643401343563,146.492014506149,800.205275003509,160.44433366675338,59.571306029028726,33.36404217427908,212.3539667293703,6.152881821541012,7.73943928810586,6.016396236027709,259905.00000000003,1.0,6.506044783954651,6.131922874179072,90.26475824206153,43.73166244861313,91.5648194128794,43.85042347721105,1554868.903722232,158162.8367508418,259092.93565986567,146.49201450614808,1070335.0124705113,182799.4504252347,259814.73524175797,43.731662448614784,913214.8996223112,104655.5178466541
287,161.57785408414708,3.7863953798535728,212.6290208374907,5.096579553664032,215.9919803493623,5.392697794765506,209.64993110181769,4.706272312893985,133.0504364697784,46.61744252168392,0.246423158660251,0.29499188684829863,259905.00000000003,1.0,120.11488173678856,39.951743324010025,824.7534717086858,131.07330310147478,812.0643401343563,146.492014506149,60.685478153250585,33.506856291412156,212.8531292313048,5.589855786982591,8.118604421366767,6.092491467036371,259905.00000000003,1.0,6.789534730973194,6.255702360826876,88.86902188500129,43.553893124642016,90.26475824206153,43.73166244861313,1566434.5298094226,165356.63612215634,259080.24652829135,131.0733031014725,1061118.542759458,166677.99799455443,259816.13097811502,43.55389312464464,922431.1367657086,125933.28817649432
288,162.02050724982684,3.2534374092413576,213.04717147309992,4.468334882193128,216.3977277046067,4.798903969802194,209.9908913595923,4.247743398652261,133.68891689092843,46.65042212866695,0.35271355817111677,0.6097200002215752,259905.00000000003,1.0,121.37365643214083,39.65934544351356,836.7160186093023,115.72541895037169,824.7534717086858,131.07330310147478,61.97453897387448,33.88781218807214,213.28553200974568,4.969740267157138,8.37475616824877,6.100699007990414,259905.00000000003,1.0,7.232474579536275,6.534160514646661,87.66007362962213,43.2907212222337,88.86902188500129,43.553893124642016,1579268.280583652,171593.05208012628,259068.2839813907,115.7254189503682,1062215.39186438,167900.93912433746,259817.3399263704,43.290721222236385,936072.0875086635,145015.9463590355
289,162.35416225932192,2.7990802744885115,213.322438831887,4.0249012838182505,216.69377005880392,4.356385310538049,210.25224052218016,3.855095103945628,133.3240313322222,46.441751838546985,0.4362202943615955,0.7211244724649496,259905.00000000003,1.0,120.99519478301112,39.74598460759557,848.6086348641518,102.24909252865896,836.7160186093023,115.72541895037169,61.473384965921056,33.50237247278423,213.6250413859884,4.4078100891491525,8.646335365843491,6.063215825746054,259905.00000000003,1.0,7.5021593379988305,6.671693070345744,86.4492309351108,42.90502549108383,87.66007362962213,43.2907212222337,1576967.2420231802,168726.74130668648,259056.39136513587,102.24909252865471,1055946.051007628,161217.0473536053,259818.5507690649,42.90502549108661,948837.4090096197,162552.0501038938
290,162.58545818526034,2.416242148818964,213.4639084288709,3.7743853794571645,216.8645564726862,4.048900114315106,210.4117096378688,3.604861539165971,132.61143937308162,46.40007109246393,0.5045898273699104,0.773658258291955,259905.00000000003,1.0,119.5561521991862,41.073336115003265,861.1593322106772,91.34651767984198,848.6086348641518,102.24909252865896,61.25726824001591,33.44917080022762,213.83114333183295,4.034609835147023,8.917024072656403,5.942062672285153,259905.00000000003,1.0,8.02091459495408,7.069129656439462,85.48645479074182,42.41421219127094,86.4492309351108,42.90502549108383,1577474.9550308557,168790.85630551103,259043.84066778934,91.34651767984134,1052282.7515423484,159918.01358930542,259819.51354520928,42.414212191273265,962389.8020203024,173724.46428864414
291,162.7933594988737,2.0714484602208576,213.57401306897896,3.5964339091419997,216.9919029828104,3.816296724769512,210.47266065545924,3.5013423644242607,130.52539830739707,47.091577508344336,0.5570495839713862,0.7914170839216723,259905.00000000003,1.0,119.90113128114257,40.974864559616115,871.2265496529603,81.05300867902845,861.1593322106772,91.34651767984198,61.846663634788946,33.58585100814734,213.91648040672212,3.8662233287733034,9.138199095835894,5.774620782374428,259905.00000000003,1.0,8.722295901107705,7.625701439983216,85.00388492934695,42.04761404821201,85.48645479074182,42.41421219127094,1594429.9676921957,176028.33000030302,259033.77345034707,81.05300867902426,1066255.9372656718,172842.483335025,259819.99611507068,42.04761404821448,983173.6512404302,192048.26299382918
292,162.96912071745135,1.888588912993309,213.6403113296317,3.5292437118753095,217.05320011093235,3.7427558270949004,210.5218447266617,3.4377693595054253,126.01879360568944,46.67950599479068,0.6000000000000001,0.7950987924818798,259905.00000000003,1.0,119.80914988612933,40.9454752094777,876.8361933725205,74.03550606580295,871.2265496529603,81.05300867902845,60.545885236231825,31.966351577297253,213.98941883135845,3.738768948636263,9.200167624760422,5.716906038069622,259905.00000000003,1.0,9.259838351106128,7.885107340242419,84.99688898902599,42.040751115683236,85.00388492934695,42.04761404821201,1600873.1501482097,182299.2786379074,259028.1638066275,74.03550606579849,1079617.2491256327,188414.9768924885,259820.003111011,42.040751115685694,997264.1352833015,200280.42611197146
293,163.09510344945505,1.791535898471132,213.64080467482066,3.528881573252293,217.05839008173325,3.738226638601497,210.5292019817103,3.431839205708873,120.29248509251072,43.29633998838139,0.5713236273697623,0.8008800994282186,259905.00000000003,1.0,118.91827432775072,41.07769367786242,877.6390805099107,73.33620973599524,876.8361933725205,74.03550606580295,58.68320790764236,29.92857767584618,214.0353420878363,3.677832768979229,9.238818548652466,5.686847280167675,259905.00000000003,1.0,9.631146401607912,7.881290086463238,85.32255017531477,42.39302719339345,84.99688898902599,42.040751115683236,1600684.9584348293,182272.0978953275,259027.3609194901,73.33620973599041,1090139.520732876,190277.3911859866,259819.6774498247,42.393027193395994,1009067.7289377243,200401.89221563016
294,163.16720606902322,1.7673678005088853,213.57001298865382,3.5555632973470885,216.98265246077554,3.781336168585426,210.48039867300102,3.4536793969694584,115.25650157323437,42.556218703729655,0.547845399210663,0.8071456256899534,259905.00000000003,1.0,116.52813764025575,40.66768192634642,875.8195990436787,74.92342679627897,877.6390805099107,73.33620973599524,56.510363960326224,27.74603728317915,214.03019856698194,3.682897483342183,9.281557208077938,5.651073307167166,259905.00000000003,1.0,9.903945523204197,7.86348572506598,85.87827182377437,43.04305634876071,85.32255017531477,42.39302719339345,1591776.2183426018,185585.71319619098,259029.18040095633,74.9234267962741,1092022.7399452517,190203.2182986681,259819.12172817625,43.04305634876436,1015351.4582522928,197163.16511251818
295,163.18515293094174,1.76807342011433,213.42778278155907,3.5668014955369305,216.8363728647648,3.8290176828816214,210.3352952036646,3.4592282264446053,110.83622486777868,43.160978836049814,0.5286230517890269,0.8132789425039614,259905.00000000003,1.0,113.74251802918765,40.3991896909224,872.3846828304808,78.25034236680625,875.8195990436787,74.92342679627897,54.285938208047085,26.304801032956266,213.9278736739272,3.747800501252024,9.288416801726802,5.645486330667857,259905.00000000003,1.0,10.005752829380748,7.822656538729534,86.52894118476165,43.814522605324086,85.87827182377437,43.04305634876071,1573319.3036529697,200133.2101981513,259032.61531716955,78.25034236680241,1084345.4245141984,192218.28154464607,259818.47105881525,43.81452260532767,1011884.2094921572,199709.93335910182
296,163.17891534503596,1.7688982117220384,213.25425404746454,3.591077402124504,216.6064600930808,3.8737985870095324,210.2061681558021,3.4505033471154545,105.52842542591792,40.11177196749607,0.5033263339318382,0.8176600959757961,259905.00000000003,1.0,110.02475288851299,41.57712652263405,867.3850290339537,80.5878917654413,872.3846828304808,78.25034236680625,52.15176548122246,25.43486059118946,213.7329081293029,3.802663663252689,9.20349670440273,5.699513689262216,259905.00000000003,1.0,9.988118262162459,7.835199272949065,87.2468960758547,44.61989174486906,86.52894118476165,43.814522605324086,1551933.9137059576,210764.8700144436,259037.61497096607,80.58789176543914,1077116.4496051557,194450.09447277727,259817.75310392416,44.61989174487099,1006373.0078875362,200736.65366975032
297,163.14990695922233,1.7779216085210054,213.05131150841217,3.632627933433659,216.37394596464003,3.9752432274202527,210.067759686856,3.450913652482784,101.71019350488231,39.673211797021125,0.482615133070221,0.8224231530978815,259905.00000000003,1.0,105.50558337132964,43.115196014903326,863.1070240344362,81.53514320913409,867.3850290339537,80.5878917654413,50.67319480329537,25.983377010441053,213.51142395716062,3.8392409365019216,9.167153521506677,5.724866976182003,259905.00000000003,1.0,9.942478101448666,7.872752848542071,87.95555398913004,45.363213239897654,87.2468960758547,44.61989174486906,1538677.9719836006,216124.0643226702,259041.89297596557,81.53514320913236,1071330.666063856,194320.4166032095,259817.0444460109,45.36321323989998,1009434.376181796,201297.2307130932
298,163.08633199484095,1.79299880369405,212.80313890386822,3.6593832377936435,216.12067977219988,4.087630141289869,209.9036253083443,3.440982426658266,99.71976245539815,40.913221429147,0.47620768392967566,0.8255066120329657,259905.00000000003,1.0,100.70386621497572,43.094486172593925,861.646712590929,82.29884742943558,863.1070240344362,81.53514320913409,49.529706102824484,26.709874345605037,213.28179877119337,3.8889951187347296,9.192225159680694,5.702441715981517,259905.00000000003,1.0,9.802490224237378,7.964772855623667,88.49915238702005,45.924942637020195,87.95555398913004,45.363213239897654,1528574.3430984127,218774.71747422338,259043.3532874091,82.29884742943457,1065373.0342264716,191005.58089492802,259816.500847613,45.924942637022504,1018993.5287038592,201717.10896498742
299,162.9693703559422,1.7792796248137375,212.48470235847353,3.605257530531695,215.75983778624408,4.10609882615829,209.66734097229016,3.351226565547136,96.89137653761296,41.734489852627604,0.480520499146274,0.8241202890307004,259905.00000000003,1.0,96.60040310827354,42.88733929421037,861.4571655211222,82.42943542262486,861.646712590929,82.29884742943558,48.036416991936996,27.43872123826308,213.0087591089313,3.8785899368844916,9.26911416908299,5.64667952621361,259905.00000000003,1.0,9.635032238553219,8.065485613792717,88.79840378982361,46.22714452599612,88.49915238702005,45.924942637020195,1519866.1051859045,222246.2081095413,259043.5428344789,82.4294354226241,1063035.7358534485,190623.07022530062,259816.2015962102,46.22714452599692,1032127.7244508946,197627.13548022258
300,162.7852207540536,1.7725746645456804,212.07879927844928,3.5353054391866223,215.31443667249624,4.055955755994612,209.35006958409346,3.2006351948680662,95.72497563835478,41.01728302716783,0.4840515335964457,0.8227874245989393,259905.00000000003,1.0,93.79216388464712,43.0320416863275,862.9059257412334,81.9220688436515,861.4571655211222,82.42943542262486,46.580244932603875,28.054753287910263,212.64705681851362,3.766606895427013,9.542358964942762,5.637444895461341,259905.00000000003,1.0,9.586484179300541,8.093845339901327,88.77586233751472,46.20662555466824,88.79840378982361,46.22714452599612,1521760.0349474824,223558.59307353952,259042.09407425878,81.92206884365027,1064754.9324688232,191914.67443199945,259816.2241376625,46.20662555466821,1053679.8576901993,215871.55386020668
301,162.5746176021442,1.701858365557396,211.63803383457372,3.346985833866557,214.7967832462563,3.891102044617012,208.9444020527692,2.895426635588339,94.99382916855596,41.00067278684667,0.49045898273699107,0.8196303057118205,259905.00000000003,1.0,91.83407088692749,43.20950746434677,865.5752250401249,81.1516230174636,862.9059257412334,81.9220688436515,45.1872974774433,28.49048231363033,212.20672139954553,3.6015323697344273,9.803763534476515,5.575490738909008,259905.00000000003,1.0,9.60760561809461,8.083306124509662,88.51303775446615,45.98178905765322,88.77586233751472,46.20662555466824,1529736.588416351,226498.95954402108,259039.4247749599,81.15162301746236,1071961.9588920313,196272.52876663586,259816.48696224554,45.98178905765218,1079846.9182721123,222678.90583285477
302,162.4335466894028,1.690223806178186,211.28870571577806,3.2360102209092325,214.30451776209682,3.6734258050154693,208.60194319421032,2.594443517442466,93.32795224145174,39.05180116385567,0.49570495839713863,0.8168819561199717,259905.00000000003,1.0,92.08795655227556,43.2483342076972,866.3195157709039,81.30839141051666,865.5752250401249,81.1516230174636,44.68357433285159,28.464174676941152,211.77297915026787,3.3753568066583886,9.810015920845222,5.577413227476922,259905.00000000003,1.0,9.705875856305836,8.048430302630818,88.3422310232601,45.85187617393315,88.51303775446615,45.98178905765322,1545202.6665199406,235907.5687334384,259038.68048422912,81.30839141051531,1083773.7963192994,193683.07662408287,259816.65776897676,45.85187617393218,1105726.5628870989,230792.0406255321
303,162.36584347689583,1.7166333932454374,211.0361066271423,3.2244409588864245,213.91352030506658,3.56230724514167,208.350461040474,2.4405429242797982,91.55113661442881,37.3670547291461,0.5,0.8145210692288993,259905.00000000003,1.0,93.09346492129708,43.21897985840349,864.2771874640357,79.91368348928918,866.3195157709039,81.30839141051666,44.60210353551432,28.46417894476905,211.40500883115183,3.1856691286489207,9.682847038094398,5.517404185707263,259905.00000000003,1.0,9.831056339778533,7.990690207935106,88.42377365827757,45.902844641141776,88.3422310232601,45.85187617393315,1560283.0041894943,238420.51219598364,259040.722812536,79.9136834892869,1096676.916510243,192837.92525118805,259816.57622634174,45.902844641141364,1127545.6010916117,239424.57593534584
304,162.3690574100725,1.7133047003203068,210.8772638293285,3.280686814977651,213.6602118328949,3.6069831517464994,208.18852090043492,2.4259235583189303,90.61530728112194,36.99170560056595,0.5,0.8145210692288993,259905.00000000003,1.0,94.51237523318157,42.47292235971804,859.8801195119761,74.62091267164794,864.2771874640357,79.91368348928918,44.73257333030634,28.4150572376955,211.13412564569336,3.1555768547335337,9.353379976017981,5.344625944039938,259905.00000000003,1.0,9.986837202435119,7.8968374799995225,88.99056421802804,46.162776400424384,88.42377365827757,45.902844641141776,1578914.938658844,231750.23923952473,259045.11988048806,74.62091267164769,1113341.839141238,189629.73235635695,259816.00943578198,46.16277640042472,1152428.7245181224,244043.48248259848
305,162.400431974248,1.6856072073040942,210.75491652954418,3.3040665367046773,213.443163239973,3.646215502683459,208.0965981508559,2.4305171622887665,88.10188329370506,36.67604437263656,0.5,0.8145210692288993,259905.00000000003,1.0,94.39231047269863,42.49526269947164,853.0896923329825,64.24920650452572,859.8801195119761,74.62091267164794,44.041309449447134,28.36678538838766,210.94872380758778,3.201434194464981,8.910684633190046,5.290278087218435,259905.00000000003,1.0,10.11745012247995,7.803994296883617,90.13066304065129,46.530455096785616,88.99056421802804,46.162776400424384,1589416.3088774756,227144.21664208514,259051.91030766704,64.24920650452664,1127589.6101085101,187993.1341360382,259814.86933695938,46.53045509678568,1172206.4154110583,242925.38628922793
306,162.3858937156843,1.6882493989369751,210.57141763021679,3.241805907517563,213.19542782591992,3.615389615485896,208.02024914594378,2.4110489155175987,85.38574928012194,36.165816329664956,0.5,0.8145210692288993,259905.00000000003,1.0,91.11093239897392,40.08693694098961,846.8645092141305,55.61674546803692,853.0896923329825,64.24920650452572,43.63522570515264,28.499988688837366,210.81770707826703,3.219254723322496,8.506484695619418,5.347035629982547,259905.00000000003,1.0,10.251081995377625,7.691824114426407,91.80859367374282,46.863149791523504,90.13066304065129,46.530455096785616,1592383.902121082,226446.77181163832,259058.13549078588,55.61674546803866,1136284.7997408449,190314.6960267648,259813.19140632628,46.863149791523306,1193994.2708907118,239488.64119273872
307,162.30848223125528,1.672959275905971,210.30521303486816,3.061916291688665,212.87130691359437,3.4663009820105835,207.87396431961827,2.333244154822964,82.84989916785489,36.069518807975896,0.5,0.8145210692288993,259905.00000000003,1.0,87.17032838814222,37.06164678268664,842.0440799938432,50.58930665821972,846.8645092141305,55.61674546803692,43.17373162039552,28.846943425823792,210.59568497935203,3.1278022162168875,7.781019158943847,4.399032227132325,259905.00000000003,1.0,10.345433931665022,7.591421801247553,94.32545936155081,46.568005573496954,91.80859367374282,46.863149791523504,1579791.0176679457,229344.54548542123,259062.95592000618,50.589306658220664,1132321.367037647,188369.11129542353,259810.67454063846,46.56800557349611,1200236.6613820973,239525.25705762111
308,162.1918047743112,1.5818467407961478,209.98689584183975,2.66902877517402,212.48694959752905,3.13213712915086,207.65509204218344,2.051284377876602,81.09401571412168,36.82328854369125,0.5,0.8145210692288993,259905.00000000003,1.0,83.87073307466777,35.30614016620389,838.3850109982272,49.472628675345916,841.6617283587733,50.760267552293875,42.8312537790274,29.16196532816668,210.31453201196283,2.8801264282463475,7.24837358727497,3.9615571085357115,259905.00000000003,1.0,10.428725071746701,7.491765118116269,97.52170786759918,45.356618549693984,94.37325331593455,46.60185353079131,1573919.722713093,232187.92188756505,259066.6149890018,49.47262867534747,1134703.5928654633,188167.11133835875,259807.47829213244,45.35661854969329,1209501.3991246666,236569.05923959857
309,162.06943381080495,1.4686991365997508,209.6611264718597,2.141954756039033,212.09579411568188,2.6690835238322492,207.4281006232676,1.6324445029318824,79.92154025069368,37.690991614271645,0.5,0.8145210692288993,259905.00000000003,1.0,80.90224965159051,34.869123824448785,836.2089069201393,50.3987716678142,837.689616321036,49.89458329441153,42.68106486181699,29.31622973440887,209.9905137637977,2.458265282416742,6.88612641282511,3.8952708105657896,259905.00000000003,1.0,10.486368641652463,7.416052771919591,101.18979239654941,43.06980766439276,97.60863220224806,45.41465937689496,1572065.6697977432,232923.29930190308,259068.7910930799,50.398771667814835,1144704.7335138395,184047.0672915574,259803.81020760347,43.06980766439308,1219737.6493548546,235175.96726709275
310,161.98949469389595,1.4317475171285206,209.3916109889304,1.7100287050125325,211.76066039568133,2.276821740002101,207.23972994233165,1.2260759779533992,79.63750444277825,38.02846263059721,0.5,0.8145210692288993,259905.00000000003,1.0,78.60905648845659,35.758363869958735,835.785662231648,50.859798111703036,835.2572142773263,51.06918396108651,42.93391807404948,28.966031841180552,209.67842676214406,1.9473776933009819,6.643825919101015,3.9436235434090596,259905.00000000003,1.0,10.519497274467463,7.369668054741107,105.17583524906175,39.508376322647116,101.30875397690103,43.143961670313615,1571764.2516056222,233174.17202314612,259069.21433776838,50.85979811170452,1157535.3708530334,169786.28053241578,259799.82416475096,39.50837632264925,1230419.1303483986,229688.06096100365
311,162.05785499524032,1.4196024524441175,209.36180475349786,1.6873504737699765,211.6280736244197,2.1857208880072116,207.18785369119956,1.170702989760614,78.69161544089978,38.75203000858199,0.4904412091232541,0.818781301510733,259905.00000000003,1.0,79.89076594653581,35.48823691896439,832.9345388476698,55.100786945418044,834.6241305624291,51.774781393485185,43.16664117636514,28.712396423446112,209.4835085084297,1.6947854751319777,6.555100892754628,3.954244748190596,259905.00000000003,1.0,10.509920709976981,7.37936350068084,109.27584652493647,34.673066588087984,105.32102670771411,39.59216243996713,1582983.7239031722,238889.0480771776,259072.06546115235,55.100786945421426,1183380.5043766657,179790.5682795254,259795.72415347508,34.67306658808921,1246718.0121587247,231381.2689625458
312,162.17849014987493,1.4244519282466188,209.4387102502514,1.7405851795922676,211.61401964317966,2.1793393159519026,207.27437550294792,1.233795379204527,77.40160951232866,39.88991870680942,0.4730563421934751,0.8236206825826511,259905.00000000003,1.0,80.85921611180208,35.134137079358254,827.6705425726695,64.08650296182282,831.6012055143365,56.26188534707622,42.90593425185305,28.85885934752658,209.46923693411978,1.6837340117102688,6.6738842165252645,3.801100293938579,259905.00000000003,1.0,10.11621196440394,7.453896110922798,112.8848409394818,30.227143616591963,109.44251319160313,34.761868849181674,1598988.7750545728,246552.21599790957,259077.32945742735,64.08650296182589,1215867.065182859,206218.12801505777,259792.11515906054,30.227143616593406,1273697.5737385724,237040.11766042438
313,162.36239145490975,1.4214768118633134,209.62940672663646,1.810348021323444,211.68168325900203,2.206577091564284,207.45684872451238,1.3019854901217414,75.33483434546723,41.04247192788042,0.45882281699989663,0.828121340512603,259905.00000000003,1.0,81.5173023155933,34.63291626638425,819.6959184522103,75.09697875937788,826.3372092393363,64.97585331216851,42.35649099186807,29.134286362486844,209.50755069864329,1.7136291131037455,6.649397320836129,3.8249352251359445,259905.00000000003,1.0,9.68520732435732,7.49904516230868,116.08731760966967,25.986373854706734,113.05150760614848,30.308442877376567,1615185.9166712104,252300.98476759993,259085.3040815478,75.09697875937822,1246912.7840321367,225390.08411658858,259788.91268239036,25.986373854706883,1301287.6007164868,244248.70123546635
314,162.52593543761756,1.4814847262408235,209.81970996575535,1.9125831117923304,211.7938897759386,2.252996883554887,207.67162153023423,1.3863693001402146,73.93010856028741,41.681899446162156,0.4376106013224578,0.8315598464685529,259905.00000000003,1.0,80.95322192947873,34.776606426020315,810.9018611483632,86.47854148912681,818.362585118877,75.712211085559,41.60482458389924,29.511341811629993,209.60276055501524,1.8120834530489087,6.67714310067175,3.7991114169230267,259905.00000000003,1.0,9.093360798913197,7.312622869993287,118.67020197457778,22.638735720099948,116.25398427633633,26.05971646525808,1631477.0846536295,250601.28719880496,259094.09813885167,86.47854148912816,1271360.9345744047,231624.28093187002,259786.32979802543,22.638735720101344,1327989.7587633855,229023.1863875544
315,162.57939066646037,1.5524004296103937,209.88872037787993,2.0041349074087536,211.82988994238178,2.2943086884378885,207.82230274121932,1.556369304049102,71.71656311327855,41.68911744199822,0.42024350800641574,0.835190670019271,259905.00000000003,1.0,77.65981182479328,32.117178663225886,803.2050355955087,97.37559191653693,809.5685278150298,86.8738243565921,38.90108862880158,27.66942458514877,209.68269310654568,1.9094300098429295,6.57812096807833,3.8318136933203317,259905.00000000003,1.0,8.398504448141336,6.76358153683701,120.65725212130745,20.33978782199043,118.83686864124445,22.70327952866246,1630369.9489213726,249667.53452822685,259101.79496440451,97.37559191653719,1278790.4222824369,239008.48806511602,259784.34274787872,20.339787821992836,1344048.479372312,225087.0037892259
316,162.59340436274528,1.5746032651113513,209.90681227119381,2.032799150858618,211.77338445080554,2.195374273488509,207.91577998007276,1.7204617757387588,67.63274395274132,39.22267905262206,0.3999822263862631,0.8378514674066064,259905.00000000003,1.0,74.13637939045157,30.676905769107368,794.9680845980788,106.81970117611442,801.8717022621754,97.61811562991036,36.04503655129591,25.74609545215673,209.66540063661137,1.8722656780204165,6.328060604154168,3.8683802427309804,259905.00000000003,1.0,7.865313522715132,6.515483259525658,122.36117170653507,18.461839064048217,120.82391878797412,20.394811234475203,1626187.3740959624,248133.0174589292,259110.03191540195,106.81970117611382,1290884.871926413,245086.93127072926,259782.63882829348,18.46183906404958,1358746.786080264,224456.633597668
317,162.58113035732453,1.5632148717408272,209.8909669738785,2.018097145754937,211.74651150461884,2.1562273802653134,207.96670663465147,1.774655089434462,63.97885985038438,35.57970539903626,0.4060277564265742,0.8384472037582037,259905.00000000003,1.0,71.03510446081847,30.581036452228272,786.1724788978848,113.17049667496693,793.6347512647455,106.93463673642798,33.57817687581791,24.820605061649363,209.65129194261095,1.8422526312976812,5.9442372930101355,3.5585605098118496,259905.00000000003,1.0,7.502521484509848,6.493061681978896,124.08612256470145,16.047541403476387,122.52783837320175,18.506574501928707,1613390.2450683902,247082.38080592355,259118.82752110212,113.17049667496336,1290611.8270443098,245169.78092617056,259780.91387743532,16.047541403476878,1359472.000703727,224340.10716630085
318,162.51928957047505,1.52742980677612,209.81113158846907,1.9718993968022722,211.68830513069705,2.085775152059797,207.95159361910814,1.7664527432739638,61.35104544866468,32.1104356487305,0.31538950902177465,0.6539288251494114,259905.00000000003,1.0,67.95862333309475,28.97317295219118,777.9161781710997,116.79241002564962,784.8391455645516,113.17184081030726,31.042656068367982,22.614381819455716,209.6266654474243,1.8111869028102123,5.739098672317661,3.3522666888346397,259905.00000000003,1.0,7.033880395677061,6.246193747125418,125.54757095472753,13.641175614942721,124.25278923136813,16.080502872241365,1600385.48861542,244755.3066747506,259127.0838218289,116.79241002564588,1290504.6937320104,245185.03337819135,259779.45242904528,13.641175614941629,1364980.0582373193,225289.5952162778
319,162.48444552789778,1.5230821561120031,209.76614839779637,1.9662867287169623,211.62054154352737,2.0278005113992887,207.94553469247288,1.766032441643929,58.86773786122015,27.226364769919787,0.24469767111238666,0.5072112418857803,259905.00000000003,1.0,66.10779427729541,28.17404593501927,769.0980907505788,117.11306254548177,776.5828448377664,116.69616648514793,28.87754938743904,20.88203478242165,209.5959535305364,1.7940180398627052,5.515327798175691,3.1537996075008135,259905.00000000003,1.0,6.757219171997499,6.077958283089922,126.956128995216,10.916396046414619,125.71423762139419,13.661504747460409,1593431.336019007,243361.74176697107,259135.90190924943,117.11306254547866,1302558.1130419665,246144.4661649125,259778.0438710048,10.916396046414498,1376931.293239768,233188.66105476575
320,162.52017762074638,1.5182356915674133,209.81227805706493,1.96002993011665,211.62967019412474,2.030306879030179,207.99413806978933,1.7610536181154393,57.156014293474946,24.39895690676092,0.18682008942436681,0.37609653038595264,259905.00000000003,1.0,67.13803526973602,28.605383767679324,757.5959163515599,114.44291589559937,767.7647574172454,116.91309547313504,27.074607055482602,19.868766653252884,209.6256356593701,1.7985524769602297,5.393435075378152,3.033054109107191,259905.00000000003,1.0,6.244836684882775,5.487253858607873,127.9741972713873,8.8197282289082,127.12279566188266,10.919571089572067,1586337.9195381913,246085.817410277,259147.40408364846,114.4429158955958,1316150.5162923022,243198.42441433057,259777.02580272863,8.819728228906442,1382736.9736046214,233192.2969357104
321,162.51943225409985,1.5183983623215458,209.81131533569948,1.9602400404009088,211.64214656934084,2.0331404550041277,208.08172510388547,1.6981317326571026,57.206578804576196,24.460784067700857,0.14295041602861386,0.27073363013467616,259905.00000000003,1.0,66.14316706794665,27.429174469999168,747.1830443388275,112.21693721993417,756.2625830182266,114.0993134805926,24.871175006599923,17.569508787414286,209.7319054548456,1.7698422090981725,5.314192139061327,2.9918131494952416,259905.00000000003,1.0,5.556696583733191,4.276099093086015,128.38336838272582,8.170902056809636,128.14086393805397,8.803742280619964,1563457.0807441545,246728.48375036573,259157.8169556612,112.21693721993132,1311424.2004298097,242535.1222655956,259776.6166316173,8.170902056808371,1381535.210524273,232977.6608723845
322,162.49563102160636,1.5076287452033732,209.78058784068833,1.9463365128633443,211.6209360904027,2.015701237768045,208.1308012378714,1.6840155115910076,57.50775109503488,24.61287055772532,0.1,0.16383175622084598,259905.00000000003,1.0,64.5506626004939,24.785725011889287,738.7067995000352,112.66025702929123,745.8497110054942,111.73803368998803,22.685153570528364,14.056832180333423,209.77314834719505,1.7575060972382328,5.303051406886012,2.9939310513707746,259905.00000000003,1.0,4.979675335510934,3.1981835440191446,128.2266589780174,8.286941481713209,128.55003504939248,8.144987357085515,1544450.128224487,244824.18159944474,259166.2932005,112.6602570292873,1307073.290617532,240628.26790702334,259776.773341022,8.2869414817124,1380967.7736249322,233172.5963470728
323,162.50048639970336,1.5113766307387548,209.78685556657217,1.9511745739986022,211.5980234393084,1.9917464775491955,208.16719263963074,1.6919661606238268,57.13553452980457,24.61209613492571,0.1,0.16383175622084598,259905.00000000003,1.0,64.27383288450636,24.41844948611207,730.1351678120001,115.44006338360903,737.3734661667019,112.07898082783116,20.99013889364522,11.725497685455725,209.7769758860848,1.758017450288346,5.211962023059717,3.0287003003605246,259905.00000000003,1.0,4.61328928525443,2.5899155101882894,127.7946529068788,8.303171661550063,128.39332564468407,8.264660638659496,1530059.3823490224,252588.2989248428,259174.86483218803,115.44006338360428,1305478.5290349366,241005.65820521174,259777.20534709314,8.303171661549174,1375941.3038165767,239153.49249198713
324,162.5198648247458,1.5300510931980824,209.81187231252036,1.9752824877816808,211.60189821162248,1.9963174534616095,208.22165196085234,1.7218652945511115,56.82464870695174,24.785410177607282,0.11911758175349181,0.1839835334135863,259905.00000000003,1.0,63.66294929933211,24.013506512058342,721.8444163045328,120.05981334380989,728.8018344786667,114.76988622017682,19.825648557710625,10.051682546791927,209.8135653779511,1.7837946522318622,5.132332692072761,3.0571868616132014,259905.00000000003,1.0,4.2298144661046635,2.0438618196200653,127.05880134757736,7.94969100426937,127.96131957354545,8.289924221775129,1521913.518307164,260850.52540551432,259183.15558369548,120.05981334380414,1304926.2570664259,241482.61523761175,259777.94119865244,7.949691004267019,1374128.8414764123,242228.9206994062
325,162.529515354808,1.5374235720365759,209.82433066941678,1.984799942668449,211.60534286260827,1.9998207879650725,208.28387107808976,1.7509283717443425,56.731081199467425,24.852129597089426,0.13476973385955804,0.1932411990230487,259905.00000000003,1.0,62.51963157711539,24.16636646182663,714.587762859692,124.73296765651155,720.5110829711996,119.31976487778479,19.01117191360992,9.417892701612779,209.85939567502007,1.8106259931236786,5.040987162901199,3.103691763352136,259905.00000000003,1.0,4.011243015677203,1.9251051482320154,126.19572386702004,7.224163210324633,127.22546801424403,7.95182450397189,1514241.9879778828,274904.9284224298,259190.41223714032,124.7329676565053,1304205.8210568447,242685.92090345014,259778.804276133,7.2241632103226125,1375372.586899488,239368.2675285241
326,162.5802689436825,1.5735013369486606,209.88985295754708,2.0313755749505695,211.65167299177995,2.0381354138896994,208.35068513763994,1.7993813644549492,56.45953288954706,24.953442634156442,0.14758463214064876,0.19671192404384363,259905.00000000003,1.0,62.52132135881122,24.164997012230124,707.0450564249538,128.73254809824823,713.2544295263586,123.94007574795624,18.409219375719744,9.172672485774237,209.9236134071608,1.845178843216613,4.948072844320057,3.1621288045288045,259905.00000000003,1.0,3.936795669786451,1.9545278762156384,125.35111335915309,6.298641253626867,126.36239053368669,7.247073401887445,1511326.1753283627,279404.1858474212,259197.95494357505,128.73254809824266,1306030.1159449287,239845.2815138887,259779.64888664088,6.298641253625976,1374732.1870245342,240732.2969112187
327,162.62765406231065,1.5829078308910203,209.95102636367406,2.0435188573011382,211.72531423124914,2.066474098446797,208.42197961910045,1.8292204552714681,56.729757923152405,24.933649418787763,0.15807658346094391,0.1969627403228206,259905.00000000003,1.0,63.25823990324606,23.33721941948222,699.025164528066,131.26036203127748,705.7117230916206,127.8831131535736,18.047928981618597,9.319550685212228,210.0171745012486,1.903170638221953,4.846841144312166,3.215585769340729,259905.00000000003,1.0,3.8899092688047063,1.9934227345611228,124.5608481503123,5.306759280777382,125.51778002581976,6.347886691454057,1501124.5367731047,293988.4601164063,259205.97483547195,131.2603620312706,1300940.1679268095,248221.10579818787,259780.4391518497,5.306759280776008,1369046.4928279035,249556.1801607905
328,162.67951277008186,1.5788177445996632,210.0179749244406,2.038238346471161,211.81477827985822,2.0794622091482324,208.50952230475778,1.8573534433494687,56.91796700408925,24.87573880447849,0.16666666666666669,0.19544456322649761,259905.00000000003,1.0,63.80164652509595,22.748796976321252,690.6414850070593,132.6752053364434,697.6918311947326,130.34255057673374,17.696213482576287,9.565375043280014,210.14431869903794,1.969019849990583,4.746823370698429,3.2692445159616725,259905.00000000003,1.0,3.860090064235262,2.0177466843222582,123.8407815105158,4.215710358897575,124.72751481697897,5.390452960020525,1484806.6441024686,316699.48145290534,259214.35851499296,132.6752053364361,1292039.460702125,260789.11470941806,259781.1592184895,4.215710358896677,1358168.2281285957,265320.1174932854
329,162.7582249749032,1.5756047434397689,210.1195910673369,2.034090107667199,211.9192274459643,2.080743517441092,208.6166824588352,1.8888724083631727,57.893571070598796,24.936885187620437,0.15710787578992078,0.19637860171222127,259905.00000000003,1.0,64.35556119985704,22.32747104846849,682.6890536686777,132.80511215731505,689.3081516737259,131.6794614567955,17.428459791853953,9.793413947844785,210.2647842472127,2.018720186437161,4.576380800111036,3.312770775827038,259905.00000000003,1.0,3.8446904438365386,2.029839767502403,123.27575782090797,3.2650897235155436,124.00744817718247,4.349230014784529,1469461.5043869826,336089.84586187964,259222.31094633133,132.8051121573075,1285034.4667862002,269917.9784434687,259781.7242421791,3.2650897235145924,1347765.3314746302,279022.33607514057
330,162.89398778112422,1.5200647175420352,210.29485875465673,1.9623887395919988,212.0663800025569,2.044933165011544,208.7733598056742,1.8809484707183828,56.53664689010382,23.437438293092704,0.14928179973688765,0.19784914563530692,259905.00000000003,1.0,64.42716268919445,22.286348168128963,673.3159227365169,130.03877942349314,681.3557203353444,131.7271062916748,17.15079984282469,10.006253378894488,210.42279633850433,2.0645796838487547,4.185779837557358,2.9129688740986195,259905.00000000003,1.0,3.7505603228469653,2.072072348950123,123.00720497286424,3.094990001755788,123.44242448757464,3.46399113004498,1439980.554271045,353635.4138907237,259231.6840772635,130.03877942348527,1272117.088855118,281726.76998954505,259781.99279502715,3.094990001755084,1325095.9021429433,290639.7349762912
331,163.0447133850644,1.454679773469524,210.4894431645165,1.877978129906489,212.24926272246324,1.959849807565191,208.9705784010333,1.810798236267879,55.22243089994106,22.86784888545182,0.1428743505963423,0.19951610898759345,259905.00000000003,1.0,64.18406308239645,22.379678362995982,662.8780828701318,125.22794250212725,671.9825894031835,128.83733914473999,16.79955460199482,10.214821429607856,210.62539179710197,2.0309853927824406,3.828738310887106,2.5116890879350477,259905.00000000003,1.0,3.6030650792186174,2.0629871638169184,122.94819840786242,3.1154979003308796,123.17387163953092,3.3181306767141776,1404952.5758046247,375724.2216349779,259242.12191712987,125.2279425021203,1255182.2458075976,295550.47631074424,259782.05180159217,3.1154979003300025,1299745.047226584,306303.41642035794
332,163.2027979029191,1.4286744718980333,210.69352820520658,1.8444057322573086,212.42668014502607,1.8743282866257733,209.1619866155552,1.7858263748671088,52.37330898682952,20.43049870744529,0.13762837493619473,0.2011836298080229,259905.00000000003,1.0,62.432195428235616,21.33718894266255,651.3482347204562,119.01727111472029,661.5447495367985,123.86371279051107,15.8030936280525,9.420080198769817,210.83328683137387,1.991552210878467,3.5087317173073105,2.064748150217421,259905.00000000003,1.0,3.3771594876831545,1.8872884474974279,122.98329284490492,3.0825286552275193,123.11486507452909,3.340314706001435,1364845.4285680908,384573.86643500987,259253.65176527956,119.01727111471423,1243928.9096285808,303503.5794146988,259782.01670715513,3.0825286552252913,1274198.3130440754,316527.72883847426
333,163.3809482549226,1.4443526469330925,210.92351862922328,1.8646461806992167,212.61093999277875,1.8209965605661746,209.3529217595064,1.763547745622432,50.001767216464614,18.66746488885998,0.13333333333333333,0.20274681377146378,259905.00000000003,1.0,60.269536449559276,19.96541095658518,639.6137988206949,112.04249947562379,650.0149013871229,117.44567301043782,14.66270764023367,7.9116384601380085,211.02766612226742,1.9599385285985629,3.2225632450328696,1.6303238372126536,259905.00000000003,1.0,3.1469355038017905,1.707756709412492,123.07433177034052,2.947040912470531,123.1499595115716,3.3077570268155205,1330809.493481475,388329.0201100509,259265.38620117932,112.04249947561685,1231303.2839541123,310121.7085411208,259781.92566822967,2.9470409124689585,1248328.185039873,326144.985731434
334,163.54378113001263,1.406392589779888,211.13373452534847,1.8156401641562911,212.78596842961431,1.7503280366495693,209.53467837941787,1.6911929773799477,47.99765595828077,17.23544296988519,0.13333333333333333,0.20274681377146378,259905.00000000003,1.0,58.48934224442,19.287293563948726,627.655445867889,103.66733314040904,638.2804654873615,110.2248888244869,13.710465491335832,6.871659589519657,211.22405493192915,1.893162765882669,3.042550724434052,1.449338959973692,259905.00000000003,1.0,2.9176830590102827,1.540066316930238,123.11613077158341,2.8749668235671937,123.24099843700718,3.1769373687586273,1299269.6790484423,390040.47612810426,259277.34455413214,103.66733314040366,1212573.4397089449,321381.3691706498,259781.88386922845,2.874966823566649,1221522.7375769468,332910.4166111482
335,163.66466710118567,1.3716549443051305,211.2897974995854,1.7707941631158282,212.9333305876229,1.6621510492373999,209.68227438385404,1.622245455836431,47.14001341161523,17.455614553949108,0.13333333333333333,0.20274681377146378,259905.00000000003,1.0,56.83289247620618,19.06370609300248,616.4959001366313,95.83464756635101,626.3221125345557,101.53783446676455,12.734063579489606,5.561014277128452,211.3871472427447,1.7679272915158155,2.9805551784462936,1.4851308440920958,259905.00000000003,1.0,2.7173579043175535,1.4291409925675191,123.01960016412134,2.9909086938239913,123.28279743825009,3.107877361342857,1271363.9594762535,394419.6567697892,259288.50409986338,95.83464756634584,1191469.2491936916,335041.94392231107,259781.98039983588,2.9909086938238807,1197039.4138656268,342721.1416574292
336,163.77419019467501,1.355213248535293,211.4311908409949,1.7495682705253577,213.06886321600172,1.5819260404926707,209.7875638555414,1.5782976171430338,46.31446309331263,17.770544127263598,0.16200970596357106,0.24055265001060472,259905.00000000003,1.0,56.00333189945996,18.88440542164471,605.3116882911871,88.52062061016657,615.162566803298,93.36225462241597,12.028607681277995,4.744056733390137,211.49204874350124,1.6817188158718714,2.9473799316223155,1.5202554804050765,259905.00000000003,1.0,2.539725754570612,1.348573869323497,122.7786126537363,3.107421257781529,123.18626683078801,3.2206037768861866,1251952.896412927,392834.9248597107,259299.68831170883,88.52062061016171,1169399.1057050743,348424.1058993003,259782.22138734628,3.107421257781527,1175022.8240262682,345576.1998966831
337,163.8923260744807,1.3042685583720495,211.58370309580235,1.683799343871869,213.2039971798239,1.456464148373096,209.90925384910986,1.4921496421512155,45.600974371754475,18.15084179053551,0.1854879341226704,0.25793927090449037,259905.00000000003,1.0,55.34401096710969,19.132160576607742,594.0498304283759,80.65973441852931,603.9783549578538,85.65791375599132,11.756517087075792,4.763608836305539,211.58727054629182,1.59320687777111,2.8578139403766527,1.5699517407060595,259905.00000000003,1.0,2.423415369066823,1.38147699710125,122.51088074909315,3.2070993324669135,122.94527932040297,3.34154453624761,1239167.1251554387,395881.8671636336,259310.95016957165,80.65973441852543,1150937.4631388248,363048.04016175214,259782.4891192509,3.207099332466888,1157747.9947783258,352407.02117263764
338,164.00193763027625,1.2533265240242417,211.72521050813472,1.6180335430699586,213.36396463469757,1.313319724599404,210.03129618078614,1.4114337331133298,45.06604997048469,18.538403165597146,0.20471028154430648,0.26502962509618716,259905.00000000003,1.0,54.88686832690134,19.312652212290025,583.0733200921514,73.76566686614278,593.0988487301124,78.45960969241408,11.619580536143912,4.812916644166168,211.68462140208456,1.5034610392626513,2.798549439497963,1.6036886169872315,259905.00000000003,1.0,2.35181320101331,1.4105444614392484,122.18301722289142,3.232042399338167,122.62975346137608,3.3960115028604427,1232523.8898094709,395095.3836576861,259321.92667990786,73.76566686614048,1140133.3823812122,367751.8551550991,259782.81698277712,3.2320423993387926,1146132.834005973,354302.8467936082
339,164.1312524012616,1.2022795560110504,211.8921543426299,1.5521325790319849,213.5382217241707,1.1534417688615104,210.17752395969865,1.3580161660064054,44.371637093307584,19.2556522486243,0.2204482085247492,0.2664686742346669,259905.00000000003,1.0,54.669048725493454,19.489106447457704,571.9175215952987,67.34075939730661,582.4353814360093,72.1645533806637,11.53262626065978,4.839170261982978,211.8136546644677,1.3964865855570257,2.7429948047707384,1.6487701054699746,259905.00000000003,1.0,2.3107727172709005,1.442942207772672,121.83053746740936,3.1822673694549266,122.2627595549092,3.3678487020823296,1219296.0033326307,393996.30782321154,259333.0824784047,67.34075939730293,1125570.5312327237,373268.87407936575,259783.16946253262,3.1822673694561594,1128636.1097992219,357491.7595536293
340,164.26499776749299,1.1171509180596608,212.0648179876212,1.4422331528467438,213.7229152641483,0.9417055640211728,210.32493085481755,1.294640464318575,44.0289944138252,19.57158831119178,0.23333333333333336,0.2647818828591308,259905.00000000003,1.0,54.630381767976814,19.53647931047022,560.7011602172934,59.70881519235921,571.5358809047783,66.31104639596046,11.558904978236349,4.819096065069221,211.97566025274992,1.2936200494510597,2.691468208612812,1.6844549729726708,259905.00000000003,1.0,2.2947540243398525,1.4606250333280126,121.48152836945144,3.134116890018712,121.8782425537244,3.2653482733692036,1206828.6323885925,394656.3987788617,259344.2988397827,59.70881519235848,1109300.3427084293,382532.5160313359,259783.51847163055,3.1341168900188143,1111370.1313751028,362903.26031817036
341,164.34139089171595,1.0918895127632149,212.16344072049984,1.409621237824011,213.83918779156224,0.8261219477928724,210.46423966628998,1.22217503493246,43.59289746934029,19.886331040165334,0.23333333333333336,0.2647818828591308,259905.00000000003,1.0,52.27316251822285,19.233575087176387,551.615760170963,55.975884863858575,560.5293585531789,59.25399130362941,11.24234600913562,4.818476133611845,212.1352173413543,1.1977344680784325,2.553693890969429,1.6740642305360127,259905.00000000003,1.0,2.2001170496296796,1.494622084801333,121.149426736126,3.118236857325995,121.50300357746575,3.17126207608372,1173066.3246685374,379727.1486397676,259353.38423982906,55.97588486386027,1073127.2272706889,383536.106119999,259783.8505732639,3.1182368573262633,1082565.3668242085,364773.5607458052
342,164.38155066374233,1.1003749957876259,212.21528673943035,1.4205763114597998,213.9203177549101,0.7956336593516016,210.55115487031043,1.2347957798365339,43.894568451011494,19.664606250584086,0.23333333333333336,0.2647818828591308,259905.00000000003,1.0,51.22388345829694,18.371478268456706,544.0531118303443,57.1197478782142,551.615760170963,55.975884863858575,10.634545834700036,4.346798933384229,212.24096400241314,1.1908569488948066,2.4499080995450604,1.7055207248209172,259905.00000000003,1.0,2.107033748948718,1.526471656054904,120.80655238552966,3.0664655813477943,121.149426736126,3.118236857325995,1140352.1399826445,352362.6499406633,259360.94688816968,57.119747878216,1033491.0103652999,362559.8140343679,259784.1934476145,3.0664655813491275,1050127.1801850346,349795.94880246127
343,164.39847153093228,1.1141366699812505,212.23713110220802,1.43834244158768,213.9573465769386,0.8019993609252313,210.60346969472957,1.2680149270996994,44.10332059750995,19.47352844481692,0.23333333333333336,0.2647818828591308,259905.00000000003,1.0,50.75562782639714,18.176297986348303,537.1674712681237,61.06305457866883,544.0531118303443,57.1197478782142,10.192738716900504,3.984994149605945,212.32479314747303,1.2138581990561061,2.364935480373393,1.7550757553560805,259905.00000000003,1.0,2.0273071054371985,1.5577326901979047,120.46892401059347,2.9689776032397073,120.80655238552966,3.0664655813477943,1104014.0352805501,322463.9869221577,259367.8325287319,61.063054578669195,990748.7058225999,340854.9183979421,259784.53107598942,2.9689776032443564,1012743.7567361641,330474.81354341033
344,164.3858536972653,1.1043612789130541,212.22084158439665,1.4257223820714016,213.9522261300924,0.8001412410164115,210.61388552224759,1.2751658918767383,45.08311477563367,19.755925125011167,0.23333333333333336,0.2647818828591308,259905.00000000003,1.0,50.17260695477143,18.008992982488685,531.8446457556527,63.886396999482066,537.1674712681237,61.06305457866883,9.92561489433545,3.813430354136551,212.3401348953855,1.2222379860533215,2.2666894112577274,1.763149480346485,259905.00000000003,1.0,1.952473659677886,1.5748260866486008,120.15470825901363,2.898487851568724,120.46892401059347,2.9689776032397073,1074084.3997549235,291782.3431819985,259373.15535424437,63.88639699948445,955260.5641084895,321242.0463098052,259784.84529174102,2.8984878515736967,987485.4056888979,313785.60900935746
345,164.34105289352044,1.0932100959675375,212.16300431067435,1.4113258855459176,213.904796231045,0.7856560861524378,210.57967097734104,1.261158911332125,46.11634691637865,20.257454299944705,0.23333333333333336,0.2647818828591308,259905.00000000003,1.0,49.75866489097634,18.01282850724799,527.9689944477216,65.26787016227505,531.8446457556527,63.886396999482066,9.540896478371002,3.483931119935144,212.3280802776853,1.2169477001353437,2.2853567245171784,1.7841434944829662,259905.00000000003,1.0,1.8625288436457061,1.548478679246545,119.73188037814215,3.0240148639285374,120.15470825901363,2.898487851568724,1048760.4264791461,255707.05297400497,259377.0310055523,65.26787016227678,922027.8284391599,301880.2254680055,259785.26811962188,3.024014863933578,968262.8734537547,297060.15706951026
346,164.25701313131813,1.1221277177612465,212.05450967236618,1.4486570196644055,213.82998232042615,0.8085801528197997,210.48073512990962,1.2581357723411333,47.27609240962136,20.418871531211213,0.23333333333333336,0.2647818828591308,259905.00000000003,1.0,50.080659799079,17.833732330451205,524.9310937249306,65.73062370186928,527.9689944477216,65.26787016227505,9.358551363432627,3.4929364795882005,212.2598673891358,1.2154522467170121,2.3549226361736424,1.8193440475502685,259905.00000000003,1.0,1.795376710510101,1.5356732707368952,119.17233445247861,3.2893255936796106,119.73188037814215,3.0240148639285374,1034938.5520630991,231980.02477479033,259380.0689062751,65.73062370187023,892438.8885441609,277274.5777160148,259785.82766554755,3.2893255936855206,953923.899843942,277095.9931841826
347,164.13169726008357,1.35871384929571,211.89272793107125,1.7540866068908154,213.7161565212224,0.9504515135619519,210.3267794646677,1.5122647966417329,48.64089744421697,21.729149238411516,0.21421575157984155,0.26003460425667957,259905.00000000003,1.0,50.20228919003924,17.6825643706696,523.1554862275285,64.85330458906336,524.9310937249306,65.73062370186928,9.37057186627644,3.485073511163639,212.13760319191744,1.2927836167347488,2.590969588486146,2.3305726686026222,259905.00000000003,1.0,1.7665477410227097,1.5275492256876797,118.34791260501518,4.470535959201898,119.17233445247861,3.2893255936796106,1035915.5784016242,233831.7771434327,259381.8445137725,64.85330458906321,874074.5054405604,273408.65969271393,259786.652087395,4.470535959209376,953515.511599169,276523.22360439465
348,163.94531068195312,1.8768423003749932,211.652104390427,2.422985326498089,213.52435477603777,1.4703174583561227,210.08300458228726,2.2157849584239173,50.37457505381509,25.023437614696814,0.1985635994737753,0.25826059704456605,259905.00000000003,1.0,49.89203029398374,17.976129968966944,523.4394673878861,65.26152795262217,523.1554862275285,64.85330458906336,9.442817818052053,3.609462566791858,211.96707371487116,1.664232359772422,2.8415812327751997,3.0244775364607075,259905.00000000003,1.0,1.809856113261057,1.5948022001957518,117.31618748550103,6.461560809512593,118.34791260501518,4.470535959201898,1061132.4983831428,309168.6883518269,259381.56053261214,65.26152795262232,864892.4040718764,264652.67447022663,259787.68381251453,6.461560809518741,970093.2775700777,320697.3036078116
349,163.71028558184042,2.458906163888263,211.3486888853505,3.174424971815567,213.26266941764752,2.2040851808310737,209.7722295813795,3.026851062742318,51.051323829366325,26.08379086072175,0.1857487011926846,0.2582571412148675,259905.00000000003,1.0,49.73855298844098,17.98426062569083,524.5664895276187,67.54450751512647,523.4394673878861,65.26152795262217,9.434610118819764,3.5982884725153124,211.7185205496858,2.3601783238065637,3.133784467986091,3.6124652085575533,259905.00000000003,1.0,1.7819189559871316,1.5176800384822804,115.96432197350208,8.758467957652663,117.31618748550103,6.461560809512593,1081263.2945823614,357326.5649236309,259380.4335104724,67.54450751512279,851165.7591948203,240340.4856079188,259789.03567802653,8.758467957653712,979604.9637297944,346207.7783184755
350,163.44829070119212,2.9287868248517217,211.0104554241159,3.7810378651714487,212.9711816558275,2.826158128074217,209.40885309282717,3.749846039335223,51.60406042722054,26.744366824416044,0.17525674987238946,0.2592271264126861,259905.00000000003,1.0,48.90004807684579,16.385727890200968,527.0952451281211,72.36457977295649,524.5664895276187,67.54450751512647,10.11855062589371,5.53290355469804,211.39075814817593,3.1210237045663405,3.2900614619582775,3.859985585778118,259905.00000000003,1.0,1.9225360481393627,1.9769460634727274,114.59679655968316,10.613728693056178,115.96432197350208,8.758467957652663,1104182.1834493435,397750.2845764303,259377.9047548719,72.36457977295238,840743.5049645416,218749.04031550023,259790.40320344034,10.61372869305412,991201.0252765868,368223.90759428474
351,163.20979109244348,3.3024217262263718,210.70255416226772,4.263398616826652,212.65754731965757,3.375461307997905,209.06729118776576,4.295397966557167,51.25529797897525,26.334435859069323,0.16666666666666669,0.26066667382096875,259905.00000000003,1.0,48.14806358563909,15.207076497727577,530.0358128547906,77.83911707607767,527.0952451281211,72.36457977295649,10.636762106157901,6.362065660040202,211.04440349481973,3.709185205289776,3.430094859383357,4.022485928603752,259905.00000000003,1.0,2.0768894064610683,2.2911854822476476,113.24359110676087,12.1997939980433,114.59679655968316,10.613728693056178,1130129.7486776933,429987.6092299228,259374.96418714523,77.83911707607614,841421.4634177242,220170.9126373199,259791.75640889327,12.199793998043361,1003259.6942784702,387632.3810076428
352,162.99559172807324,3.5296721287419883,210.42602444162708,4.556777362858939,212.34841496639152,3.753830398755718,208.7584230679197,4.6643990451072215,50.53891428815219,25.98857243754563,0.16666666666666669,0.26066667382096875,259905.00000000003,1.0,47.97769129981236,14.822854034998787,532.4303691764637,81.4105988516646,530.0358128547906,77.83911707607767,11.30505920473635,7.789029178082991,210.73463255866835,4.170743562764198,3.58659452032925,4.158270956566227,259905.00000000003,1.0,2.3587297273725705,2.8950940455494596,112.0157263138042,13.29426433106923,113.24359110676087,12.1997939980433,1145827.650600701,444477.8495957675,259372.56963082356,81.41059885166338,840257.9345440273,217486.4847849697,259792.98427368622,13.294264331070021,1010722.3664609039,395524.1023968253
353,162.78120446515774,3.6778008300699208,210.14925209229858,4.748010915482254,212.06533033364713,3.9929176701797195,208.48258773649428,4.885897532041993,50.294819184501094,26.01081705848075,0.1762254575434126,0.2595998739340282,259905.00000000003,1.0,47.284140178818724,13.086185683576899,535.2648227246027,84.1996153098195,532.4303691764637,81.4105988516646,11.833641521243965,8.45625509805115,210.4721731772849,4.452894539197335,3.837008572867047,4.33065382689919,259905.00000000003,1.0,2.536189314407863,3.147825864737354,110.71490705534501,14.23742946540406,112.0157263138042,13.29426433106923,1155643.2508372192,448756.27560500405,259369.7351772754,84.1996153098175,840625.049167845,218170.4963187498,259794.2850929447,14.237429465405148,1018711.0555224896,398366.62141563935
354,162.54074852852833,3.8139551477967855,209.83882532733313,4.923785575976159,211.76885308988045,4.175565448217722,208.1890245645404,5.0582635733045676,51.089334681520924,26.018155146111674,0.1649339518429539,0.24886818455197282,259905.00000000003,1.0,46.66049097049248,12.376994062874417,539.5287324837882,87.5267152344698,535.2648227246027,84.1996153098195,12.066664167951574,8.726042958635928,210.18654015286668,4.651755022683471,4.033015979268023,4.4201185094596465,259905.00000000003,1.0,2.70609631426426,3.2460240455141567,109.38798739034125,15.152189810222449,110.71490705534501,14.23742946540406,1168802.112862082,454400.88614407444,259365.47126751623,87.52671523446976,845618.5571129585,225787.11403092157,259795.6120126097,15.152189810223598,1031542.2059108351,402358.0952545677
355,162.29473598673712,3.9648342119478377,209.5212251518547,5.1185696385948924,211.4621784878675,4.368350893936576,207.89226409655996,5.2090764565896865,52.02263005078531,26.044502976866458,0.17480683063092484,0.2666123908167646,259905.00000000003,1.0,46.59425275255082,12.403500164484397,544.7823029513918,91.7596756155886,539.5287324837882,87.5267152344698,12.23565251962634,8.823813046023401,209.89325118643472,4.8370922056023025,4.182399311319378,4.431763345061703,259905.00000000003,1.0,2.788940677873717,3.256025358392404,107.99452875689559,16.05269982862603,109.38798739034125,15.152189810222449,1193485.6789218409,460968.35735501634,259360.21769704862,91.75967561558741,856399.9340384962,236103.02066839172,259797.00547124312,16.052699828626274,1051770.9614318388,408541.2223459587
356,162.04672514735722,4.061109343337584,209.2010452944313,5.242860298477473,211.16325142269636,4.498034118054151,207.56398645856606,5.343491182561574,52.448280044523244,26.00541909648039,0.18289006011604791,0.2766736888599429,259905.00000000003,1.0,47.71971539257782,13.598061417579869,549.3279775432211,94.47877916441126,544.7823029513918,91.7596756155886,13.23880679866886,10.50447970714388,209.56402703514087,5.034538698565315,4.326347446605296,4.418334425783248,259905.00000000003,1.0,2.8462184581419177,3.258895833784241,106.51439976843221,16.906566299359636,107.99452875689559,16.05269982862603,1216899.0744968515,471444.4628001227,259355.6720224568,94.47877916441044,863548.2149323265,242791.48505183696,259798.4856002316,16.90656629936042,1070393.155316764,412737.2103765117
357,161.85124795776306,4.123546606494334,208.94868606231893,5.323466569461234,210.89231091153636,4.592708032898039,207.2828585886001,5.421863703912767,52.772505185658005,26.148636808771567,0.18950804867970486,0.2822549520442812,259905.00000000003,1.0,48.80594212402449,14.875431848280027,553.1050325561749,96.46646086786629,549.3279775432211,94.47877916441126,13.974733816437166,10.972926382894371,209.2516896116748,5.135956237358646,4.405520902705975,4.391799457693633,259905.00000000003,1.0,2.9480388238542843,3.2672013597486824,105.05691768958052,17.56316583917836,106.51439976843221,16.906566299359636,1237887.0445786908,473486.1057031925,259351.89496744383,96.46646086786474,870273.1503562396,244871.7945527679,259799.94308231043,17.56316583917925,1081005.7521801377,412799.0436788747
358,161.73188969618488,4.131653517548323,208.794595965056,5.333932641946053,210.69987835675548,4.604813794361429,207.0534089572419,5.433162927133313,53.327542929102165,26.313134694987546,0.19140991679427724,0.28292173710029256,259905.00000000003,1.0,50.26290554625945,16.76924633620165,555.9782600222234,97.57261462989722,553.1050325561749,96.46646086786629,14.678890114903238,11.134528451237445,208.96048309262332,5.166190344366196,4.51318331512035,4.360510832764999,259905.00000000003,1.0,3.013275363860444,3.2639806225201613,103.55700973832062,18.12249786371816,105.05691768958052,17.56316583917836,1259834.9116669537,469525.30114505225,259349.0217399778,97.57261462989638,874124.6473684894,244890.7404257554,259801.4429902617,18.122497863721104,1084511.544097534,411123.1962676389
359,161.63996047685822,4.113835362238077,208.67591677457327,5.310929713387347,210.56189163361563,4.581264938658993,206.87731466556545,5.3962802445519555,52.791318948096176,26.049435389612544,0.2,0.2808140773033636,259905.00000000003,1.0,50.98233390202296,17.464244565550644,557.5872450682966,98.12774325323306,555.9782600222234,97.57261462989722,15.342325940519977,11.166415105930351,208.75470236085448,5.1305306559421595,4.651649623083015,4.320484672374296,259905.00000000003,1.0,3.0475689436343973,3.259293807986729,101.95292905887199,18.632663333162878,103.55700973832062,18.12249786371816,1275410.4800242782,463108.0490450344,259347.41275493172,98.1277432532322,873164.1818208576,245048.39330341684,259803.04707094116,18.632663333164864,1083650.4353760479,411657.2053193504
360,161.56367876005893,4.084875891421649,208.57743837585076,5.273543564691452,210.45062671825607,4.542418935646655,206.7413875486813,5.34115329952333,52.643763482044335,26.003882291508905,0.2,0.2808140773033636,259905.00000000003,1.0,51.43411083246541,17.694193138556276,558.5968977178755,98.467256841629,557.5872450682966,98.12774325323306,15.817697426310566,11.048629318495685,208.57711070208683,5.059969249679124,4.75644811386176,4.281920468500008,259905.00000000003,1.0,3.0756461520284657,3.249080411724868,100.27212709703869,19.117605224585365,101.95292905887199,18.632663333162878,1287876.991827975,455228.6148868389,259346.40310228214,98.46725684162853,869435.7622869606,246400.74707808808,259804.727872903,19.11760522458687,1081602.1565143617,412983.38825919194
361,161.49476027393445,4.049052405322674,208.48846602128688,5.227296174455714,210.36074444017348,4.496196398974465,206.64186301570996,5.282792934379178,53.499638170164616,26.194965210649045,0.2,0.2808140773033636,259905.00000000003,1.0,51.38553306407439,17.693533101806647,560.5110028239658,99.2195441650998,558.5968977178755,98.467256841629,15.89393172536863,10.985570365610185,208.4391900604548,4.984462971127131,4.822141622323696,4.2467728720946925,259905.00000000003,1.0,3.089075035124523,3.2435454111461905,98.53906050983953,19.52148817919077,100.27212709703869,19.117605224585365,1300547.874162055,442691.7226210024,259344.48899717606,99.2195441650993,864640.2448956852,249543.7005680593,259806.46093949018,19.52148817919192,1082163.013357696,412534.1643270441
362,161.41144135996439,3.9941238301483546,208.38090293757074,5.156384431531863,210.273039941435,4.446004039783891,206.53445174563464,5.208415073691899,54.38243227036704,25.782597933437344,0.20955879087674592,0.2786436770508144,259905.00000000003,1.0,50.90372747698772,17.93881855670968,563.7801488264683,100.39353018906334,560.5110028239658,99.2195441650998,15.914595444293814,10.972582209174465,208.30133337248176,4.896687703430562,4.866368127102325,4.222757288910578,259905.00000000003,1.0,3.0483130920658645,3.270650294910576,96.72100547480306,19.924188443247985,98.53906050983953,19.52148817919077,1311063.9059418053,431596.22559003386,259341.21985117355,100.39353018906277,876114.805188355,257865.6712066754,259808.27899452523,19.92418844324968,1101958.6892362954,411946.2396809779
363,161.26743807004706,3.896447848455865,208.1949962544153,5.0302858379906175,210.15646077086615,4.369329334371211,206.40272869238976,5.116642789175304,55.4767557220972,25.39095960682828,0.21738486692977904,0.2758379445347807,259905.00000000003,1.0,50.265433734472964,18.61035614172335,568.7740859471628,102.65674072893016,563.7801488264683,100.39353018906334,15.854596993837706,11.015357753389408,208.1869306939973,4.80949865099519,4.896089272835858,4.203410320733892,259905.00000000003,1.0,3.0159306927898175,3.294674139403077,94.84084689475702,20.30383328414807,96.72100547480306,19.924188443247985,1318651.9292819037,424166.9662439754,259336.22591405286,102.6567407289299,901726.4525602841,295052.16957539605,259810.15915310525,20.3038332841491,1144012.0524344752,439095.0864637758
364,161.11230630513197,3.810372880306447,207.9947225255984,4.9191638767064125,210.02503222509978,4.288778836600169,206.25763847136312,5.02790275159702,56.40604654619085,24.983925191835098,0.2237923160703244,0.27283036480874734,259905.00000000003,1.0,49.91262484204876,18.911459460146165,575.0437153352345,105.7326437699892,568.7740859471628,102.65674072893016,15.887987052556968,10.991299436561183,208.0298706493964,4.707952539061513,4.899323992988541,4.20108489895946,259905.00000000003,1.0,3.034686355443075,3.282861909253821,92.97620925721155,20.587621564249858,94.84084689475702,20.30383328414807,1323326.109207969,419243.97153101716,259329.95628466478,105.73264376998821,942436.9610157154,353027.1588979003,259812.02379074282,20.587621564249897,1214172.6711078056,532578.8709767251
365,160.97397785918668,3.737816854928219,207.81614182273626,4.825494644915971,209.90105894947934,4.220641148145586,206.11594232530717,4.946722792918209,57.187735004432405,24.50444778238987,0.22903829173047197,0.26987595586401397,259905.00000000003,1.0,49.76309022090472,19.048095059595518,582.2393218270317,109.30873540990328,575.0437153352345,105.7326437699892,15.978719573968716,10.923370974522106,207.90930438315516,4.638155077287225,4.909005323147168,4.192741932007038,259905.00000000003,1.0,3.0882773567586366,3.254873142749444,91.15548129082302,20.693671111015075,92.97620925721155,20.587621564249858,1329719.7906697015,412510.38541856804,259322.76067817298,109.3087354099024,979518.2311331407,381774.3695399251,259813.8445187092,20.69367111101517,1273626.5634332055,572547.5588726766
366,160.81978986566807,3.653450723954572,207.61708670384354,4.716578756678797,209.76231370972337,4.145390423441593,205.9722456173696,4.871962190597064,57.65507195513015,24.055192339697424,0.20465696070309564,0.2425355766379034,259905.00000000003,1.0,49.067134175319474,19.493256102449312,590.6226026461393,112.49377784769526,582.2393218270317,109.30873540990328,15.986093543415597,10.917570215838737,207.80554142203022,4.5862783102160725,4.9300069994014954,4.173649710570534,259905.00000000003,1.0,3.1834643946536714,3.2203508748036738,89.4089386860752,20.572928971746794,91.15548129082302,20.693671111015075,1326456.6625393697,415571.6324609943,259314.37739735388,112.49377784769294,1009462.7641595544,390102.4192840032,259815.59106131396,20.57292897174588,1316502.7636405071,584865.8527743501
367,160.67482995570387,3.5649822718279656,207.42994492352554,4.602366950144218,209.62757063628442,4.074716295325145,205.8304274705421,4.793196400298591,57.88935994025843,23.76878885988716,0.1811787325439963,0.22602558197561598,259905.00000000003,1.0,49.053081865657,19.501004087706168,599.2777019881968,114.28668241864257,590.6226026461393,112.49377784769526,15.967961606051082,10.932623932796174,207.69993474444985,4.534538393577791,4.941159409386366,4.162472949321085,259905.00000000003,1.0,3.274472223395493,3.176189657861442,87.74225150008432,20.24203016975154,89.4089386860752,20.572928971746794,1323099.6271678812,419002.1436623783,259305.72229801182,114.28668241864067,1028558.4024846111,383888.8916996203,259817.25774849995,20.242030169749505,1342376.386445017,577150.8323012048
368,160.54500220446698,3.471089845194356,207.26233882354683,4.481153077473133,209.4709443695039,3.9705184333024697,205.68586329255922,4.700377651304285,57.7433996530165,23.993523442164253,0.1619563851223602,0.21550793604774343,259905.00000000003,1.0,49.30714327214786,19.44097236027793,607.552001983943,113.64771016615433,599.2777019881968,114.28668241864257,15.91938840751819,10.97256036069214,207.58226911156947,4.4720911459201,4.939740782473879,4.163846218974419,259905.00000000003,1.0,3.352499614203289,3.1409920519912378,86.15501033181374,19.713134374316116,87.74225150008432,20.24203016975154,1311461.685970141,427827.73820050317,259297.44799801608,113.64771016615295,1031337.9631437161,382699.3766022774,259818.8449896682,19.713134374312613,1347908.7781759186,573767.4536012629
369,160.40828592544352,3.346182381988348,207.085839551591,4.319899267287847,209.3011810547975,3.8337674425648416,205.51817503134404,4.562106592539732,57.68565899622822,24.100695369678238,0.1462184581419175,0.2092229736861919,259905.00000000003,1.0,49.63337313197914,19.297074108171536,615.4580693900502,110.47460361662841,607.552001983943,113.64771016615433,15.790618947029364,11.080361865900425,207.43407769085803,4.375350997476675,4.938579308993481,4.16508534536291,259905.00000000003,1.0,3.4118758989327636,3.104314689525974,84.62830692175302,18.989609926150457,86.15501033181374,19.713134374316116,1300794.8658360753,438198.1995440459,259289.54193060996,110.47460361662627,1025760.912040107,387694.17205552576,259820.37169307828,18.989609926146734,1337903.2854098429,585919.3363113039
370,160.25639620343355,3.2080932090539087,206.8897514769841,4.141627934972727,209.11060791554206,3.6668359913275475,205.3119414617657,4.400112117276418,58.33023273644745,23.35365379529315,0.13333333333333336,0.20578624022680467,259905.00000000003,1.0,50.31709172112699,18.9733151341243,623.3378770720374,105.85077824087418,615.4580693900502,110.47460361662841,15.870869450436228,11.03341262583049,207.2397949730113,4.223520304426526,5.004539911073416,4.113097233030489,259905.00000000003,1.0,3.455981949536997,3.070932022884417,83.0797489602166,18.14761931334268,84.62830692175302,18.989609926150457,1293441.0816990526,445114.82685086475,259281.66212292798,105.85077824087124,1023333.8144833326,390247.5068169475,259821.92025103982,18.147619313337508,1331458.0067097673,593601.1505889992
371,160.11408531918653,3.0780628031916226,206.70602956412992,3.9737602450146854,208.91480949369264,3.5130266058072057,205.09980488135847,4.223841480211721,58.70457828056434,22.86099129115564,0.13333333333333336,0.20578624022680467,259905.00000000003,1.0,51.14521486053462,18.15145811901066,630.7639071587337,100.42772971178324,623.3378770720374,105.85077824087418,15.999423547554484,10.944518705635621,207.01129237539666,4.042088528372774,5.083703774472024,4.049321952685367,259905.00000000003,1.0,3.4936280980869285,3.037840519721384,81.48967328383151,17.184610975651054,83.0797489602166,18.14761931334268,1294666.199050463,443898.34789765213,259274.23609284128,100.42772971177988,1035491.8012857604,380168.34418170626,259823.5103267162,17.184610975645437,1344801.5937370537,581954.769733377
372,159.9307221299582,2.9254614320088193,206.4693094104401,3.776753084550928,208.68556127112907,3.335506027252076,204.85415895181956,4.0190034261698555,59.02711373451718,22.570022226829522,0.13333333333333336,0.20578624022680467,259905.00000000003,1.0,50.50485284430032,18.49447564710821,639.1528347156172,92.97950968006002,630.7639071587337,100.42772971178324,16.16653462526715,10.812348292781934,206.76180587514145,3.8410447810465556,5.199828100998671,3.9608402449127276,259905.00000000003,1.0,3.520933674993688,3.0113172395126484,79.81077885782652,16.093570431287446,81.48967328383151,17.184610975651054,1299123.7297052166,441104.9851947508,259265.8471652844,92.97950968005676,1050301.8190050034,373207.8402657546,259825.1892211422,16.09357043128331,1372024.843567355,571661.6509040288
373,159.7164720136558,2.7313616660877953,206.19271444976516,3.526172100185781,208.43469672053618,3.1511583179762974,204.57025618396187,3.7810833414207616,59.84703010313804,21.909338599438,0.13333333333333336,0.20578624022680467,259905.00000000003,1.0,49.61292594134564,19.08902164082639,649.2536055440763,82.48943468645426,639.1528347156172,92.97950968006002,16.368729971384305,10.692706333373525,206.4760216267213,3.60655766640341,5.4096081488274566,3.8496653238918843,259905.00000000003,1.0,3.5337307996610416,2.9978849222160036,77.9349015086601,14.91651834024102,79.81077885782652,16.093570431287446,1315492.4636193635,432722.0263660077,259255.74639445596,82.48943468645149,1066397.3535781573,360809.38081420667,259827.06509849135,14.916518340239705,1406956.7815155894,557264.1777343156
374,159.49582826927647,2.54824397020384,205.9078650640609,3.289768827093863,208.17393476697077,2.980168905047075,204.28596130854095,3.5470043538678735,59.38785770003922,21.94724629838924,0.13333333333333336,0.20578624022680467,259905.00000000003,1.0,48.773568628509665,19.76156826209174,659.7345612822726,72.01217764765434,649.2536055440763,82.48943468645426,16.631842742269708,10.588328420673111,206.2032615988253,3.3825168970895874,5.571802734490307,3.7455983593786457,259905.00000000003,1.0,3.540691716531165,2.9908838932206243,75.90379049070097,13.613131191802598,77.9349015086601,14.91651834024102,1329310.1361211268,427046.51191640995,259245.26543871773,72.01217764764824,1078137.417338609,351305.65119981335,259829.09620950933,13.613131191802898,1432644.59682109,547280.1887161252
375,159.3254813653361,2.406699378410455,205.68794845831178,3.1070357670954447,207.93550411916945,2.825528214929292,204.03051710376036,3.348058152899974,58.217942296278274,22.268366434838697,0.13333333333333336,0.20578624022680467,259905.00000000003,1.0,48.405068151375424,19.96350262706296,669.4141020938421,61.536052163233954,659.7345612822726,72.01217764765434,16.922839295136818,10.432834969920965,205.91726792361547,3.1730664315761223,5.546157978958698,3.7559206348312055,259905.00000000003,1.0,3.5524331414730885,2.9812439067423324,73.91006565321536,12.352021670600934,75.90379049070097,13.613131191802598,1334558.4460298638,424564.1896734565,259235.5858979062,61.536052163228696,1086168.1262491695,343024.22091745614,259831.08993434682,12.352021670601273,1445702.4178266658,539902.7821506404
376,159.19222824519744,2.32439741498529,205.51591959242577,3.0007842603260713,207.73749553402243,2.6992895397237087,203.83769657804865,3.21077946156118,57.01553064216931,22.755930377229582,0.15245091508682515,0.2191771406273742,259905.00000000003,1.0,47.97711988270144,20.17301721705758,678.300061938223,50.12041029643015,669.4141020938421,61.536052163233954,17.137462400548007,10.27711132406691,205.7016891768267,3.010528198026946,5.4954947992582746,3.7842222625409048,259905.00000000003,1.0,3.545454450989228,2.9874069912926045,71.96002530494631,11.072943837091463,73.91006565321536,12.352021670600934,1328616.9747546276,427184.4117479992,259226.6999380618,50.12041029642662,1084009.6830169964,345755.6512858781,259833.03997469507,11.072943837089534,1440079.1951666304,544140.4720137804
377,159.16726196775863,2.3188726754398674,205.4836882688665,2.993651791878485,207.59571112760344,2.6325731685295426,203.76882957289837,3.1874441895625965,54.766793021775754,22.922361963240473,0.1681030671928914,0.2246138478370678,259905.00000000003,1.0,47.95665196581155,20.191527055883103,684.9420999269944,42.16961659614172,678.300061938223,50.12041029643015,17.21912819702522,10.20605006768085,205.54854069285048,2.9210162162817026,5.20702190171686,3.730258327362988,259905.00000000003,1.0,3.520623200720387,3.0057495788680386,70.27362660394984,10.321579671745004,71.96002530494631,11.072943837091463,1303839.8022096886,439667.8064109972,259220.05790007304,42.169616596138646,1074604.012921377,361078.70924486546,259834.72637339606,10.32157967174392,1413377.840929519,569167.9852173699
378,159.25316609561892,2.279204878397125,205.59458986504507,2.9424414058849107,207.57340835827426,2.6356141215673947,203.8736333870903,3.156646832969503,51.20034346496142,20.90699770119926,0.1809179654739821,0.22565685146475778,259905.00000000003,1.0,47.80641896026407,20.352899208051788,688.1551064662178,40.53034253986409,684.9420999269944,42.16961659614172,16.87649765689908,10.40528947216146,205.52522968182922,2.916929317299562,4.756584241536622,3.484361353449567,259905.00000000003,1.0,3.3891040846129723,3.0348633870849633,68.90614644702619,10.035652859431911,70.27362660394984,10.321579671745004,1244756.5338122083,432616.7207711708,259216.8448935338,40.530342539861834,1050042.5637665996,391530.52555203304,259836.093853553,10.035652859430675,1356414.254352044,595449.6125991946
379,159.39848052253785,2.1408752434536766,205.7821900510302,2.763859513045796,207.6597505833277,2.572744100385517,204.07837986730627,3.001743977839748,48.30693254242503,19.967765840947674,0.19140991679427724,0.22426808015800237,259905.00000000003,1.0,46.92421310512393,20.97153042811826,689.3464159867247,40.53199570500746,688.1551064662178,40.53034253986409,16.55828484470925,10.637817809956866,205.63590631838704,2.8673550971140895,4.30528444155787,3.1277494920763984,259905.00000000003,1.0,3.2240725943777226,3.0490253283823883,67.82493459984605,10.11561959917168,68.90614644702619,10.035652859431911,1187929.1144878166,422296.20796954713,259215.6535840133,40.531995705004704,1023559.7754665923,415273.1724429596,259837.17506540017,10.115619599169946,1300652.2743086799,612914.5360470971
380,159.54979461959041,1.971463554806037,205.9775357387324,2.545150247748957,207.77192100869007,2.4584705116532186,204.31792611161873,2.7445491169988108,45.74554646666757,19.33581050187388,0.21911758175349183,0.24970944893316385,259905.00000000003,1.0,45.085821920107534,21.43520467800925,689.7870229515312,40.640936445884535,689.3464159867247,40.53199570500746,15.601051518267838,10.442267043132723,205.82205941022013,2.697923128039422,3.9563458008712526,2.8987533765738926,259905.00000000003,1.0,2.9133815196683965,2.8587183347074574,66.78197031864319,10.209356487170057,67.82493459984605,10.11561959917168,1137090.078762227,402516.23097617953,259215.21297704848,40.64093644588162,999061.5458455413,429048.8734468164,259838.2180296814,10.20935648716733,1255193.8295821021,623929.7612740013
381,159.70602083108975,1.7773639244228014,206.17922290688833,2.294568303764564,207.9107847556421,2.2828442601699352,204.55404339345168,2.4640733223520535,43.79219055882654,19.095699595632897,0.23476973385955804,0.2502172116806013,259905.00000000003,1.0,43.60023824809977,21.822357143086784,689.7442055283984,40.621941066136166,689.7870229515312,40.640936445884535,14.792175266054896,10.44065537247771,206.01622031743744,2.497629080744879,3.6490155974656777,2.732885082257805,259905.00000000003,1.0,2.633849292112797,2.697567322761132,65.7668040132903,10.291701512060866,66.78197031864319,10.209356487170057,1090744.9825193528,378663.35724211315,259215.25579447162,40.621941066132834,971531.657215653,435771.04814400064,259839.23319598674,10.291701512058694,1213255.6410562557,630651.3070085448
382,159.8172015015223,1.6631987143045561,206.3227561695521,2.147181544854363,208.01843446752864,2.14702111730201,204.75493735017562,2.240096989905287,42.68928656992036,19.534202176797674,0.24758463214064877,0.24761000548711068,259905.00000000003,1.0,41.74999467464441,21.12610532554908,690.4359127915337,40.66135881436538,689.7442055283984,40.621941066136166,13.708792092894734,9.878222519111507,206.21039983261338,2.2760785827706242,3.3575262106944126,2.5725037495212972,259905.00000000003,1.0,2.239962390447233,2.1090031121038924,64.64924019304313,10.149545172757831,65.7668040132903,10.291701512060866,1054205.396336823,364106.6928845347,259214.56408720848,40.6613588143621,942589.243308453,441217.7288126453,259840.35075980698,10.149545172756287,1179813.573623991,640392.4263976639
383,159.87592548807788,1.5998980307455404,206.39856880256303,2.065460175599438,208.07893406457268,2.07760289948172,204.86892174081655,2.1141255366752305,42.5340758891766,19.538104432578628,0.2580765834609439,0.25585860491800494,259905.00000000003,1.0,40.112762027233494,20.679200028829325,692.5991500700159,40.443782569519364,690.4359127915337,40.66135881436538,12.832145687873352,9.599865861724444,206.33520640390685,2.1467589936266385,3.1057012461631834,2.2151807859873647,259905.00000000003,1.0,1.9501140716944303,1.659232550575293,63.49365301857437,10.05493966689259,64.64924019304313,10.149545172757831,1034581.6399774457,355793.5218623605,259212.40084993,40.44378256951594,915251.5941973767,447626.0164706888,259841.50634698145,10.054939666890581,1161771.2399252763,645338.18869939
384,159.93825662852035,1.5184979912813568,206.4790381171042,1.9603726797498964,208.1098938749301,2.0372484802131243,204.95751405429823,2.0040088394778217,41.471032551059714,19.26068431076364,0.26666666666666666,0.2593517141124423,259905.00000000003,1.0,39.23271912160931,20.734618257838385,694.5707968327996,40.550069051521476,692.5991500700159,40.443782569519364,12.07013084476937,9.502542938708336,206.4034874683433,2.0675129058236164,2.8833787927390726,1.9411345114084035,259905.00000000003,1.0,1.7912579805401085,1.365610847031767,62.40153220637541,9.939042918534598,63.49365301857437,10.05493966689259,1013380.8897413866,342932.8203811968,259210.4292031672,40.550069051518555,897375.5120589801,444688.626576115,259842.59846779364,9.939042918533707,1150452.0910519976,645118.836489941
385,159.9857976865665,1.423990890634877,206.54041367989083,1.838363835093399,208.1551267897944,1.966313292606546,205.02026544215568,1.905023135296768,40.59796372097803,18.682971217361292,0.24754908491317487,0.24184123240073155,259905.00000000003,1.0,38.713434366904664,20.8874661434327,696.2077771019598,41.3746217299944,694.5707968327996,40.550069051521476,11.452439214659147,9.598425023908563,206.48432809283497,1.9642607371158414,2.721464801835787,1.8116235706984012,259905.00000000003,1.0,1.8200822097939804,1.429538267999234,61.5001496143336,9.69483978742577,62.40153220637541,9.939042918534598,989750.8074488362,319837.0276474758,259208.79222289808,41.37462172999113,885362.0542243768,440342.08828787564,259843.49985038568,9.694839787424687,1143746.467205945,642779.0452385127
386,159.98791069377378,1.4193622243980937,206.54314204197908,1.8323871985288116,208.1494180650309,1.9761046469386985,205.06713479348562,1.8104101493317357,39.936001025789515,18.45752180751282,0.23189693280710866,0.23141012955123644,259905.00000000003,1.0,36.8710530932803,19.767019844230823,699.0408281016619,42.35168326592426,696.2077771019598,41.3746217299944,10.077856768446452,7.606185078456493,206.54600765849702,1.8414951877492571,2.618567867821207,1.702512616588231,259905.00000000003,1.0,1.882907313286169,1.5568674568379781,60.764489059798564,9.400289047851222,61.5001496143336,9.69483978742577,962747.8182934867,285039.66149359883,259205.95917189837,42.351683265921764,875894.78427275,436743.4990173548,259844.23551094023,9.400289047850944,1139195.866073737,641164.8782108082
387,159.93644900944003,1.5270775340236016,206.47670605846602,1.971445505026375,208.08612849845326,2.0931949731536967,205.04716477047447,1.8510424837350872,38.72392579141479,17.687575963824358,0.21908203452601793,0.22586797235151143,259905.00000000003,1.0,34.72938391022927,18.274346701086518,702.8162879483214,43.457127290281875,699.0408281016619,42.35168326592426,9.108159740576774,6.601477642371426,206.5316255766579,1.870576626484989,2.5895960488209355,1.683255401902781,259905.00000000003,1.0,1.8829353546877952,1.5569196126280052,60.05782836566542,8.969969964677249,60.764489059798564,9.400289047851222,941268.5605260076,259543.19370091695,259202.1837120517,43.457127290277114,874554.4119540795,436281.7349257165,259844.94217163435,8.969969964676435,1145549.9758102917,643111.359505686
388,159.80682714162842,1.7003928577824234,206.30936562645493,2.1951938865359875,207.92136413474927,2.313307803893562,204.9561026128046,1.9931496351547786,37.11989827173926,17.027158387712806,0.20859008320572278,0.2285648176416515,259905.00000000003,1.0,32.145210972067396,15.231327502925158,707.5823851647875,43.461478206236194,702.8162879483214,43.457127290281875,8.258323020091513,5.7608149763481205,206.4564554704717,2.0069703266709524,2.5079786729101867,1.6286047228460554,259905.00000000003,1.0,1.8864747956916779,1.5615497809713108,59.436324488446914,8.505924016075111,60.05782836566542,8.969969964677249,926693.9104452368,238773.7972425506,259197.41761483523,43.461478206234034,881453.7766957082,438836.4876515814,259845.56367551157,8.50592401607558,1162520.8385238259,644352.5392182497
389,159.59218975884025,1.9256877730895074,206.0322704152294,2.486048011775748,207.6730239054449,2.5462842540675883,204.75629228541968,2.231253454627893,36.39516996913177,16.58852625769582,0.2,0.23147938821350625,259905.00000000003,1.0,29.994848801324405,13.014709102438324,713.7827063325949,42.84830781492455,707.5823851647875,43.461478206236194,7.494088857274641,4.845390595315801,206.27844766098096,2.2166195969798674,2.410944476112861,1.5312989422066114,259905.00000000003,1.0,1.9160677033979197,1.5936946560842404,58.94144771573197,8.109588950820012,59.436324488446914,8.505924016075111,922882.1881357577,233200.08916040356,259191.21729366743,42.84830781492408,886407.7729164322,438961.9765383611,259846.0585522843,8.109588950821024,1180423.4590542486,642095.6623867175
390,159.30267239795927,2.191658757682891,205.65850569847117,2.8294146999872964,207.33488639315124,2.8323262906548514,204.45058247524824,2.538113605447486,35.85455985985119,16.108335181547428,0.20955879087674592,0.2288415607278499,259905.00000000003,1.0,28.344381146832248,11.224494881685718,721.0833262547371,42.36360772349562,713.7827063325949,42.84830781492455,6.904988474744219,4.311068690023523,206.00041928931185,2.5031343702297497,2.394894648585879,1.5083318291083254,259905.00000000003,1.0,1.9338078731801362,1.6015018262039897,58.48036094032623,7.809416309197049,58.94144771573197,8.109588950820012,924026.0537024924,234625.6616183825,259183.9166737453,42.363607723497196,887706.426512051,438538.32188686583,259846.5196390597,7.809416309197564,1193324.2708502219,637935.1963338769
391,158.95670178848184,2.4652984808602976,205.21186006567885,3.182681430414623,206.91565160697724,3.1387913561854615,204.05339010634603,2.8435214285107313,35.196154541901336,14.962237847267215,0.21738486692977904,0.22541679795687902,259905.00000000003,1.0,27.10602042769474,10.685052744437764,728.956075502014,45.85152011438976,721.0833262547371,42.36360772349562,6.717513905719423,4.375073378767524,205.62589056540094,2.8415151083554826,2.479867895560122,1.642599452316563,259905.00000000003,1.0,1.9473416386843716,1.6037102097820843,57.94783468345048,7.605328236058345,58.48036094032623,7.809416309197049,936669.9017059712,251531.40764099802,259176.043924498,45.85152011439124,891328.1486831624,436850.4137050759,259847.05216531656,7.605328236058726,1211510.2596055188,633231.3502313481
392,158.55183188663057,2.7936021268034277,204.6891759022477,3.60651818764822,206.4518864688244,3.4539529494723427,203.56894128104815,3.268212895668909,36.56296477523431,18.362544480533572,0.2237923160703244,0.23013938384570384,259905.00000000003,1.0,26.960503906940716,10.601126989973185,738.3347440542371,55.92984805948944,728.956075502014,45.85152011438976,6.548421611531302,4.360094119241182,205.20476996350266,3.1867816498456283,2.5841567869077973,1.7883209644490456,259905.00000000003,1.0,2.0579726857202543,1.6051683588600525,57.421650582262934,7.565235030206099,57.94783468345048,7.605328236058345,960579.4484340928,290561.3333365685,259166.6652559458,55.9298480594894,874642.2675796653,433395.5880355047,259847.57834941777,7.565235030208227,1213381.0966754425,633820.2636647047
393,158.1530817781552,3.1499806086727777,204.17439241841586,4.066600553207609,205.94232724398393,3.8264180107027044,203.05227873206283,3.73969065862703,37.5287785952688,20.42010109431665,0.22903829173047197,0.23218317353810386,259905.00000000003,1.0,27.347489143471048,10.641662181295235,748.2869952143045,70.81671363068506,738.3347440542371,55.92984805948944,6.429544277523617,4.384405086427704,204.6886457415226,3.5938930784868317,2.8063363529168597,2.172833120483568,259905.00000000003,1.0,2.3014903802016824,1.8481265099586772,56.91680460954776,7.640072930012501,57.421650582262934,7.565235030206099,986817.4982410845,329402.8214881122,259156.7130047857,70.81671363068658,845523.5164002954,407292.4218261857,259848.08319539047,7.640072930015168,1195138.3590516788,617488.7707283457
394,157.78057641375932,3.4561897977837344,203.69349092378008,4.461914536994878,205.4221931233704,4.201769168274186,202.54720472459934,4.165740576732074,37.97198548313288,21.041874643604118,0.23333333333333334,0.23266993852067389,259905.00000000003,1.0,27.930981345093183,11.217805248845938,758.0946660190108,85.0454553278323,748.2869952143045,70.81671363068506,6.287393765127744,4.377102986621607,204.18401247893357,4.042244407243409,3.0058240095440585,2.364946982439961,259905.00000000003,1.0,2.4546070197319785,1.950141605696548,56.36558761973568,7.7863399649645215,56.91680460954776,7.640072930012501,1006718.9079601305,345479.62788008247,259146.905333981,85.0454553278309,803454.1325936993,346900.9248012965,259848.63441238028,7.786339964966621,1141499.3684283465,532116.9186576146
395,157.42760233012893,3.6630807047039275,203.2378038300898,4.729009502235785,204.92735210697612,4.465587697445499,202.0556304236397,4.500403622550471,38.05764765677756,21.113853047914017,0.23333333333333334,0.23266993852067389,259905.00000000003,1.0,28.855986211826885,12.53223923630084,767.0629941306282,96.31755243075207,758.0946660190108,85.0454553278323,6.265063509307476,4.362548669669028,203.66966963642676,4.403336548754933,3.1540941012388686,2.4097478739842906,259905.00000000003,1.0,2.598095246015589,2.0855685620564244,55.8095887645124,7.847763719442081,56.36558761973568,7.7863399649645215,1022932.4168551752,356349.5010724018,259137.9370058694,96.31755243074727,772651.3113811788,292866.73106399836,259849.1904112355,7.847763719444742,1099661.5718856151,467459.0707195521
396,157.13406593257702,3.7568071301681902,202.8588503743422,4.850009643426109,204.502003944292,4.577624340596462,201.5912051751905,4.752958299886373,38.207670356512956,21.157812339722046,0.23333333333333334,0.23266993852067389,259905.00000000003,1.0,30.729962775298414,15.982761913102223,774.3073683785094,103.14733202655069,767.0629941306282,96.31755243075207,6.429388725862786,4.51219902451301,203.17226489649502,4.670104087268804,3.227247285088225,2.392889567841033,259905.00000000003,1.0,2.8172036865767867,2.483212602230193,55.39954516600096,7.644729344486237,55.8095887645124,7.847763719442081,1055531.9871224486,388358.7835637254,259130.69263162152,103.14733202654442,767192.7009467852,279132.35289637884,259849.60045483403,7.644729344488162,1079127.5877015777,434412.7050270207
397,156.886258158294,3.758519489220744,202.53893236939672,4.8522203598525415,204.12525583997513,4.595227179857932,201.17087417108627,4.87198975098894,38.253922863137795,21.14761722009814,0.23333333333333334,0.23266993852067389,259905.00000000003,1.0,31.710130245097666,17.318822405956062,780.6178276632162,107.16249317239624,774.3073683785094,103.14733202655069,7.048899343292137,5.703017286342805,202.7473435600931,4.763777255275427,3.292191697560704,2.3583702427299746,259905.00000000003,1.0,3.0232895636308563,2.749263910908809,55.13064303207111,7.34054372391787,55.39954516600096,7.644729344486237,1090058.9805646436,415663.8330373748,259124.3821723368,107.16249317239165,777876.1192917153,300908.051807557,259849.86935696795,7.340543723919775,1077963.1453287583,433151.7957385242
398,156.67201520815834,3.691334005649496,202.26234603530682,4.765484514999849,203.81796512773644,4.511042164729591,200.79999201011483,4.873002020681849,38.718223587800054,20.886203005368277,0.23333333333333334,0.23266993852067389,259905.00000000003,1.0,33.567705340740005,21.63688170695054,785.5350125769429,107.62209018209772,780.6178276632162,107.16249317239624,7.8785848018645135,7.228478206937889,202.37594737981763,4.759432034759579,3.3066823761863726,2.345248643652039,259905.00000000003,1.0,3.2026662227511005,2.924831617318167,55.02662687863584,7.148402308270626,55.13064303207111,7.34054372391787,1130819.6129322108,448200.3041655325,259119.46498742307,107.6220901820941,805411.3310501056,347841.45604232117,259849.97337312138,7.148402308271517,1090344.2241700045,438719.26250795193
399,156.48954934068465,3.5813636086369307,202.02678365242872,4.623513891643397,203.5617712659211,4.3710769606373345,200.46080393110532,4.7960703732462,39.45842622016393,20.355838729363402,0.23333333333333334,0.23266993852067389,259905.00000000003,1.0,35.9424602886344,26.437424218437496,788.8176451751391,105.9904903908436,785.5350125769429,107.62209018209772,8.691152362991627,8.198766384631353,202.06501483002648,4.6781525927272085,3.4714869944381115,2.3240662690851814,259905.00000000003,1.0,3.3696356487720123,3.0193647225815567,54.92477553296974,6.926021192397301,55.02662687863584,7.148402308270626,1183719.8581478996,491906.1923605218,259116.18235482488,105.99049039084011,852888.6383613577,411776.8072614097,259850.07522446706,6.926021192397037,1126515.908532602,434107.2959411636
400,156.28769671798855,3.491755262433232,201.76619318196765,4.507830426815725,203.31296554180287,4.230231048642782,200.12542603581974,4.7670243862742145,40.58701767410067,21.363311337683545,0.23333333333333334,0.23266993852067389,259905.00000000003,1.0,37.2842919563915,28.21464133172064,791.887037559515,103.93126569662392,788.8176451751391,105.9904903908436,9.347412134825364,9.109240912114446,201.72936895679524,4.622992684015374,3.717606611525026,2.623046386648602,259905.00000000003,1.0,3.505347995617822,3.039508619896014,54.71251691706254,6.521639476039185,54.92477553296974,6.926021192397301,1263690.066152458,606548.1913846299,259113.1129624405,103.93126569662104,924654.99900418,534248.2058291887,259850.28748308297,6.521639476036502,1201272.3784629805,517933.1259222812
401,156.05499040000325,3.4105082979999035,201.46577079195862,4.402941338453779,203.04658399176446,4.122929097222596,199.7926723265932,4.728089307694209,41.89942414840025,22.185013707940275,0.23333333333333334,0.23266993852067389,259905.00000000003,1.0,38.304930996416566,29.057510554019057,795.2481973781653,101.30467030277524,791.887037559515,103.93126569662392,9.850091877035606,9.579995111516409,201.42078815150592,4.576753440305492,3.9321875844926177,2.822551987117206,259905.00000000003,1.0,3.7976307486118963,3.248850710608349,54.577960081181814,6.257772363430841,54.71251691706254,6.521639476039185,1346498.1996483055,713350.1402652488,259109.75180262185,101.30467030277214,985527.2671255446,627588.5769068917,259850.42203991883,6.257772363425582,1269289.0775695478,620226.6239546419
402,155.85293883085154,3.3672028166110453,201.20492304456778,4.347034140459219,202.81536476824118,4.033460557242151,199.49200640461754,4.697588188765763,42.71009712513407,22.698832120644987,0.23333333333333334,0.23266993852067389,259905.00000000003,1.0,40.33169521149832,30.659569302813644,797.3932659584677,99.39521392428347,795.2481973781653,101.30467030277524,10.057150736001606,9.656266564122177,201.10672981703738,4.559686516550322,4.062603497287573,2.911605258773308,259905.00000000003,1.0,4.048025586482618,3.3206091963561866,54.56338217037686,6.230892320278327,54.577960081181814,6.257772363430841,1413145.4925492038,779449.6845656887,259107.60673404156,99.39521392427974,1031962.682742307,684812.0577789003,259850.43661782966,6.230892320273587,1309432.0816067331,675893.8981411675
403,155.65338823945692,3.3462685301866792,200.94730457296964,4.320007822366245,202.5820040803017,3.9791096342867758,199.22315872056254,4.684379427879089,42.97804533354657,22.88839079464114,0.23333333333333334,0.23266993852067389,259905.00000000003,1.0,41.53184697965658,30.725977543115363,798.6061309790243,98.47997353656886,797.3932659584677,99.39521392428347,10.015044355448454,9.645061689149074,200.81307449523203,4.564949030572826,4.083349897892826,2.9313591916187134,259905.00000000003,1.0,4.22841616213727,3.277524677467751,54.7084484346213,6.413180481253293,54.56338217037686,6.230892320278327,1463767.1113057912,822432.3948916218,259106.393869021,98.479973536565,1071211.7638752244,717452.7847508558,259850.2915515654,6.413180481248598,1342037.4109160465,717148.9639572449
404,155.43699111818918,3.3713843553741873,200.66793770305063,4.352431926963,202.33079368194996,3.971816349081999,198.95168523377166,4.689146010124237,43.91497496508711,23.78497213333899,0.23333333333333334,0.23266993852067389,259905.00000000003,1.0,42.22015262126794,30.493486858255093,800.0676199895101,97.85846555007552,798.6061309790243,98.47997353656886,9.769831021901227,9.571245728807053,200.501181993689,4.58698985678186,4.04407189174783,2.918643886233189,259905.00000000003,1.0,4.372590991345161,3.2128365491095945,55.03696753421864,6.69101554684861,54.7084484346213,6.413180481253293,1503199.2730253162,845276.8686265458,259104.93238001052,97.85846555007163,1096299.8631209398,726879.6350202485,259849.9630324658,6.691015546843369,1369797.7725819997,743035.2626312434
405,155.19488974091573,3.3789567728492726,200.35538672428825,4.362207550703076,202.05464280161166,3.9744592651072415,198.68685312814446,4.681524303168455,45.13910544758659,24.27105858024326,0.24289212421007925,0.2286084558428587,259905.00000000003,1.0,42.63605002858691,30.441952166349868,802.3277832842998,97.20188644625019,800.0676199895101,97.85846555007552,9.447328868848368,9.526977073900776,200.22336583648985,4.614391394336539,3.979274779321939,2.9476380359170684,259905.00000000003,1.0,4.467997293437924,3.1621671654024532,55.525690048334624,7.057913085313251,55.03696753421864,6.69101554684861,1533833.748323377,851141.8587631434,259102.67221671573,97.20188644624656,1106326.4048120049,725531.7386191669,259849.4743099517,7.057913085307078,1388390.7347820224,749169.7365231825
406,154.9280412467387,3.4108144399315155,200.01088749966394,4.403334968744519,201.74247128256695,3.975459661647755,198.37312693437377,4.6771635562665965,47.0581887182214,25.346874259558405,0.23160061850962058,0.21991487871587945,259905.00000000003,1.0,42.66428663006158,30.43240108129082,806.49008475395,97.01748611525416,802.3277832842998,97.20188644625019,9.153619408518603,9.549893291749095,199.896755630544,4.623901950315617,4.133000307310608,2.999766715537882,259905.00000000003,1.0,4.49390663877068,3.1349627953606998,55.886596379794696,7.1010680560929496,55.525690048334624,7.057913085313251,1565190.459110857,850446.1103966179,259098.50991524608,97.0174861152506,1114306.6237456151,721433.1885354315,259849.11340362023,7.1010680560872546,1415353.4184848145,747912.3544333423
407,154.59594981975386,3.4549959757623827,199.58216011705485,4.4603723252991205,201.37366735476095,4.007733323057528,197.99272377142012,4.683120314798966,50.1356291740253,27.525446967423065,0.2223559155440997,0.21534846236763341,259905.00000000003,1.0,42.89927905557897,30.3585004251207,813.5040789568523,98.72766758356873,806.49008475395,97.01748611525416,9.000170215828689,9.576285775557091,199.52717508220664,4.644702974610684,4.330278800452605,3.028955637853335,259905.00000000003,1.0,4.667069413553369,3.079489344666149,56.223386992895456,7.072797241039014,55.886596379794696,7.1010680560929496,1615394.4240575891,844086.2295679558,259091.49592104316,98.72766758356633,1132315.6783743957,709152.1772632484,259848.77661300712,7.072797241034244,1461157.115548154,733237.635429636
408,154.22465606797672,3.5109259866746725,199.10282254872033,4.532576898373198,200.95294975258113,4.069294826390949,197.54767600386697,4.678564924865093,53.23865833917592,28.252431761337842,0.21478699292315653,0.21343687195098718,259905.00000000003,1.0,43.13793336695075,30.237411492419636,823.3900169361542,103.20390031445095,813.5040789568523,98.72766758356873,8.928819050952079,9.606447915435366,199.08846229648384,4.664845816353328,4.552121486153187,2.9534058146241167,259905.00000000003,1.0,4.818401893433019,2.995115078690262,56.48966740017529,7.024834140710158,56.223386992895456,7.072797241039014,1671508.6668807706,818715.1054983067,259081.60998306386,103.20390031444902,1149494.0021228371,692920.4180673023,259848.51033259986,7.024834140706315,1510846.8179097967,699518.7609422561
409,153.79709688707268,3.6289263460519905,198.55084666669842,4.684913311058338,200.47588597090171,4.16420172490577,197.0172365995003,4.730328286332739,58.99793776211411,36.20788764453542,0.2181488740824687,0.21584654123922534,259905.00000000003,1.0,43.61810940320526,29.97259907070637,838.5516964209806,117.83930266121821,823.3900169361542,103.20390031445095,9.268256026313983,9.624891511657776,198.60496118271487,4.676708359656368,4.829338824049126,2.9294505044487127,259905.00000000003,1.0,4.951861239526789,2.8869359663309284,56.612189815652954,6.965291761152723,56.48966740017529,7.024834140710158,1741897.7853617833,799647.4760951895,259066.44830357903,117.83930266121571,1168472.6037547728,676160.8555770478,259848.3878101844,6.965291761148501,1572167.231074681,670579.4902178473
410,153.32696257934572,3.772895527666389,197.94390670311623,4.870776501659744,199.9310464319093,4.356690073306939,196.42166383145712,4.8389690610497125,66.17420228826366,46.662231503062266,0.20782607605303313,0.19155324851341526,259905.00000000003,1.0,44.18112448091078,29.538159113546474,860.3369481522805,148.8084389399214,838.5516964209806,117.83930266121821,9.683949217294149,9.649963304632587,198.04430175403496,4.758039852209661,5.081465073855166,2.8967529995828833,259905.00000000003,1.0,5.2211021297793945,2.7997057412100097,56.75182687157718,6.885794524151642,56.612189815652954,6.965291761152723,1811769.7119590298,783787.0068457454,259044.66305184775,148.80843893991647,1186535.7436844704,662419.2170859936,259848.24817312846,6.885794524147658,1630923.1020321082,645735.218608368
411,152.79371569315438,3.963829939034121,197.25548903346197,5.1172723444337995,199.32341157506846,4.597582122059182,195.7490904711283,5.006689054965845,74.3357626198264,57.94856743685738,0.20640744914054537,0.18969658939078377,259905.00000000003,1.0,45.23561956503142,29.08110323794568,889.2306837579349,194.925295261715,860.3369481522805,148.8084389399214,10.059999354516993,9.603587176169325,197.4272311496427,4.857721764248238,5.21052597001733,2.776819400530104,259905.00000000003,1.0,5.5648115509517035,2.7858967682632274,57.10611245251155,6.812401600976795,56.75182687157718,6.885794524151642,1882161.5319845455,767069.4941111049,259015.76931624208,194.925295261711,1206572.9897201515,648961.2612966336,259847.8938875475,6.812401600973149,1689395.9451375604,619429.3276034632
412,152.26275546556636,4.06925141435466,196.5700234946778,5.25337239012174,198.69177772019376,4.8201848882415765,195.02830787273575,5.163217549807476,81.09414965323478,62.91570008125564,0.20524597566014757,0.18867280959344385,259905.00000000003,1.0,48.79285993007929,32.55324504040533,921.3267275054302,237.72708200463805,889.2306837579349,194.925295261715,10.569162286434334,9.62665043708526,196.73705684957022,5.008427782485337,5.4289162711234695,2.651799586648431,259905.00000000003,1.0,5.824671982712886,2.606753957391518,57.50186816410097,6.711512963336493,57.10611245251155,6.812401600976795,1953140.9703731101,749096.6274174494,258983.6732724946,237.7270820046331,1231790.914674589,632769.8320309708,259847.49813183592,6.711512963333816,1745332.7253304406,584599.7230169827
413,151.74575196288453,4.164344032192068,195.9025760553315,5.376136421266423,198.06010805786974,4.985154240100778,194.34150406145656,5.270957328553733,86.1839786818402,65.58057977340192,0.2138538324796073,0.21184360207908998,259905.00000000003,1.0,52.067525409289374,34.628518252291016,955.2293269455014,277.26461229273707,921.3267275054302,237.72708200463805,10.978996671830389,9.55962969666885,196.06449128975595,5.085539004584751,5.530258142737768,2.6030511812963897,259905.00000000003,1.0,6.033911227057875,2.41564307299233,58.005521248421076,6.50159399639801,57.50186816410097,6.711512963336493,2014273.4980084244,734666.6114679315,258949.77067305453,277.26461229273247,1253667.5043706142,614758.7203354618,259846.9944787516,6.501593996396991,1793522.5120723941,556932.4597239568
414,151.2436666772614,4.183291438678826,195.2543877278144,5.400598280293665,197.44022143961624,5.122446495373528,193.68400571373132,5.284766556764558,89.43946425680593,65.16698121275269,0.21738486692977904,0.2174564804851764,259905.00000000003,1.0,54.70297883462636,35.5114973479469,989.7484275007512,310.1601005393211,955.2293269455014,277.26461229273707,11.20102258508928,9.42510914950107,195.40936370122944,5.156246966391274,5.587623814019501,2.543961293483744,259905.00000000003,1.0,6.1634701850009215,2.304032236513573,58.5813676194025,6.309606537252056,58.005521248421076,6.50159399639801,2068773.129756729,710225.2737306877,258915.25157249928,310.16010053931814,1267065.6963957031,606808.3438885434,259846.41863238064,6.309606537249927,1828664.9319417106,537970.4051983496
415,150.78243414127786,4.192815785170967,194.65893967814335,5.412894737558075,196.826193223531,5.1923073272161115,193.063080595243,5.252775691973836,91.73802019669125,64.57918366157091,0.2237923160703244,0.2195117848932155,259905.00000000003,1.0,56.810930333748146,35.58049569515043,1024.451725047624,338.21438899222267,989.7484275007512,310.1601005393211,11.663077300727055,9.249090035042682,194.75692382813665,5.117111157383741,5.719629314098242,2.4426935507539835,259905.00000000003,1.0,6.11769245710198,2.336543626758962,58.97943076240624,6.190458885391115,58.5813676194025,6.309606537252056,2132842.2142661405,693266.1189023998,258880.5482749524,338.21438899221874,1288195.4512207005,603385.6356968153,259846.02056923762,6.1904588853883125,1866618.4174484792,536902.24897808
416,150.37665066408252,4.1584549117860865,194.13507583276999,5.368535196132104,196.26047134894085,5.218250809652392,192.50226146249253,5.149406715433087,93.15147819880634,63.78657134690573,0.23859708260721788,0.22962270977059185,259905.00000000003,1.0,58.91085365091935,35.31972142560153,1058.4537525129037,360.6278973562755,1024.451725047624,338.21438899222267,12.193325702991046,9.143156360042598,194.1645325441161,5.0650423805959655,5.8468238583416365,2.391100373622558,259905.00000000003,1.0,5.983188112037183,2.472457030850958,59.115795016101785,6.11688634079306,58.97943076240624,6.190458885391115,2205637.341006015,679068.8429524467,258846.54624748713,360.6278973562753,1315334.0237727007,603621.5140277005,259845.88420498391,6.1168863407902565,1913061.206299241,545789.7060699563
417,149.98141116118472,4.148433892331524,193.6248243038218,5.3555975991902285,195.74940513227824,5.232544830319372,191.9775776751869,5.037874001889163,95.1507329395269,62.74320733514472,0.25071820026311237,0.23319950354748503,259905.00000000003,1.0,60.073772950103574,34.438177720352385,1093.279994302064,381.6187032002141,1058.4537525129037,360.6278973562755,12.5526195840675,8.9450268329404,193.63663373002436,4.969685084117322,5.882613604539783,2.3588206845418496,259905.00000000003,1.0,5.878116919479465,2.593642577119734,59.11129833104147,6.119899311548439,59.115795016101785,6.11688634079306,2274382.4964678967,650553.5420244767,258811.72000569795,381.61870320021194,1338796.346052081,604640.2275825544,259845.888701669,6.119899311545714,1955516.4740772094,556182.0673037148
418,149.59676068579313,4.121229224282048,193.12824342253623,5.320475852386527,195.25391548242976,5.2566840890282664,191.45610538662496,4.9080008696136135,97.01986886535455,61.26887964625317,0.40050751255484623,0.8060938801372193,259905.00000000003,1.0,61.48139295485737,33.32423507129119,1128.4179627000065,399.5749387191795,1093.279994302064,381.6187032002141,12.875460906527772,8.717169178082646,193.1178039241297,4.881835233255956,5.917413567165652,2.312867687826075,259905.00000000003,1.0,5.792091902869884,2.7017334753947773,58.9859766667457,6.208176131162064,59.11129833104147,6.119899311548439,2323302.6983336424,609884.9098576827,258776.58203730002,399.57493871917524,1352641.1993061649,604641.9037630362,259846.0140233333,6.208176131158905,1980464.850719905,549663.3684671558
419,149.26422689044603,4.102672212315535,192.69894495337468,5.296518433198115,194.79809697816657,5.2562073323035925,190.99033112920074,4.787122875450838,100.4359922895422,60.58643852266519,0.5231446290104905,0.9996807767388716,259905.00000000003,1.0,63.09673769758904,32.03715816271941,1165.234072662949,418.65681430642024,1128.4179627000065,399.5749387191795,13.136264542944351,8.51232969179767,192.62853793001474,4.768452751558147,5.932830093250659,2.290986019690901,259905.00000000003,1.0,5.697491343314639,2.813941068517067,58.75063791680968,6.37078699281661,58.9859766667457,6.208176131162064,2371102.9393698038,574048.0306979764,258739.76592733708,418.6568143064174,1370943.6014742488,600927.0770086308,259846.2493620832,6.370786992813223,2010534.8910675293,539217.7044773711
420,149.06108412105803,4.047666177247258,192.43668925629697,5.225505873016895,194.50429746617064,5.187846002358912,190.6222365840463,4.676371539780681,104.54327155239999,60.66861289927904,0.6235514077215324,1.1192416884898309,259905.00000000003,1.0,71.10185559519297,46.76920847469112,1198.0519372124345,429.45145304634946,1165.234072662949,418.65681430642024,15.069036421609992,11.895542661959283,192.22484129421923,4.667900553661601,5.900728459925216,2.3217099592211663,259905.00000000003,1.0,5.846379599943413,2.7771410246249832,58.69628905682788,6.39487896044594,58.75063791680968,6.37078699281661,2440169.816573023,555422.4305018605,258706.9480627876,429.45145304634815,1422459.0403951493,613582.4380994932,259846.3037109432,6.394878960442996,2042035.3762399058,516189.5242395952
421,148.93757924832155,4.006168607820251,192.27724551720445,5.1719327358895555,194.34819953689606,5.126496558100755,190.38141404913205,4.558762202257181,108.42348785837567,60.90041946989182,0.7117998335004918,1.1896860438592203,259905.00000000003,1.0,79.38885387184098,57.13563093090877,1226.3747713654686,434.5132788937111,1198.0519372124345,429.45145304634946,16.74461664640359,13.505030965132436,191.98178836413047,4.552707026168956,5.886530481959111,2.3216351867409877,259905.00000000003,1.0,6.004978989401108,2.708329912412995,58.814737564269876,6.319762569264339,58.69628905682788,6.39487896044594,2489700.5387466312,528206.6342982015,258678.62522863457,434.51327889371083,1463009.8869394215,607548.9332569648,259846.18526243576,6.3197625692614094,2055495.2228340195,501673.3750897974
422,148.9008946386286,3.995254360639876,192.22988587826708,5.157842447724943,194.27693333977442,5.0950456502494585,190.2578682965302,4.508527170462632,110.03076294247953,61.20908098146299,0.7744927427196998,1.2259962913190252,259905.00000000003,1.0,88.07715935075966,68.23029269761993,1247.5538822144688,434.91204477284424,1226.3747713654686,434.5132788937111,18.30412504058033,14.688256319776938,191.81114838960875,4.464472153625567,5.901056707812254,2.3264041011049934,259905.00000000003,1.0,6.089561058170508,2.6726874719839224,59.00324191462813,6.140387517421033,58.814737564269876,6.319762569264339,2521014.9939291147,509433.5678532587,258657.44611778556,434.9120447728439,1495887.3685951713,592442.1903433867,259845.99675808538,6.140387517417496,2057883.9458455076,498770.7699058342
423,148.93997271092502,4.010095490610337,192.28033524728855,5.177002165887164,194.30303027897182,5.106071174513658,190.22078186135286,4.494258674808809,111.115840698789,61.15715900419189,0.7730741158072121,1.22647847837476,259905.00000000003,1.0,95.51737139440806,74.0551384891595,1262.3792774030426,433.20350187210096,1247.5538822144688,434.91204477284424,19.790245264803207,15.412096889267987,191.7546220484068,4.438344410807055,5.776600877785214,2.2340495459314766,259905.00000000003,1.0,6.091899462893751,2.6739923928132487,59.31854049973666,5.817188163630308,59.00324191462813,6.140387517421033,2547152.9477648074,491542.40411164914,258642.62072259697,433.20350187210107,1522806.0093926352,577300.9571400229,259845.68145950028,5.817188163626222,2057138.4481274493,499692.44758564717
424,149.01869439280307,4.049623243560528,192.38196441362416,5.228032306636055,194.39351256871328,5.144223804029426,190.236899915011,4.501722376130975,112.15725924882001,60.74172852024046,0.7719126423268143,1.2269376940320238,259905.00000000003,1.0,101.47735514340133,77.13214096278526,1272.2872688661346,430.6140752067685,1262.3792774030426,433.20350187210096,21.073889131282847,15.691000980270028,191.7922916324109,4.459185257598746,5.668662754111495,2.2003642292911545,259905.00000000003,1.0,6.1269974990913525,2.678265542691396,59.77687524471652,5.280734165601193,59.31854049973666,5.817188163630308,2573910.81994575,456483.1637111214,258632.71273113388,430.6140752067681,1548307.5242685296,557006.6794720779,259845.2231247553,5.280734165597753,2058757.853062051,497051.83148063504
425,149.09446326220956,4.095287132815438,192.47978177955898,5.286984288518102,194.47665666427966,5.183048153287763,190.28981741031959,4.5333084417017755,112.52021726356233,60.428918283423386,2.0231633131232414,6.8471397481418546,259905.00000000003,1.0,103.93114861226098,76.8909677940363,1278.8531742043126,427.92732028478565,1272.2872688661346,430.6140752067685,21.354095263967896,15.536607681438205,191.88296226720445,4.519117316603866,5.5838069754763,2.2358925175722244,259905.00000000003,1.0,6.056727315148495,2.6952091218047602,60.24023679351197,4.689856822890146,59.77687524471652,5.280734165601193,2590161.191887237,423914.33601850556,258626.1468257957,427.9273202847844,1557972.4257195317,547233.0205247322,259844.7597632065,4.689856822885032,2058380.2921992582,497699.3536032211
426,149.1537737082198,4.147366422752197,192.55635138258887,5.354218551350145,194.53720099843403,5.226182648711401,190.35352308565047,4.577559820095797,112.85348495368223,60.07806708746153,3.0440842344677184,8.61106541349184,259905.00000000003,1.0,105.5035037452035,76.93638657987894,1283.1590711783235,425.3571065142415,1278.8531742043126,427.92732028478565,21.44121580177129,15.493783180505991,191.97658694179557,4.584704399245787,5.535976347269501,2.291074503988213,259905.00000000003,1.0,5.934809243977533,2.591319330426515,60.621684823290224,4.557782947334103,60.24023679351197,4.689856822890146,2600362.9176435396,409720.725379123,258621.8409288217,425.3571065142397,1561236.3275994754,546448.9380538854,259844.37831517673,4.557782947330896,2052168.1387286698,506220.07359778497
427,149.19416136819345,4.1944446715443435,192.6084918234024,5.414996580847072,194.59105457363856,5.276035067240008,190.43210368396603,4.657565213029023,113.30078147237798,59.521327668823965,3.8834600718791608,9.486860599133628,259905.00000000003,1.0,106.00161196607344,76.73238819035753,1286.574780612749,422.8840731990921,1283.1590711783235,425.3571065142415,20.945157286784596,15.596504759888203,192.069832098299,4.687822890539245,5.489782975725532,2.3567218253069795,259905.00000000003,1.0,5.81082193683098,2.513743594441196,60.91893146832535,4.763190082488889,60.621684823290224,4.557782947334103,2600600.4766265126,409301.31499195116,258618.42521938728,422.8840731990905,1556490.2159011227,547578.3745943585,259844.0810685317,4.763190082486902,2037827.5848275262,527600.2228949511
428,149.20522594723883,4.209864349427778,192.6227766888763,5.434904076599726,194.61327967168393,5.303414398225586,190.50726174007136,4.757765643119614,113.4948402863345,59.26283535186772,4.570682883358493,9.932125642267483,259905.00000000003,1.0,104.85164066954002,77.01720758235517,1290.6472973461848,419.2723561984578,1286.574780612749,422.8840731990921,20.200052470708382,15.613717769758725,192.1738604910729,4.834362009208623,5.581180608558274,2.2455226841385114,259905.00000000003,1.0,5.686131139617126,2.468747182627558,60.99484370765373,4.871373083815018,60.91893146832535,4.763190082488889,2593237.4406869668,421264.1606624072,258614.35270265385,419.27235619845703,1546452.6639913083,546874.4001380639,259844.00515629238,4.871373083813747,2027518.025579485,542115.5619624923
429,149.22092161836306,4.236717765690107,192.64304028135885,5.469572629521789,194.6400441767593,5.344846502835161,190.58439705105383,4.877251163395039,113.26582009124093,59.58540259027121,5.133333333333334,10.140198897397205,259905.00000000003,1.0,104.27489302575093,76.9851828100261,1294.5048910783416,414.97088837411513,1290.6472973461848,419.2723561984578,19.48892653798422,15.66706388690842,192.24974520028448,4.957429735068405,5.516145280811793,2.2738994516673827,259905.00000000003,1.0,5.643921520157531,2.448872696363929,61.08928661366613,5.042362998450587,60.99484370765373,4.871373083815018,2584374.109156653,429787.6988988614,258610.4951089217,414.97088837411434,1536738.0147989304,540433.8124721766,259843.91071338637,5.0423629984473175,2009348.8996115,565657.4832302583
430,149.32185553446942,4.408726465333431,192.7733455411518,5.6916349303446685,194.72837330776198,5.4915571741636215,190.7391261998942,5.111902177556392,112.45753731891557,60.28343584253869,5.133333333333334,10.140198897397205,259905.00000000003,1.0,104.32743483417526,76.97686108292842,1297.5016602297485,411.34878058806083,1294.5048910783416,414.97088837411513,18.769812458230376,15.6407752114121,192.40471335578755,5.1973454317580865,5.309958203921309,2.109916768684022,259905.00000000003,1.0,5.667706608952007,2.4549821714956908,61.4137016853635,5.527048639968771,61.08928661366613,5.042362998450587,2550045.1644027084,421256.8520511244,258607.49833977027,411.34878058805907,1508039.4120121321,494975.64347721846,259843.58629831465,5.527048639965465,1950094.4691235952,572906.0795918539
431,149.47483325286643,4.644426433782894,192.97083897796117,5.995922122191185,194.90407954202774,5.770126819642272,190.9573838100382,5.450929096977103,111.6867603940033,60.93498454180854,5.14289212421008,10.13532702195078,259905.00000000003,1.0,104.62214969425986,76.88139105442751,1299.423378805282,408.9098075139816,1297.5016602297485,411.34878058806083,18.14578845384142,15.732125561985494,192.63398835170557,5.573137508244244,5.092361891738796,1.9975008893955521,259905.00000000003,1.0,5.4693093165701585,2.311319236326184,61.757315776861525,6.037778259001823,61.4137016853635,5.527048639968771,2509335.916729249,397632.8216783032,258605.57662119475,408.90980751397916,1481181.373285506,445848.33679725014,259843.24268422317,6.037778258999462,1880683.7104443845,556849.2416751529
432,149.681527297075,4.96258917105473,193.2376796278523,6.4066675461844955,195.1208894838966,6.1183076431160215,191.2097994561861,5.834871603077519,111.66682136060135,60.949795935465225,5.150718200263113,10.131308808149674,259905.00000000003,1.0,104.67929896135729,76.87273289372538,1301.260183004263,406.43650965706576,1299.423378805282,408.9098075139816,17.98979614416336,15.772317952902908,192.90421547702022,5.964539292789275,4.9046503083218695,1.994392172833258,259905.00000000003,1.0,5.37829402781426,2.236806348407891,62.19762616302059,6.75752597877497,61.757315776861525,6.037778259001823,2476767.770015432,387892.7431060683,258603.73981699575,406.43650965706445,1459848.6249690922,409928.0387224208,259842.802373837,6.757525978773005,1818320.212587257,559706.3181272928
433,150.0140308181807,5.504176786298183,193.6669390019085,7.10585243848851,195.49309075105862,6.739745588136794,191.50199369760549,6.263342467039471,112.10164278023515,60.632282452175076,5.157125649403659,10.127999201810281,259905.00000000003,1.0,107.32836335246363,76.6695485504026,1300.8763367826307,406.985989145688,1301.260183004263,406.43650965706576,18.434965018265885,15.78259742531267,193.22131889932967,6.398105450893579,4.7228332011013725,2.0380342651150802,259905.00000000003,1.0,5.579446778811731,2.551510692922956,63.02090640739761,8.360905516251401,62.19762616302059,6.75752597877497,2470418.906721942,383013.3732179418,258604.12366321738,406.9859891456884,1462685.5966426951,415511.90529071377,259841.9790935926,8.36090551624837,1759541.8552926749,560126.5379647795
434,150.44000472629202,6.117308272080825,194.21686789105337,7.897400140525174,196.01542199513025,7.561917435737785,191.9062473794172,6.855950483587777,113.06182958794396,60.31871424046923,5.162371625063806,10.125276259173651,259905.00000000003,1.0,109.92054319223371,75.70034571614062,1298.8552515532772,409.7980400084446,1300.8763367826307,406.985989145688,19.209921962044657,15.874374277974944,193.70381456736123,7.096506506011041,4.884808537346594,2.1975174408276423,259905.00000000003,1.0,5.719521343597515,2.635720568051829,63.8222858803152,9.628746212156683,63.02090640739761,8.360905516251401,2476096.767117941,385365.5728393879,258606.14474844674,409.79804000844564,1473562.6499959792,426665.92948804377,259841.17771411972,9.6287462121526,1708018.379303228,567331.0137815477
435,150.90884121462986,6.7174245340432135,194.82213191861575,8.672145056429422,196.6126522410734,8.387626655348104,192.35801928244467,7.483137832553388,114.66818980540266,59.83028277172818,5.157107875789921,10.127939001634887,259905.00000000003,1.0,111.75988839849485,74.73316036598791,1296.606445084395,412.76057380861414,1298.8552515532772,409.7980400084446,20.73931453813277,16.747776390156165,194.2656813037495,7.887794786593267,5.159715566597608,2.3076500611873185,259905.00000000003,1.0,5.835739866035082,2.643946200420401,64.46497684641933,10.494230136279594,63.8222858803152,9.628746212156683,2493966.3938209,381412.9334279069,258608.39355491562,412.7605738086156,1496105.8300457906,427247.8015886706,259840.5350231536,10.494230136275457,1670809.1412768527,590705.1338775639
436,151.41119785194508,7.241770951156944,195.47067002867237,9.349071800959987,197.2636763094009,9.157691903841664,192.87259279170488,8.097450477473773,116.4517470689177,59.81555004722356,5.1492817997368885,10.131963657529592,259905.00000000003,1.0,114.37834984046194,73.24418954012651,1293.5305605131139,416.43313715503024,1296.606445084395,412.76057380861414,22.092560979241316,17.001481114643106,194.88901509206002,8.652196729568395,5.207680518731852,2.368610716177711,259905.00000000003,1.0,6.009244819705555,2.5297338238115734,65.23320781405971,11.127345252890155,64.46497684641933,10.494230136279594,2507212.6156429243,370467.69338131923,258611.46943948691,416.4331371550333,1518483.7930773532,410626.6363949744,259839.76679218595,11.127345252885904,1631186.400973223,622647.0733319403
437,151.97763579405316,7.722724146921619,196.2019365867313,9.969978292213145,197.9740718778165,9.83299508026259,193.46775560849136,8.696019815848693,116.73755472724358,59.81822790687104,5.142874350596343,10.135266839479051,259905.00000000003,1.0,118.3321943412373,72.11975140421772,1286.793046548524,423.9463733563389,1293.5305605131139,416.43313715503024,23.261473050839697,17.004457037929967,195.57322329401836,9.355613332837326,5.2600261736368275,2.440079364418734,259905.00000000003,1.0,5.977259111182936,2.533097580933735,65.91710741827248,11.454127334610945,65.23320781405971,11.127345252890155,2506979.6703766,370643.92412894464,258618.2069534515,423.94637335634303,1537683.5726463306,394937.45194590266,259839.08289258176,11.45412733460763,1587917.7367999207,648191.7205073329
438,152.5605343013554,8.089440432782498,196.9544536106643,10.443405635186933,198.7004377183352,10.34245760734036,194.13192052383428,9.255088310036115,117.04822130532014,59.77692943742048,5.137628374936195,10.137976661855488,259905.00000000003,1.0,121.11114234372033,70.24997377879941,1277.5924971351876,433.0372807762894,1286.793046548524,423.9463733563389,24.109584715338006,16.63994704051003,196.32237702108262,9.981625771368973,5.341118334604523,2.5312003395656153,259905.00000000003,1.0,5.84656760563741,2.6630130276200705,66.38922335597204,11.456343431815329,65.91710741827248,11.454127334610945,2496699.259229111,385668.7826295382,258627.40750286484,433.0372807762947,1551327.8554181522,373574.0771828056,259838.61077664405,11.456343431812664,1548481.168399331,672794.7626203418
439,153.17912227027938,8.327530325170422,197.75304541715582,10.750777616221182,199.46102699056732,10.723054841159371,194.86092464030816,9.678936851199516,113.9241083651353,58.5093959099749,5.123774542456588,10.144933524020804,259905.00000000003,1.0,123.08329214967564,68.54537286302813,1263.3095388081906,443.9271037261565,1277.5924971351876,433.0372807762894,24.338301621457088,16.553011840836607,197.10162343682723,10.490379864216113,5.274330785673018,2.4677971395840066,259905.00000000003,1.0,5.749125241757972,2.7624842827615987,66.83068447872365,11.25991452724967,66.38922335597204,11.456343431815329,2464431.7084376463,419969.7443464387,258641.69046119184,443.927103726161,1557131.8031670805,363673.3483659918,259838.1693155213,11.259914527247858,1496302.8745534203,685217.8674659732
440,153.839398346744,8.4746377659164,198.60545649270756,10.94069170194827,200.29364125482573,10.976122341606306,195.66740691047545,9.999055574825181,108.40138963659227,55.02966460190834,5.106389675526809,10.153535312743701,259905.00000000003,1.0,125.86709630363491,66.30005305097266,1240.7374424656211,455.92451620560604,1263.3095388081906,443.9271037261565,24.104919705521638,16.71916359115221,197.93165820928274,10.82767981501848,5.1402074672422575,2.4020980929515425,259905.00000000003,1.0,5.538048935107541,2.807575881717469,67.1951926132556,11.03735652796853,66.83068447872365,11.25991452724967,2432140.0470067286,441791.6292720215,258664.2625575344,455.9245162056099,1569288.4232718796,348681.5630477473,259837.80480738677,11.037356527965343,1439296.9608015148,694537.3364724604
441,154.5712105006784,8.518704274643486,199.5502203418614,10.997580688910139,201.18346635372322,11.093390127091403,196.56198748921682,10.192840999070103,100.93541296902346,48.15211880281431,5.09215615033323,10.160618031908331,259905.00000000003,1.0,127.15384734194828,65.10546113504083,1209.426851942363,464.4677382803292,1240.7374424656211,455.92451620560604,23.88571089256493,16.893471135705276,198.79371618039906,11.015248724645126,5.138961398165346,2.4024332809144977,259905.00000000003,1.0,5.244486472855029,2.736871859633545,67.26738435461195,11.001595271589197,67.1951926132556,11.03735652796853,2392865.0327666877,466553.96092533943,258695.57314805765,464.467738280333,1575574.7107661539,341011.3894590347,259837.73261564542,11.001595271585535,1381464.218212059,695890.1987617916
442,155.3132911235524,8.517072509875462,200.50824103339696,10.995473488670005,202.10881469014927,11.107443718939082,197.5199056558669,10.273923206513539,94.487194248059,44.164851749108806,5.080502725532538,10.166443741796435,259905.00000000003,1.0,124.86221232887718,66.2222124408738,1173.9713311360124,469.0213101145919,1209.426851942363,464.4677382803292,23.507582967625464,17.146181457367426,199.74412466976972,11.075373698369178,5.029278020801402,2.3851719692287814,259905.00000000003,1.0,5.0508427885190486,2.7555825260251483,67.25561578899627,11.008082517927908,67.26738435461195,11.001595271589197,2351467.551478373,484241.032873589,258731.02866886402,469.0213101145971,1610018.6299080567,353685.8214902707,259837.74438421102,11.00808251792495,1356145.4342867092,678916.4868102471
443,156.1072264665382,8.48964269262163,201.53320534194722,10.960061694983715,203.08840688357304,11.08538430871178,198.49446624417203,10.293818264716236,88.67165469833616,42.25873934394168,5.051844126516037,10.179954871684208,259905.00000000003,1.0,123.06111215906213,67.08457850299287,1134.5300295487705,469.7835203267452,1173.9713311360124,469.0213101145919,23.192500210111366,17.38539093028437,200.71028328448685,11.077007488991454,4.944528517821527,2.4027567847619244,259905.00000000003,1.0,4.895817231659869,2.7815338329409593,67.17357116950127,11.052699671989485,67.25561578899627,11.008082517927908,2309984.4944883855,503492.73673520895,258770.46997045126,469.78352032675,1642467.4693760364,347455.97153751896,259837.82642883054,11.0526996719874,1325460.035631805,661178.3665179922
444,156.94655102616653,8.476761868356228,202.6167671868468,10.94343227725628,204.13833766513238,11.03682256279977,199.5211599141299,10.338677023307515,84.95954388854578,43.5019243821535,5.0318969328071095,10.189563834697259,259905.00000000003,1.0,122.09004164008124,67.57494351302319,1092.3676348644278,468.3926870453554,1134.5300295487705,469.7835203267452,23.03497509498088,17.540442277922068,201.73487739572002,11.031181033500296,5.003912914528828,2.3969581715166446,259905.00000000003,1.0,4.746258976346716,2.835928824588516,66.88258389798582,11.229034425703322,67.17357116950127,11.052699671989485,2281386.4195867693,513893.1742554912,258812.6323651356,468.39268704535993,1677346.656647089,344773.39374910307,259838.11741610203,11.22903442570079,1299540.7500097302,646771.1502790186
445,157.78193048487122,8.392482204471897,203.6952359584574,10.834627171020818,205.2048727500351,10.904269352604267,200.55482720336732,10.316839665489864,82.66190898459375,44.00414558891414,5.0190820345260185,10.195850054761683,259905.00000000003,1.0,121.21109258859488,68.19554098600787,1048.7993692259006,462.88705586983264,1092.3676348644278,468.3926870453554,22.632762131660925,17.868118005898207,202.79550208429188,10.955185206710917,5.404672840282246,3.348294183802119,259905.00000000003,1.0,4.650407725989812,2.9143918265998527,66.09498545036007,12.2930970490496,66.88258389798582,11.229034425703322,2239485.313529636,514455.4345935567,258856.20063077414,462.8870558698387,1687701.2449342539,343921.75132634985,259838.90501454967,12.293097049047757,1262999.5822689885,612370.5207989647
446,158.59812050320986,8.27979262534519,204.74893130699323,10.689145240812527,206.26588470696498,10.701732560511449,201.55799934271624,10.244995202173522,81.06451769921688,45.0055109621148,4.9990312923289775,10.205423982184872,259905.00000000003,1.0,120.12442433620294,69.04517099213393,1004.7404312965856,454.29165519639974,1048.7993692259006,462.88705586983264,22.093164610015847,18.249886906733714,203.85568682915948,10.812559032706297,5.651809849376548,3.705121686723628,259905.00000000003,1.0,4.6176456339997936,2.9541398753694574,65.02748790164998,14.263324697621357,66.09498545036007,12.2930970490496,2183223.8966815793,505723.55555002304,258900.25956870345,454.291655196403,1683398.722712923,344389.58009620593,259839.97251209838,14.26332469761987,1208208.5147104054,551068.4379641066
447,159.47009079358264,8.103349073361857,205.8746383911197,10.461357939829735,207.35934695988493,10.465204142381346,202.58399811941547,10.113125613523946,78.7994211209922,46.120688798215184,4.9826151330702215,10.213316102864082,259905.00000000003,1.0,120.52622272557664,68.66534225784766,958.0310145589309,439.9767459155668,1004.7404312965856,454.29165519639974,21.67896687446631,18.602363365625234,204.91177182314118,10.64102163858895,5.8832710371751515,3.8343975503272665,259905.00000000003,1.0,4.575221202644916,3.008640270760577,63.68610473378641,16.882533316912756,65.02748790164998,14.263324697621357,2131971.1672328915,497454.4225044527,258946.96898544108,439.97674591557046,1667024.281057703,354877.2216833024,259841.31389526624,16.882533316911445,1137461.0055874428,485030.14810460905
448,160.35794039838322,7.838997739796421,207.02084546145028,10.120082926686303,208.49750419277066,10.118133145334939,203.6648904325557,9.909957967201981,76.86517949792115,47.404459150432146,4.8328258207784875,10.253607000220285,259905.00000000003,1.0,120.44074129901102,68.7500193960269,909.6226269370626,420.0731366044546,958.0310145589309,439.9767459155668,21.294582321717638,18.935429736158845,206.0346559880448,10.394857250817948,6.065742464477802,3.844374830352086,259905.00000000003,1.0,4.530928225136086,3.0672915446097,62.117957161111356,19.838225426646765,63.68610473378641,16.882533316912756,2095527.6074850142,507523.8528824191,258995.37737306298,420.0731366044613,1655451.0768795598,364246.07753696374,259842.8820428389,19.838225426647753,1081317.560157152,453978.1192539839
449,161.26210923525562,7.5244622479463015,208.18812056783148,9.71402070860199,209.65818864967852,9.697175484744669,204.77138511757224,9.656296000814484,74.09067016588132,46.10870813575188,4.710188704322843,10.289819535873225,259905.00000000003,1.0,119.98815397732177,69.19569411486678,859.0149544212993,386.2304944988629,909.6226269370626,420.0731366044546,21.2163188137081,18.98689105028403,207.19289003390924,10.08772661444207,6.163380850939626,3.800723693796451,259905.00000000003,1.0,4.520814749349731,3.0792536964035624,60.44205772618813,22.71317977607974,62.117957161111356,19.838225426646765,2049371.760171095,519573.2359005633,259045.98504557874,386.2304944988687,1637808.7760635496,383441.8955899034,259844.55794227385,22.713179776082388,1018768.0818184844,412856.25475063233
450,162.10070570884952,7.299712720953463,209.27074225050507,9.423871223992071,210.74271958596862,9.401849382433381,205.87593493166514,9.405208027518217,70.24476716169627,42.944307805904415,4.600223134735056,10.32299534639382,259905.00000000003,1.0,112.7173471943783,65.64137059050562,811.9421512538822,350.9322653413111,859.0149544212993,386.2304944988629,19.442556942716852,17.6418930278359,208.36270677400347,9.755564384189668,6.053331971869195,3.9319772320922284,259905.00000000003,1.0,4.347509265213531,3.061527183431928,58.702901686199134,25.011744418011116,60.44205772618813,22.71317977607974,1972548.6829429031,499115.6218601567,259093.05784874613,350.93226534131605,1587536.0967097953,390580.5477488221,259846.29709831384,25.011744418011798,957299.8266296007,378157.6418922544
451,162.9202968105096,7.092114048262969,210.32882837210423,9.155863797065932,211.75759607195067,9.177751987952405,206.92077209059985,9.212882543690512,66.35354542962283,38.857026385334976,4.513707423779809,10.348734146656527,259905.00000000003,1.0,105.32787452680893,60.48887158183595,768.4541147329163,314.5394625578503,811.9421512538822,350.9322653413111,17.90518672360676,16.611252867543786,209.4300500299305,9.489756698570954,5.873141458233605,4.070507634114298,259905.00000000003,1.0,4.205618735674155,3.025382764057894,57.00204563030635,26.82632346316696,58.702901686199134,25.011744418011116,1903175.1173377046,507437.31680132676,259136.5458852671,314.5394625578538,1543741.155443617,419590.13715809135,259847.99795436973,26.826323463166066,909376.5416885245,369148.77932811604
452,163.69513264955927,6.842979794293103,211.3291358232629,8.834234067022193,212.72225420986928,8.918995864794095,207.93259401724723,8.982674057540027,63.62383461744919,35.93187797454597,4.442874350596343,10.371233272545371,259905.00000000003,1.0,97.6872624569187,49.681844215002656,729.9478125428504,283.1110994605085,768.4541147329163,314.5394625578503,16.437191704127972,15.469012364938383,210.4829324547167,9.18972165570598,5.700454053323005,4.137018488656883,259905.00000000003,1.0,4.086922769985026,3.013454623091227,55.35518101363503,28.362139980194197,57.00204563030635,26.82632346316696,1839238.944075152,527358.9996514169,259175.0521874572,283.1110994605106,1504326.4028005868,457625.03462450026,259849.6448189864,28.362139980190943,869845.9035801906,366661.53958487476
453,164.40545483040316,6.5780518105820205,212.24615650640666,8.492213611269337,213.6352475939215,8.626226260083538,208.90859415128585,8.706017997544235,61.489923768186216,34.074352209990295,4.437628374936195,10.373414699045568,259905.00000000003,1.0,90.86046002421473,40.16023418632873,696.1396479118857,256.01747367235754,729.9478125428504,283.1110994605085,15.019953985857525,14.344051113956679,211.48073772058788,8.835736515623909,5.559069564253467,4.212095734375729,259905.00000000003,1.0,3.9359064699945843,2.9457531707346085,53.698684586042816,29.627391553957334,55.35518101363503,28.362139980194197,1773914.3103392364,551346.6827697869,259208.86035208814,256.01747367235913,1464726.9502657244,499025.0897195267,259851.301315414,29.62739155395327,832821.2774901342,362143.3106634461
454,165.06763815743847,6.291950683388957,213.10103005948287,8.12285941871322,214.4868238733796,8.261826324969986,209.83614830033187,8.371706159203388,59.73762963081961,33.165465036555304,4.44289212421008,10.371275373181735,259905.00000000003,1.0,84.7271881385962,32.113488835873625,666.7071972798991,233.1195819879605,696.1396479118857,256.01747367235754,13.670075598338949,13.505699727491795,212.39043506371786,8.44668943548826,5.446830217690031,4.278124708567863,259905.00000000003,1.0,3.795673024807589,2.8970100187426175,52.004635268950295,30.68035761070468,53.698684586042816,29.627391553957334,1713460.996302572,583201.964335098,259238.29280272013,233.11958198796216,1427439.4552409442,537978.8238868712,259852.99536473106,30.680357610699676,800527.7862069714,362548.9191864353
455,165.70594641232205,5.941479828738478,213.92508090184052,7.670404556505837,215.3220179942093,7.7921604359567045,210.7172283391088,7.993334514432203,58.83232787728069,33.321971158445066,3.1985165954093997,8.270903471174945,259905.00000000003,1.0,81.72093648103692,31.735865215691824,640.6200720807335,213.88663778057406,666.7071972798991,233.1195819879605,13.179184089689983,13.643640352287353,213.22546991532508,8.003879769534104,5.379551791475251,4.3261193841804735,259905.00000000003,1.0,3.7345974873743906,2.9028858328091545,50.31852155546307,31.55698611734404,52.004635268950295,30.68035761070468,1671422.3885996556,608746.0530370963,259264.3799279193,213.8866377805744,1407086.8234395487,559622.5526611803,259854.68147844455,31.556986117339303,771634.9829676872,361817.77313114086
456,166.2939395754599,5.553275315442305,214.68417509394072,7.169235780326972,216.12039788930684,7.271739833584773,211.56097699591672,7.526911879518966,58.54990576921094,33.379435709237484,2.179708081602607,6.4387963953668725,259905.00000000003,1.0,79.06152237896886,30.841840359618985,617.9287473893729,199.1354277591474,640.6200720807335,213.88663778057406,12.798821156609447,13.740266871964302,214.04509056341934,7.464015508000783,5.337990294036429,4.362382512486559,259905.00000000003,1.0,3.5794463669728604,2.882911102092288,48.52023684592562,32.244438255016476,50.31852155546307,31.55698611734404,1628114.4751272055,616910.8570083597,259287.07125261065,199.13542775914766,1381125.1514421839,573930.8424272493,259856.4797631541,32.24443825501253,744931.9330939874,351146.2806812509
457,166.86197241448332,5.160812735956894,215.41750073869616,6.662570161236771,216.8863832757931,6.711553764597164,212.34751542667556,7.076716142571153,58.09530943117395,33.62235913585072,1.345578219851312,4.757677716303364,259905.00000000003,1.0,77.62040889610326,31.660057223147227,597.0580697045923,185.8191727158993,617.9287473893729,199.1354277591474,12.577844217700493,13.829193299252927,214.78094470894987,6.935685960588961,5.304953275000584,4.3950821616231055,259905.00000000003,1.0,3.4654946468483807,2.8695879576114462,46.64219890877994,32.68783321274281,48.52023684592562,32.244438255016476,1595595.1601539284,627427.0084715725,259307.94193029543,185.81917271589722,1382957.965927209,573954.9183543653,259858.35780109125,32.687833212738866,748377.514809768,355082.52322138037
458,167.43702703762492,4.74059969089464,216.15989123950038,6.120079160222666,217.65930204991704,6.159378265679847,213.12544924948446,6.678480070534704,58.216658071931214,33.560690126430046,0.6626504499748416,3.065619155604121,259905.00000000003,1.0,77.3759023544137,31.75095552349241,577.236174972135,173.93651167743133,597.0580697045923,185.8191727158993,12.519554349105967,13.848258781510543,215.4952430128757,6.466119706502566,5.191875733635202,4.467530279589334,259905.00000000003,1.0,3.460209301229627,2.8672910480611327,44.872904101438166,32.88684980696917,46.64219890877994,32.68783321274281,1586596.4590884068,625820.0411784961,259327.76382502788,173.9365116774285,1405979.2770739375,589869.2434309574,259860.12709589858,32.886849806965,768580.894372908,393852.79533733026
459,167.99659593129974,4.373484049606203,216.88228995688615,5.646135987196059,218.4162539943848,5.671137355615626,213.8985917850002,6.309203353944321,58.37965440332776,33.425692867362876,0.1,0.13101671430013437,259905.00000000003,1.0,75.97047006988261,31.645899824564577,559.5453593055802,166.73007537631884,577.236174972135,173.93651167743133,12.491394368447395,13.858529837246886,216.2172758491551,5.986214453662168,5.08973688216017,4.539158945522307,259905.00000000003,1.0,3.4307221362466818,2.8431112458296823,43.18055602219135,32.79504853736094,44.872904101438166,32.88684980696917,1568964.1918125004,619433.0134534998,259345.45464069446,166.7300753763172,1429470.4098101987,617206.1924190139,259861.81944397785,32.79504853735769,803256.8985130116,459930.95993394655
460,168.51697657852168,4.0481782539372295,217.55409743404803,5.226169324001062,219.14277406395334,5.233744316755977,214.646168138924,5.962067496572846,58.20063638473226,33.482555558573885,0.1,0.13101671430013437,259905.00000000003,1.0,74.4029785351107,31.921188153249435,543.2430171552018,160.3050310314116,559.5453593055802,166.73007537631884,12.45120265864523,13.871059779545197,216.94437827214068,5.539309767374193,5.044347826880481,4.557148092449178,259905.00000000003,1.0,3.352743824839597,2.7840498200417763,41.45561868681713,32.49122948855988,43.18055602219135,32.79504853736094,1539330.4637706915,611671.8605833927,259361.75698284482,160.305031031408,1432096.5024633422,619373.3064140178,259863.5443813132,32.49122948855747,827919.6928057653,490944.7249147586
461,169.01578464484277,3.6670289287929387,218.19805490905563,4.734109611077287,219.81191351066076,4.768877191019013,215.333809925971,5.640445703277136,57.67830401217608,33.72039280581828,0.09044120912325411,0.12732989997490743,259905.00000000003,1.0,72.60251232814515,32.82470439580526,528.2283676301093,154.0635005052575,543.2430171552018,160.3050310314116,12.489715145655932,13.856647867570691,217.59438159921567,5.158607024866999,5.046412232038116,4.556186576715758,259905.00000000003,1.0,3.3275818923236566,2.7789673056057276,39.703455013769336,32.03130829917795,41.45561868681713,32.49122948855988,1502299.813618891,607116.7653006596,259376.77163236993,154.06350050525361,1420541.236782644,613090.9850573649,259865.29654498625,32.031308299176075,843054.3881511948,503293.10714318923
462,169.45680173841563,3.301044029240833,218.76740496526585,4.261626378698212,220.40841845828618,4.267627188505026,215.97765616391254,5.295600390191497,56.5763890570315,33.92394093311708,0.08261513307022099,0.12535219934192607,259905.00000000003,1.0,70.31249993331836,33.648545050550545,514.4096416207523,147.55608673828658,528.2283676301093,154.0635005052575,12.35523057559842,13.883080330492156,218.2257620699714,4.689063125538695,5.061177697550242,4.5474028470915355,259905.00000000003,1.0,3.246111816459496,2.7377386841304316,37.85505579934526,31.295392864847866,39.703455013769336,32.03130829917795,1464824.082796864,602477.2137273212,259390.59035837927,147.55608673828166,1396955.1318696057,609720.8166760345,259867.14494420067,31.29539286484591,849142.8789071859,504974.1725221709
463,169.7945886429569,3.1400855220729063,219.20348537319265,4.053830394153494,220.91403003676416,4.039606689858476,216.58113849924626,4.940183411381658,55.63474216153665,33.77240810464015,0.07620768392967563,0.12446598374027847,259905.00000000003,1.0,66.76366625224193,31.59155694192925,503.20450984611733,143.1198773334349,514.4096416207523,147.55608673828658,12.116352501172866,13.7143254543752,218.8182707140877,4.18553204521964,5.085797400309149,4.530088730866555,259905.00000000003,1.0,2.9827361455904016,2.17769285478763,35.71866121129318,29.823170215540074,37.85505579934526,31.295392864847866,1407136.033314712,565334.1591370422,259401.79549015392,143.11987733343136,1351020.1352025957,591839.9655550063,259869.28133878874,29.823170215539008,846906.534972666,504874.2148362909
464,170.07688020518054,3.045690300736486,219.5679214008632,3.9319669060050497,221.33187688941646,3.998143758937509,217.09119976682484,4.708100102845171,53.39217924023489,32.3879512191671,0.07096170826952805,0.12424320269512562,259905.00000000003,1.0,63.869424669543235,30.507580326246533,492.65630270853944,138.14486900317053,503.20450984611733,143.1198773334349,11.946926222450129,13.486407451546588,219.26073182513892,3.930439503904627,4.851383437063377,4.488987087992432,259905.00000000003,1.0,2.7872106230521108,1.8305038075726194,33.62115506394858,28.094894534482844,35.71866121129318,29.823170215540074,1346688.621074421,515745.3707967406,259412.34369729148,138.14486900316692,1305256.1494810663,589105.9700858525,259871.3788449361,28.094894534482904,837284.6425011158,506875.16643237066
465,170.34080176888438,2.99118855040742,219.9086417247933,3.8616049414541735,221.69923921360697,3.9910543811606227,217.5592207583768,4.521926911094163,50.36360424511823,30.081275835111285,0.06666666666666667,0.12440004612644613,259905.00000000003,1.0,61.48843102196156,30.361612445481818,481.46480926502943,130.79967809222475,492.65630270853944,138.14486900317053,10.933310096726942,11.352396846110906,219.63467599759144,3.807847777042908,4.568925258805156,4.418711222007414,259905.00000000003,1.0,2.7055795058749172,1.6494441112966727,31.724475977685007,26.23436070534957,33.62115506394858,28.094894534482844,1283969.5169199458,460590.3155875234,259423.53519073498,130.7996780922204,1273586.783756216,585246.471545995,259873.27552402235,26.234360705350486,838276.373795196,506787.65415686707
466,170.6031296384868,2.9177624286053057,220.2473046131707,3.766811756320968,222.04109247369823,3.990347725269751,218.01518389174632,4.3492739845430295,46.55767392060428,24.882815614796293,0.07622545754341258,0.1299924307526743,259905.00000000003,1.0,59.01588330931399,29.12894587747143,468.93037441877635,119.7023806247592,481.46480926502943,130.79967809222475,10.091891297782285,9.550205670399375,219.99197213867427,3.7370111389886462,4.355794986498971,4.3626492289733605,259905.00000000003,1.0,2.6769807633408207,1.5805891477469052,30.012328421193523,24.238740673962546,31.724475977685007,26.23436070534957,1233563.4203645654,414827.35160408256,259436.06962558124,119.70238062475552,1257105.4241802557,584383.3523063634,259874.98767157883,24.238740673963914,851834.3864283195,505185.5118275177
467,170.8616017430919,2.8694330840702746,220.58098960594216,3.7044179820558347,222.38041067602094,3.9797108023740484,218.4469366994905,4.1930604317714195,43.394444959078236,20.72117393228549,0.0840515335964457,0.13229218597345138,259905.00000000003,1.0,54.866561594842516,23.133166097509704,457.37420624941564,109.2976536631427,468.93037441877635,119.7023806247592,9.271600238315639,7.759219230645017,220.3250885765585,3.6700715199263385,4.110870659366778,4.287363539184283,259905.00000000003,1.0,2.751135316218835,1.7489796004875022,28.609700953835503,22.325552726486826,30.012328421193523,24.238740673962546,1195521.683433614,369952.73891522986,259447.6257937506,109.29765366313931,1248029.8276830676,582626.0933638731,259876.39029904618,22.325552726487413,870635.1405173247,505903.7259519161
468,171.14338806817932,2.770715679328772,220.94477321189427,3.5769732970464,222.72468631387977,3.8601327243415944,218.86013068189553,4.048897491717008,40.015837992050315,16.70886562646365,0.09045898273699104,0.13273519112442572,259905.00000000003,1.0,51.716135281620616,20.98205617294587,445.58344997710833,96.67572831718122,457.37420624941564,109.2976536631427,8.575288977070299,6.7621670346072085,220.6514836213565,3.6147096340460987,3.8504650097215234,4.202956576660345,259905.00000000003,1.0,2.875144616769028,1.7854210418355836,27.564544778866402,20.846852601638403,28.609700953835503,22.325552726486826,1162809.1764421929,356582.4496504213,259459.41655002293,96.67572831718081,1241206.0929938331,584795.5626834264,259877.43545522116,20.846852601638872,882660.5353426255,502995.284171244
469,171.4508994606034,2.5950200177473133,221.34176761189784,3.350150254317888,223.06747377696828,3.6553740213427677,219.27142832957676,3.816938211741641,37.346450861567114,14.382089599519695,0.09570495839713862,0.13214545112878434,259905.00000000003,1.0,49.192851364289965,20.300152603922193,433.64134451598835,80.76064298878256,445.58344997710833,96.67572831718122,7.959929404975215,6.368641404124362,220.98589707405318,3.523434233873982,3.693972764017042,4.184425079516926,259905.00000000003,1.0,2.9635995712744037,1.7888382266148408,26.74227620286055,19.634024055781232,27.564544778866402,20.846852601638403,1140431.9261477438,350338.25959178153,259471.35865548404,80.76064298878103,1239957.3719237668,585294.31428254,259878.25772379717,19.63402405578134,895148.8807909593,499951.82489521586
470,171.76291833936048,2.3736424055319385,221.74458155871832,3.064352313283161,223.41810628795255,3.4058240241746676,219.69149976483993,3.576696627951992,35.61753975848935,14.32188512828619,0.1,0.13101671430013437,259905.00000000003,1.0,45.92092003756787,17.22855382863114,423.2379642369098,66.46523072680961,433.64134451598835,80.76064298878256,7.735354530795446,6.43917726384326,221.34576995284115,3.3486203191541897,3.6035384018853893,4.199085366025856,259905.00000000003,1.0,2.995803885160505,1.7777353211660043,26.02458542893121,18.51491940198913,26.74227620286055,19.634024055781232,1119141.891030941,335351.10270911147,259481.76203576312,66.46523072680573,1231665.3626802354,585869.061581246,259878.9754145711,18.51491940198719,907585.1370265959,494488.90113200305
471,172.06947796048422,2.1432500598322726,222.14034778675642,2.7669168108801085,223.77994117634677,3.0973332278436754,220.10743753761767,3.325738851194062,34.64094452248796,15.088514182620745,0.1,0.13101671430013437,259905.00000000003,1.0,43.420242464580575,16.512898439193197,414.3586662948172,53.946305069753386,423.2379642369098,66.46523072680961,7.528854110536346,6.536010535429934,221.74208834583325,3.0929536171144996,3.480712397028195,4.225878695671211,259905.00000000003,1.0,2.9985458258600386,1.775623477579682,25.41767560763544,17.53214958853481,26.02458542893121,18.51491940198913,1095933.4364924727,328778.29651741154,259490.6413337052,53.94630506974875,1225752.8168166478,586468.0926119223,259879.5823243924,17.532149588533077,918952.308921068,489335.16840508283
472,172.39552645705916,1.930213312374661,222.5612737731722,2.491887420338131,224.17132829017999,2.76360009596014,220.52048628232635,3.0759473095559384,34.10431824257977,15.589511312550561,0.1,0.13101671430013437,259905.00000000003,1.0,42.01652820427383,16.780959464346665,406.3464563331232,41.55556128657159,414.3586662948172,53.946305069753386,7.745555617799548,6.626024529806176,222.13479003404743,2.839959433933907,3.385648766342496,4.250384486165874,259905.00000000003,1.0,3.0013352484960047,1.774043808964369,24.90002875645562,16.645418842477547,25.41767560763544,17.53214958853481,1075524.043532077,318139.34438767296,259498.6535436669,41.55556128656837,1201965.8148916436,557985.5094375534,259880.09997124356,16.64541884247674,910379.5337373643,482192.4710358166
473,172.7162965610987,1.8585597207879003,222.97538536767388,2.3993825155221593,224.57257253348683,2.560533396911154,220.95808782221565,2.8709140876975705,34.012205295065996,15.695522132133949,0.1,0.13101671430013437,259905.00000000003,1.0,40.62512569599808,16.44273255117887,399.6335359321911,32.09277561709184,406.3464563331232,41.55556128657159,7.98582634806335,6.689156566005429,222.5544699002577,2.631801456499034,3.3228738360462042,4.2665549857538165,259905.00000000003,1.0,2.994060243714656,1.7778868423038694,24.437881830790737,15.803123504399432,24.90002875645562,16.645418842477547,1061004.4840376137,308510.19795799925,259505.36646406783,32.092775617085785,1182048.4099977808,537018.4027640272,259880.56211816924,15.803123504400457,904420.9514010947,478880.91638007783
474,173.05691416355714,2.075927818285167,223.415120008167,2.680003716257321,225.00627941755337,2.6608899846180805,221.3906316006091,2.8953938143861175,34.24896262233957,15.486160804116258,0.1,0.13101671430013437,259905.00000000003,1.0,39.31532023944189,15.1092511777987,394.46717831508874,28.30069449218183,399.6335359321911,32.09277561709184,8.454696668251017,6.899603881518444,222.97333131032477,2.5705974630416875,3.209073673660384,4.24815295755518,259905.00000000003,1.0,3.068090783231356,1.7635951345794822,24.163565607028378,15.297231419027364,24.437881830790737,15.803123504399432,1038605.8787230182,284918.8829697255,259510.53282168493,28.300694492176536,1151528.189020501,504724.48572571314,259880.836434393,15.297231419026954,892564.7630922047,473762.7048547894
475,173.47339891727472,2.465723095853344,223.9527986799454,3.183227219559708,225.54731885785768,3.08743624142457,221.9171481684764,3.1780586912201576,33.832031168144546,15.491537838831876,0.1,0.13101671430013437,259905.00000000003,1.0,38.67943222531463,14.505210507969585,389.51977725791863,26.865368278553234,394.46717831508874,28.30069449218183,9.047333449359158,7.160924148061048,223.46826520792243,2.874562369288329,2.7204750724172513,3.2328300771643743,259905.00000000003,1.0,3.1644112005228946,1.7244006190469532,24.474168401800686,15.70465617088739,24.163565607028378,15.297231419027364,1017955.6504448319,262502.57079202146,259515.4802227421,26.86536827855079,1127812.285505893,489170.54475081776,259880.5258315982,15.704656170887757,874363.5343510865,467779.13327456964
476,173.94595624948198,2.9527253949697534,224.5628665926638,3.811944359634212,226.1553589396838,3.635062654476315,222.52889902712278,3.615068322479672,33.62142929989713,15.57502442906644,0.1,0.13101671430013437,259905.00000000003,1.0,38.26187817229358,14.271945763601204,384.7793283855222,27.91929615720241,389.51977725791863,26.865368278553234,9.539576372749561,7.161508545759433,224.04234600242438,3.3812831329764146,2.33451030225266,2.4056554418644294,259905.00000000003,1.0,3.2467881709547934,1.6605233858166795,25.253112937169487,16.342283750804917,24.474168401800686,15.70465617088739,1000161.9646655839,250445.32762246276,259520.2206716145,27.919296157201444,1103397.626503007,483822.58840727765,259879.74688706285,16.342283750805635,858625.7508054957,469851.3184497291
477,174.43169772355452,3.5135745914654035,225.18995482844807,4.535996522005788,226.78078692795452,4.275452529841803,223.13572173515584,4.020594427690709,33.86463658697767,15.480662813437094,0.1,0.13101671430013437,259905.00000000003,1.0,37.52042755944915,13.474777812411455,381.02353741305075,31.33292716708404,384.7793283855222,27.91929615720241,9.969928727947087,6.986295132357526,224.6409611348715,3.920392778713092,2.0351008314830046,1.7141642510269768,259905.00000000003,1.0,3.3228008638082405,1.5686265801977881,26.40747963616139,16.79824383665915,25.253112937169487,16.342283750804917,983317.0554607394,234444.29698359655,259523.97646258696,31.332927167083874,1086505.466778072,488681.71215730294,259878.59252036386,16.798243836659957,857643.7476302889,470486.1048818785
478,174.94244736977174,4.059405145108153,225.84932812364548,5.24065933867388,227.4161668630554,4.905372142647387,223.75185714397983,4.515923688641878,34.13121391988253,15.280157854536792,0.1,0.13101671430013437,259905.00000000003,1.0,36.96350218906736,13.136481327518906,378.0912491438659,35.416159627653286,381.02353741305075,31.33292716708404,10.346440668729775,6.73013223694545,225.2425761996013,4.534309428500152,1.793481572647096,1.1183576944114557,259905.00000000003,1.0,3.4172276483478785,1.4418461628972172,27.89789237852884,16.90170172549068,26.40747963616139,16.79824383665915,964911.9883356629,219105.49301545662,259526.90875085615,35.416159627651965,1069215.015142696,493451.4814929447,259877.1021076215,16.901701725490252,857685.7944763268,470454.7836748208
479,175.48869114294945,4.67619049130643,226.5545240273339,6.036924398087335,228.14347031111612,5.771345021090509,224.41484296790384,5.155436374066357,33.23569595339628,14.796427185748051,0.10955879087674592,0.13389851771290442,259905.00000000003,1.0,36.48326266238052,12.990323245034343,374.7341236440049,39.227102467454216,378.0912491438659,35.416159627653286,10.798727314025964,7.01878585635587,225.882852067601,5.264795175436482,1.6524686887005622,0.8007869417165224,259905.00000000003,1.0,3.4759646904733987,1.3680972460101004,29.588055046968343,16.637894874336933,27.89789237852884,16.90170172549068,967469.4495034796,222967.80912185746,259530.26587635602,39.22710246745396,1074553.0180320144,493417.649501613,259875.41194495306,16.637894874334908,869270.7864322793,462685.708071849
480,175.98063007521853,5.091385377521127,227.18961296748282,6.572937943503758,228.8665920679702,6.536718365224994,225.01059382222132,5.615595600701851,35.139894527230865,19.83289125458598,0.11738486692977902,0.13413528275360886,259905.00000000003,1.0,36.14237688712942,13.051978035713615,373.6142564171766,39.06173778136634,374.7341236440049,39.227102467454216,11.13693381032317,7.080954378902483,226.54527111623122,6.032017642856145,1.8245747556709977,0.9702891918184688,259905.00000000003,1.0,3.4657111108846332,1.379574075110262,31.095858068848646,16.18872860359137,29.588055046968343,16.637894874336933,987675.4210519891,250786.0558667373,259531.38574358285,39.06173778136643,1085008.5298259212,490835.45310761564,259873.90414193118,16.188728603588963,897632.8371706543,451374.76025470544
481,176.41972574123392,5.38860645097816,227.75648147690782,6.956648501317823,229.5550879474186,7.121494229559777,225.55909788879342,5.945148758422978,37.543164393796985,25.451210108721025,0.11423352519357849,0.13109481154392913,259905.00000000003,1.0,36.10027167744058,13.038837532813572,374.94291560833943,40.873929843344996,373.6142564171766,39.06173778136634,11.413833869732448,7.064358363401085,227.16445491137748,6.543693862043683,1.9654832854909918,1.0434519446797423,259905.00000000003,1.0,3.457316189946179,1.3839095494113578,32.454357639970496,15.678197193113794,31.095858068848646,16.18872860359137,1011703.6647535264,269848.46392642776,259530.05708439168,40.873929843344676,1098936.477248659,483926.0500529569,259872.54564236006,15.678197193112519,925099.8504776338,437503.1451012592
482,176.81768618166328,5.547862767359625,228.27024472009532,7.1622476357871445,230.1684312588602,7.444021387674569,226.04925746403862,6.125886627042357,39.3193701100922,28.89897782628187,0.11165342480069294,0.12939107839339312,259905.00000000003,1.0,35.069408184510394,12.09105205903482,379.0812241091205,49.61976816050187,374.94291560833943,40.873929843344996,11.664263551223732,7.043548990630627,227.7197873750486,6.891316715295861,2.115568113086599,1.2932005304534848,259905.00000000003,1.0,3.4529688355889294,1.3867053652785717,33.658425029139494,14.996373142477308,32.454357639970496,15.678197193113794,1037907.0219779459,282084.2811734739,259525.9187758909,49.61976816050155,1114900.7389885543,472048.01567904965,259871.3415749709,14.996373142478749,952062.6915158596,423567.0363607167
483,177.20145628983204,5.621278257243888,228.76568893864794,7.257026899014608,230.72376133434787,7.5996855444471745,226.49719558966186,6.2072679992161754,40.72888073647914,30.90417432635219,0.10954101726300897,0.12854488658684185,259905.00000000003,1.0,34.30133435617489,11.674470213216406,385.3992294721618,64.23281494346386,379.0812241091205,49.61976816050187,11.893467265867105,6.961170048641971,228.210262845024,7.055048415664518,2.2384471770095287,1.3909763564109536,259905.00000000003,1.0,3.4197424931905944,1.4087718745366116,34.706387011987225,14.240552603375539,33.658425029139494,14.996373142477308,1065174.0141200712,281355.2688722282,259519.60077052785,64.2328149434619,1133890.3480487885,453695.89544887835,259870.29361298803,14.24055260337819,975887.5303066497,407695.6599410262
484,177.57147953890313,5.631181785132118,229.24338590998133,7.269812637919511,231.2459815587211,7.613197759431589,226.93347203617066,6.21740115968022,42.10116177101823,32.26845382833449,0.0947362507261155,0.11335862606721758,259905.00000000003,1.0,33.911904609800075,11.616448252695783,393.4937503826538,82.07115062477683,385.3992294721618,64.23281494346386,12.03144649312203,6.806987934011274,228.6818612520388,7.098932372711696,2.3189438067378854,1.4108308035019055,259905.00000000003,1.0,3.3890225822107665,1.433843405673501,35.652691245003524,13.41494349623575,34.706387011987225,14.240552603375539,1082398.6980508594,263871.92451872263,259511.50624961738,82.07115062477352,1143195.026765747,439999.77026540745,259869.347308755,13.414943496240243,991408.0859656751,390683.57820570015
485,177.9645068803851,5.61978589029028,229.75078095304005,7.255100830056194,231.75867614298718,7.56125668334068,227.39915427219313,6.210814140595663,42.395889574326524,32.2903890681927,0.08261513307022099,0.10253960223843371,259905.00000000003,1.0,33.55988298794211,11.52231723321837,402.247141835968,97.6940950470575,393.4937503826538,82.07115062477683,12.159024771807761,6.65388748288121,229.17222777941032,7.066383261997301,2.3225428424486965,1.408640171547907,259905.00000000003,1.0,3.3527772869595855,1.4683456966157118,36.56697722311086,12.527908936410242,35.652691245003524,13.41494349623575,1087292.9786078187,258058.69404953855,259502.75285816405,97.69409504705378,1143388.3449881293,439730.3545862023,259868.4330227769,12.527908936414928,1000031.3682817447,378981.5308423305
486,178.36194338199277,5.542444674290539,230.2638684675046,7.155253948450644,232.26807893246206,7.46153406320046,227.85671907713274,6.125176417202537,41.988676997439676,32.29567705551392,0.08576647480642154,0.10736362027803555,259905.00000000003,1.0,32.74658143948272,11.127446159724451,411.40347091911855,111.22304706076268,402.247141835968,97.6940950470575,12.263477031992524,6.543796469879442,229.6781834168949,7.004588138355526,2.3446070654200555,1.3934672276605706,259905.00000000003,1.0,3.3231021490830526,1.5114761319057803,37.43593128951085,11.533352396234157,36.56697722311086,12.527908936410242,1087272.5832745316,258074.97369919467,259493.5965290809,111.22304706076027,1142906.3702761033,440237.6387643347,259867.56406871052,11.533352396238019,1011507.1024568968,368235.7883859301
487,178.70648024906188,5.422461247703402,230.70866273900214,7.000356385627368,232.7480915698009,7.309756002740586,228.29176453677027,5.9887341307937465,42.48436851839445,32.28610626953961,0.08834657519930708,0.11004059948884844,259905.00000000003,1.0,32.197793716759925,11.185028229353632,421.60169914555377,124.60928725956336,411.40347091911855,111.22304706076268,12.273069494082465,6.531481894499981,230.16669079708856,6.8483787972489445,2.377282165355666,1.363193849503152,259905.00000000003,1.0,3.266613345825456,1.5870616040932692,38.220967428377776,10.497382487956305,37.43593128951085,11.533352396234157,1092621.862157157,256350.94453569292,259483.39830085446,124.60928725955976,1119510.5904583386,443814.33122717374,259866.77903257165,10.497382487959845,1005897.5399980212,366728.59483701066
488,178.99583274910077,5.297783022152878,231.08221438887878,6.839397674781712,233.14668884048788,7.164693115923542,228.65052464207866,5.85793128762145,42.54960642172328,32.29015224395876,0.3198699637788927,1.280470077332798,259905.00000000003,1.0,30.975757438762162,9.667050401625918,432.855678164736,136.69549388014383,421.60169914555377,124.60928725956336,12.142592925811492,6.6718646007560585,230.57927594028226,6.685023015292147,2.3944754836561017,1.3458583587817785,259905.00000000003,1.0,3.1509268636719465,1.613644619570075,38.87741880839362,9.616219250356595,38.220967428377776,10.497382487956305,1083674.6298578468,243692.78484359456,259472.14432183528,136.69549388014076,1075994.9086375425,403639.1240383473,259866.12258119162,9.616219250360372,987179.3280758281,340506.35728086514
489,179.23357798612108,5.1885707501832545,231.38914163542006,6.698405418899123,233.4562670380554,7.031414827321588,228.93451989252733,5.73519154775591,42.933961531622025,32.2525921200277,0.5129417647118351,1.6217676544501607,259905.00000000003,1.0,29.805804712254726,8.329832117910483,445.4708932193914,147.72292131042212,432.855678164736,136.69549388014383,11.97390786184419,6.86242518526539,230.91387704129457,6.5256584161056495,2.4120686647421383,1.3242715692091758,259905.00000000003,1.0,3.0084168286337323,1.609153527118156,39.37376697228521,8.991671357152125,38.87741880839362,9.616219250356595,1076361.2418700673,232846.34504205297,259459.52910678062,147.7229213104209,1023086.6058448161,310811.5148367446,259865.62623302772,8.99167135715652,956335.5368361636,271944.72766940435
490,179.43238968714397,5.075037145150693,231.645805500953,6.551834844687241,233.6977419782879,6.907734844392053,229.1711457148374,5.61565361568191,42.778282813115666,32.25188544313796,0.6710155856877851,1.7922034131418214,259905.00000000003,1.0,28.788049864570457,8.110138463610502,458.7901105822489,158.24380048742955,445.4708932193914,147.72292131042212,11.777456810067466,7.07048998301342,231.17836482769334,6.397980168220665,2.382195271404029,1.3289659736864108,259905.00000000003,1.0,2.892730137387015,1.6389112867283062,39.7843018382682,8.435104002757825,39.37376697228521,8.991671357152125,1074797.9419512798,231687.3788166789,259446.20988941778,158.2438004874287,987526.7804536046,255652.96942779876,259865.21569816174,8.43510400276041,936292.3596190597,229205.20761603612
491,179.6579643428648,4.946386452747765,231.93701993345292,6.3857484327375555,233.9538867061387,6.759302980795867,229.39387636382781,5.480270130844991,42.78950185039264,32.249258015916446,0.7969190015313269,1.8742332951446121,259905.00000000003,1.0,28.552728771078,8.152304923970922,472.2299646600322,167.61066487037468,458.7901105822489,158.24380048742955,11.693086619517317,7.131549720874977,231.41637862970168,6.252544153082336,2.331586458533808,1.33255560201634,259905.00000000003,1.0,2.826690258171728,1.6532075404263755,40.169846847029376,7.861897371583733,39.7843018382682,8.435104002757825,1086334.384481509,238304.55309757282,259432.77003533999,167.61066487037562,968488.2811670112,230258.1614679727,259864.830153153,7.8618973715839875,926544.5415414415,211973.40744541906
492,179.91243298063134,4.788930901005958,232.26553625707965,6.182475332057915,234.25396263979886,6.562862694531861,229.65577345987012,5.32409798208132,42.44847575929047,32.393065436218166,0.9,1.913520701392301,259905.00000000003,1.0,28.552578409320148,8.152362278953968,485.2258620100025,175.36406319180858,472.2299646600322,167.61066487037468,11.651151353977664,7.159059686414212,231.7028731295852,6.08822214716699,2.2796020191221538,1.3497020910881872,259905.00000000003,1.0,2.7544944534364153,1.6738316428856783,40.52735441441386,7.2884030601754,40.169846847029376,7.861897371583733,1093497.5715744416,238656.8147258313,259419.77413799003,175.36406319180858,964045.5465367276,228122.54546743818,259864.4726455856,7.288403060175664,927400.3325908526,212631.61938130617
493,180.19562171474595,4.627327127345635,232.6311304228812,5.9738467479055,234.55853194872893,6.397401581386225,229.96907798515565,5.157435358766453,41.56939247952689,32.61545870254058,0.9,1.913520701392301,259905.00000000003,1.0,28.51481733362724,8.130855033217035,497.38043715590214,181.52034529340168,485.2258620100025,175.36406319180858,11.222827556509705,7.145808505845193,232.0441168553952,5.912286728244524,2.230998451663579,1.3728644022928402,259905.00000000003,1.0,2.64704706201053,1.6802457607489896,40.81961070869048,6.8083406281422025,40.52735441441386,7.2884030601754,1096659.7758176776,237095.09011281852,259407.6195628441,181.52034529340045,964000.7698392295,228133.44203314328,259864.18038929132,6.808340628141573,927649.6571352502,212525.46844163735
494,180.49258008520806,4.443127708311693,233.01450141333697,5.736047090109073,234.8685383635006,6.242210130345182,230.31969195826096,4.97706170695224,40.70340449539572,32.98444374856486,0.9,1.913520701392301,259905.00000000003,1.0,28.499948424394773,8.122500834532936,508.6838932269031,185.99662966212964,497.38043715590214,181.52034529340168,10.488258887654272,6.557791226243509,232.43974424705513,5.708534748212623,2.191205216275944,1.3904810302970934,259905.00000000003,1.0,2.557541409788719,1.710436675639817,41.05690861047279,6.395396786162648,40.81961070869048,6.8083406281422025,1107850.1462996767,235353.3914867715,259396.31610677313,185.99662966212833,976359.967091097,221939.83101799843,259863.94309138955,6.39539678616276,942453.443561544,203926.30283937752
495,180.81289663247614,4.2694807653870175,233.42802793593665,5.511870073014831,235.21469383077815,6.07369930642141,230.69859875382298,4.796211308089902,40.1405506036006,33.32547842666062,0.9,1.913520701392301,259905.00000000003,1.0,28.646213241937957,8.166873852690587,519.2782305885657,188.88719185587718,508.6838932269031,185.99662966212964,9.93310371407507,6.29200887868251,232.83814557225855,5.500257677692772,2.157090102176184,1.4191552067628284,259905.00000000003,1.0,2.430424117125956,1.6436414684528877,41.196909292089224,6.187163809274769,41.05690861047279,6.395396786162648,1125418.9664890028,230391.5955573906,259385.72176941147,188.88719185587598,984912.8226286331,223180.58794190525,259863.80309070792,6.187163809274112,948698.7986340165,202576.2432934568
496,181.14067450093904,4.070035162102173,233.85118713243273,5.254387202605863,235.57060965595315,5.885033423311108,231.09061563381434,4.623024162564369,39.57710393883883,33.68476720353749,0.8904412091232542,1.917402004178286,259905.00000000003,1.0,28.2600900728745,8.006146738155199,529.7048032454068,190.38207792108756,519.2782305885657,188.88719185587718,9.364420121676625,6.164376239853798,233.2539237727378,5.312537377788522,2.0979568109029865,1.4461698590500753,259905.00000000003,1.0,2.315799832436902,1.4980627388617105,41.28141898028981,6.0967649886908,41.196909292089224,6.187163809274769,1131477.9412242454,226253.32878773837,259375.29519675463,190.38207792108685,980440.8074950661,223222.57589221586,259863.71858101973,6.096764988689908,942090.1784454146,204387.06496871068
497,181.45409415432218,3.8649436424563075,234.2558100925055,4.989615039330006,235.92446246689246,5.678640557071575,231.48407960795777,4.4276743585067875,39.12381644903246,33.95683731727428,0.8826151330702211,1.9206468236691443,259905.00000000003,1.0,27.96362125310195,8.05795035353749,539.9823833082671,190.87204352574463,529.7048032454068,190.38207792108756,8.885746102286395,6.217277622483803,233.66458830084477,5.078399246168895,2.126012893820869,1.4492461174737117,259905.00000000003,1.0,2.1369149446829843,1.1369253031876705,41.168546488695334,6.171915742608282,41.28141898028981,6.0967649886908,1130857.0175432798,226392.75074084883,259365.01761669177,190.87204352574466,968238.6886686095,219327.6394329652,259863.83145351132,6.171915742607429,929765.2566757873,201806.07197733008
498,181.7655027003405,3.6360879050367485,234.65783681076434,4.694163313836046,236.31508446093954,5.396985961839651,231.88828715346278,4.218607820141614,39.14421300363706,33.94048030927225,0.8762076839296757,1.9233481904114929,259905.00000000003,1.0,27.989877694371764,8.034357035325218,550.2605109336027,190.3275643791343,539.9823833082671,190.87204352574463,8.655599163628718,6.357162177369483,234.07936198620374,4.830417002396675,2.1524997543626574,1.442856255782324,259905.00000000003,1.0,2.037705828739537,0.981945594504158,40.95692167842215,6.253138048812247,41.168546488695334,6.171915742608282,1134805.2508184963,221991.1571580202,259354.7394890664,190.3275643791332,961454.024674689,222622.86948326815,259864.04307832159,6.253138048812113,920877.9774672932,207180.44971907436
499,182.09045694152886,3.384655230215849,235.07735081629178,4.369564654898164,236.7358105159625,5.0342813190791755,232.31260782343924,3.93383139235418,39.20717107600899,33.88960537503208,0.8709617082695281,1.9255897403296418,259905.00000000003,1.0,28.391200459790856,7.8157368340349,560.2055198415513,188.62892887581995,550.2605109336027,190.3275643791343,8.595745476601937,6.419460637903022,234.49398348232813,4.539827732577803,2.1646265707639616,1.442232105339865,259905.00000000003,1.0,1.9539544489462353,0.8834008786337788,40.671478273200975,6.319716045855278,40.95692167842215,6.253138048812247,1129517.5077232686,229268.43589953546,259344.79448015848,188.62892887581935,948379.8480521123,231852.06798457672,259864.32852172683,6.31971604585544,905810.5129251911,220396.155680375
500,182.41735187680982,3.095861737459605,235.4993698409636,3.9967341354252146,237.1545378159228,4.622407738086887,232.7181817175693,3.6352819680045387,39.23707337867618,33.864273703983805,0.8666666666666667,1.9274449098483324,259905.00000000003,1.0,30.754361403836207,12.869458882302027,567.8215651497246,185.2742242073956,560.2055198415513,188.62892887581995,8.574427137916954,6.441307603202327,234.92732570246832,4.205610727766272,2.1720293427039175,1.4399900318742007,259905.00000000003,1.0,1.916042305449563,0.8670555278951569,40.358780826484406,6.362357602476386,40.671478273200975,6.319716045855278,1118969.1751982837,240362.4499164493,259337.1784348503,185.27422420739464,930262.072771351,242820.42243793764,259864.64121917353,6.362357602475696,892607.2899776909,233660.80203953016
501,182.74311186052785,2.771954733302812,235.91992331919988,3.578572874674363,237.57464982776077,4.155402759016864,233.124503477431,3.308283557666778,39.36363167605499,33.75553740508339,0.8666666666666667,1.9274449098483324,259905.00000000003,1.0,32.94001159985306,14.944818398108124,573.3785185592599,181.52598690042674,567.8215651497246,185.2742242073956,8.59818029312188,6.415941960666707,235.35286576215,3.847362459288977,2.230391313840214,1.418261873489508,259905.00000000003,1.0,1.8945612585304779,0.8800797408760598,39.981027354635614,6.423852103319092,40.358780826484406,6.362357602476386,1114025.065701394,247498.49600215757,259331.62148144076,181.5259869004261,911396.5023725329,252373.66788324554,259865.0189726454,6.423852103317526,879146.1000671139,246401.48477434085
502,183.04785898466346,2.4729245086500393,236.31334943525346,3.192527135287172,237.96897741448996,3.6954642987631754,233.52967929664334,2.959053001595135,39.27003072041057,33.83644995964532,0.9144606210503963,1.9229852413258566,259905.00000000003,1.0,34.50159481828451,15.815809188673281,577.2324938403356,178.06808413753356,573.3785185592599,181.52598690042674,8.248351370223709,6.423859432926238,235.7767973485622,3.4603706453962007,2.2404834023749074,1.4098974908014525,259905.00000000003,1.0,1.8547861460091561,0.898637560750845,39.56199676493653,6.4484654086301845,39.981027354635614,6.423852103319092,1105566.6269825748,257686.24626532663,259327.7675061597,178.068084137534,878845.2192885851,233522.07017654326,259865.4380032351,6.448465408628015,855048.70335607,251532.45150860696
503,183.31280597100206,2.209802654871027,236.65539384447723,2.852838615997186,238.31604395238656,3.300477867012492,233.89216525285187,2.6492024732990958,39.04253576546463,34.02576066857895,0.9535910013155618,1.9156653278001807,259905.00000000003,1.0,35.465759946696494,16.055656013678348,579.8556786577882,175.19946333772944,577.2324938403356,178.06808413753356,7.904582927470356,6.427857655546369,236.16897741448994,3.1197718518325637,2.2487461056210467,1.405231087104764,259905.00000000003,1.0,1.815188072888789,0.9187997597974863,39.09510539887094,6.449285907098193,39.56199676493653,6.4484654086301845,1090952.6517344709,272853.3283746401,259325.14432134223,175.19946333772953,845947.6886000328,219313.4197977573,259865.90489460115,6.449285907096371,833599.7802470914,259339.44314047787
504,183.50035849861675,2.084762771530062,236.89752239638273,2.691413313733424,238.5670636709208,3.0725219108802855,234.19706564097496,2.4447625443026966,38.434701194042184,34.457328587250046,0.9856282470182887,1.907185732154008,259905.00000000003,1.0,35.601834057834026,16.076300843191902,581.702917546978,172.8706734473251,579.8556786577882,175.19946333772944,7.372074743070342,6.20322863966487,236.5112645569482,2.8184788336044457,2.220792354011247,1.4140443737318735,259905.00000000003,1.0,1.7098140682945586,0.8614915959376613,38.55079377982092,6.368457814908616,39.09510539887094,6.449285907098193,1074766.391050409,291241.193602852,259323.29708245303,172.87067344732608,817996.9542760549,220559.42382455192,259866.4492062202,6.368457814907357,815301.0500786646,272127.0918011095
505,183.61109919950653,2.0666753321138973,237.04048742275108,2.6680626869953223,238.696927674293,3.023988504348487,234.40499450213525,2.4399618817928084,37.68951043190055,34.938253583218064,1.0118581253190264,1.898554406706482,259905.00000000003,1.0,34.58341484717312,16.548614443288592,583.7971550063864,170.01711635365788,581.702917546978,172.8706734473251,6.730852168117363,5.763387432120915,236.73447426026405,2.734180171879852,2.1536282861666827,1.4162594002299531,259905.00000000003,1.0,1.591348274882032,0.7952921328364888,37.955180435202934,6.226995290104642,38.55079377982092,6.368457814908616,1056053.6659154026,313047.4884220763,259321.20284499365,170.01711635365902,793089.8813989868,229733.18883522696,259867.04481956482,6.226995290103921,799494.4328457733,288713.52371011476
506,183.6552495894854,2.0782692188654983,237.09748482574017,2.683030236095127,238.7545158990581,3.02470580443639,234.52825506802915,2.4981669337509937,37.09301962301048,35.31983535180827,1.0333333333333334,1.890340189824774,259905.00000000003,1.0,33.589183954960525,17.10016526071378,586.267657341103,166.40383140909896,583.7971550063864,170.01711635365788,6.202347043789497,5.541783688880082,236.875025117002,2.7521434603169066,2.0845730677364744,1.4450352756141482,259905.00000000003,1.0,1.4908402039814015,0.7789246338617014,37.32811423811453,5.9956591348955275,37.955180435202934,6.226995290104642,1037850.4782561029,336800.1976570878,259318.7323426589,166.40383140909861,774204.294221665,247305.27373232416,259867.6718857619,5.995659134893754,787999.7093558186,304564.0132467273
507,183.65577554380752,2.078645120486012,237.0981638222837,2.6835155180161525,238.75869977367464,3.0262372643030084,234.63954784203824,2.5657578427546373,36.29614875434023,35.716257430569144,1.0333333333333334,1.890340189824774,259905.00000000003,1.0,32.584893021509295,17.51811405276488,588.9455797406007,162.24137323808455,586.267657341103,166.40383140909896,5.763404605386248,5.470949932743215,236.9748187653399,2.792035473985704,2.0219931285164114,1.4760404858428886,259905.00000000003,1.0,1.4200912604018388,0.7769128298792636,36.68332024578987,5.676194314070998,37.32811423811453,5.9956591348955275,1017636.8618050624,358994.82049399754,259316.05442025943,162.24137323808318,760090.1304377387,262901.88696507795,259868.31667975424,5.676194314068739,776806.3150051386,319435.16876821243
508,183.61258619598976,2.035686368956969,237.04240683236745,2.628056266374619,238.72141343432997,3.004117657115134,234.64518205228626,2.5690382007495836,35.93093593982946,35.872236808348745,1.2245091508682515,2.0642458952897487,259905.00000000003,1.0,32.153916697876824,17.57231672658307,591.4980898316851,157.93161803021493,588.9455797406007,162.24137323808455,5.444245409864035,5.416111103126932,237.02311630905888,2.825150085153153,1.9994333803814324,1.486802920193905,259905.00000000003,1.0,1.362166924545472,0.7314000873917059,35.995335589690804,5.152994766219337,36.68332024578987,5.676194314070998,1008396.5356491886,366136.72791933425,259313.50191016833,157.931618030214,750783.3836759342,270393.4203068758,259869.00466441034,5.152994766216414,772352.7816565856,324044.05709091853
509,183.51526799297565,1.8732784459184146,236.91677006036397,2.41838936358424,238.5613469562721,2.7873193900177267,234.5713433123491,2.4837371846507064,35.439017259386986,36.08384331206348,1.3714718810521678,2.150330391908555,259905.00000000003,1.0,31.90492407286436,17.607479935488733,593.6607111371555,153.98625027043818,591.4980898316851,157.93161803021493,4.77126907633716,4.519875752365125,236.98547026505557,2.7834688461542574,1.966352578755442,1.5047020457966145,259905.00000000003,1.0,1.3237567688428507,0.692138910016933,35.29561413037455,4.324490062363669,35.995335589690804,5.152994766219337,982883.4757163252,369801.72823782894,259311.33928886286,153.98625027043673,725634.5043762728,267151.84176923253,259869.70438586964,4.324490062360222,759375.0252757701,333265.2110531741
510,183.4420164973464,1.7683685998430412,236.82220324949165,2.2829519046332445,238.37569176127306,2.4659619176114083,234.5269856928321,2.43794818191437,32.53122222066263,33.541916876863006,1.491794787810042,2.1852406865003835,259905.00000000003,1.0,31.81557491227201,17.629920507293868,592.8845636577361,155.24269954160852,593.6607111371555,153.98625027043818,4.261935936275044,3.875037502762317,236.8912532376071,2.635156469595099,1.84214523183688,1.3803726583438392,259905.00000000003,1.0,1.3028586410766367,0.6857444116571021,34.69395591455051,3.6683739518302945,35.29561413037455,4.324490062363669,949762.9422705587,357288.0612467886,259312.11543634228,155.2426995416086,702842.5088987139,261532.04057925366,259870.30604408548,3.6683739518302696,735104.2883617402,331649.72208121733
511,183.37872491127,1.6982772814952365,236.74049442630223,2.1924646264140057,238.1967720123514,2.1296450352602245,234.5019857778,2.4168515013494525,29.08498807178532,28.849958289362743,1.5903068518724481,2.191241554985288,259905.00000000003,1.0,31.220651136757482,17.665374035408796,589.1585937408914,160.1315940037065,592.8845636577361,155.24269954160852,3.835370440067669,3.3137469153944448,236.83323244152496,2.55576710427537,1.750011648033174,1.2848232059387883,259905.00000000003,1.0,1.2475135376857012,0.6390326477708449,34.12479113753636,3.071255992707441,34.69395591455051,3.6683739518302945,919125.8907445029,342269.66758304357,259315.84140625913,160.13159400370606,683283.7808993567,255210.3326325218,259870.87520886248,3.071255992708184,712832.3585822785,328273.4986649117
512,183.36801309861258,1.6906297219791684,236.726665578312,2.1825917003936537,238.09681595316763,1.972464617898236,234.51952966924625,2.4248003983597517,25.840140835904414,23.75397236321455,1.6709617082695283,2.1811877657444643,259905.00000000003,1.0,30.841589050971557,17.78545390550461,582.4861838175548,166.65357590615176,589.1585937408914,160.1315940037065,3.405052317536459,2.6148588251719653,236.78473837439313,2.510204871440255,1.592066414337091,0.9769437256859647,259905.00000000003,1.0,1.2248348639067652,0.6030555958359483,33.690892920439374,2.7134561374451853,34.12479113753636,3.071255992707441,889683.9616101517,324323.1809689117,259322.51381618247,166.65357590615147,667224.3415643437,249519.27934736336,259871.30910707958,2.71345613744347,689757.1849960863,322367.3351862346
513,183.38728723978323,1.6989861997869053,236.75154814163568,2.1933797910737547,238.05848874103341,1.9285234763502062,234.61234503383855,2.4602420493069768,22.872203875887166,18.949456154328203,1.6666666666666667,2.1844535097474487,259905.00000000003,1.0,30.431787092863114,17.960723709789427,573.2599339339122,172.94786815206245,582.4861838175548,166.65357590615176,3.00746950821437,1.9658610744144025,236.81194632642772,2.5234250899054276,1.480878718900221,0.7274945407590935,259905.00000000003,1.0,1.1967083453681813,0.5830401756936074,33.34005588024067,2.5857961477636384,33.690892920439374,2.7134561374451853,859728.0098111392,311731.94334829284,259331.7400660661,172.94786815206245,650283.7956709212,244986.2711969426,259871.65994411978,2.585796147764519,666487.6539588256,320380.0910458474
514,183.43226269788894,1.7084687663058074,236.80961091348902,2.2056216718424158,238.08716153449265,1.949415275692131,234.72377290937956,2.479020391037548,20.205621935464354,13.749999352465371,1.6666666666666667,2.1844535097474487,259905.00000000003,1.0,29.917624571613853,18.19447914998601,561.8812646310961,177.75101495153987,573.2599339339122,172.94786815206245,2.8109770703053956,1.8878522898577483,236.88223934067,2.5338906404053554,1.4099541720969688,0.5804222492122325,259905.00000000003,1.0,1.161595683202157,0.5757407728589676,33.02503072467919,2.610354614491996,33.34005588024067,2.5857961477636384,842279.7940612108,314502.073693844,259343.11873536892,177.75101495154,643577.8844406483,247947.95722373927,259871.97496927535,2.6103546144908996,650698.373254737,325535.89085997554
515,183.47142566599558,1.7236096922175157,236.86016984452968,2.2251683632181,238.13525221079644,1.9762777964367626,234.81450700930452,2.5038271044969216,18.883304666185634,12.75790704369943,1.6666666666666667,2.1844535097474487,259905.00000000003,1.0,29.388991378158043,18.37800090279428,549.7089112524569,181.54550503234657,561.8812646310961,177.75101495153987,2.6128581621963582,1.8308015523385732,236.96440577167877,2.5384909023900537,1.4418778106169008,0.6135150032552523,259905.00000000003,1.0,1.1328478668643949,0.5801909676523116,32.649334114260014,2.728832988751847,33.02503072467919,2.610354614491996,831752.1530653412,319187.099720054,259355.29108874756,181.54550503234682,640221.2283776711,249881.96483897764,259872.35066588575,2.7288329887510017,639895.8947355646,331896.06466641853
516,183.55063867026186,1.759000699725899,236.9624332241219,2.270857951100922,238.24252771962122,2.0670279591817144,234.96652704707225,2.5514401150705015,18.072790453041414,12.422057805019527,1.657107875789921,2.191316573941192,259905.00000000003,1.0,29.268802301336862,18.410870646558703,536.8557915283716,184.64712745211273,549.7089112524569,181.54550503234657,2.38725706587005,1.6749289007443222,237.06765954926965,2.5684700101141833,1.4549394017005561,0.6240121743795768,259905.00000000003,1.0,1.1233770761288795,0.5880848044346966,32.25110512202167,2.9742152477717627,32.649334114260014,2.728832988751847,821731.9334047575,322070.6345954706,259368.14420847164,184.64712745211287,634110.5059602228,250905.9696614266,259872.748894878,2.9742152477701995,622533.7597147905,334694.12243787
517,183.67591548297207,1.7680060535878726,237.1241648934451,2.282484012481676,238.40534181917016,2.1911552098149407,235.13680316733792,2.5697451033603227,17.1291716823341,10.97748841341103,1.6492817997368878,2.196983358762894,259905.00000000003,1.0,29.405853097231944,18.378709412216423,522.9298283137368,186.17686428779146,536.8557915283716,184.64712745211273,2.261340058300506,1.668227086572997,237.26338560022973,2.636880852717749,1.468605299188744,0.6321117641409997,259905.00000000003,1.0,1.108590083205723,0.6109010082052148,31.824423239371985,3.375433150035023,32.25110512202167,2.9742152477717627,805673.3975005291,320235.8118215652,259382.0701716863,186.1768642877927,631235.7051140084,250441.46457421908,259873.17557676064,3.3754331500362,601975.9476450693,328318.60770672694
518,183.84571574234894,1.7424882953428384,237.3433762870191,2.24954095759655,238.60582652137387,2.273102686726188,235.34114368552886,2.5358809229118346,16.265422840651233,9.607776403056064,1.4134633695544407,1.9616459873028855,259905.00000000003,1.0,29.246898171370166,18.43173612579087,508.53488961346346,186.17535377234125,522.9298283137368,186.17686428779146,2.1723138624518152,1.6774576301988482,237.49460506757464,2.6424271289245933,1.4692445417926985,0.6319697222700872,259905.00000000003,1.0,1.0713236273697624,0.6435360584191238,31.359835658282382,3.805687401852899,31.824423239371985,3.375433150035023,791361.4063986265,306888.85577936296,259396.46511038655,186.1753537723427,630024.0791177008,249567.24064850528,259873.64016434175,3.805687401853514,578404.6282879878,309125.31647458783
519,184.06345906070385,1.6985233897172345,237.6244816133614,2.1927830014236402,238.86984148826494,2.298621396625897,235.60831552754686,2.443021139665978,15.997752749634307,8.848254173410192,1.2203915686214983,1.793669323413606,259905.00000000003,1.0,29.11764917641219,18.49211779665716,494.2041604089409,183.59116967035453,508.54444840434024,186.16427562933103,2.1587594374640044,1.6793856083473535,237.79762638965985,2.5973979825431313,1.4853690084787134,0.6279506013204383,259905.00000000003,1.0,1.047845399210663,0.6592206575301781,30.855645382347664,4.2482064106320525,31.359835658282382,3.805687401852899,784174.4092895722,296630.95429642353,259410.79583959107,183.59116967035428,637275.6530616616,259496.4445215395,259874.14435461766,4.248206410634087,561242.0690771609,288947.9335170474
520,184.32922068522126,1.5763520545315455,237.96757843808984,2.035061249703425,239.19592475601408,2.240170806313629,235.91610760296956,2.2652105512187495,16.215237057723016,9.529370614052354,1.0623177476455483,1.6778140287264236,259905.00000000003,1.0,29.216526286092503,18.42596549013538,480.1579382998556,177.89462188905986,494.22154527587065,183.57296934469554,2.146126844362763,1.6836240848710655,238.12696898734174,2.459400671789343,1.5001057737549675,0.6393979904107595,259905.00000000003,1.0,1.028623051789027,0.6745800622688087,30.31749599371506,4.783346837174476,30.855645382347664,4.2482064106320525,785728.5735690328,299097.3643337806,259424.84206170015,177.8946218890591,651159.9721830864,283850.3621629081,259874.6825040063,4.783346837175486,555305.8485787063,277790.41103090945
521,184.55637949840693,1.4409808708976335,238.26083923197092,1.860297876576265,239.48959421389213,2.0860106466354806,236.2146866651947,1.938523430462182,16.617112967477443,10.574227451752938,0.9364143318020066,1.6073071323193542,259905.00000000003,1.0,28.886005863264014,18.61569069127304,466.97642338833737,169.60832826802638,480.1817306159259,177.87231250107533,1.9979000855170592,1.5698986016271692,238.47637563722287,2.1573244491112336,1.6112756081009993,0.8837794101631413,259905.00000000003,1.0,0.9842087521783466,0.6845846898226304,29.633321262002486,5.6250071135400095,30.31749599371506,4.783346837174476,782818.1891989085,293447.4366782668,259438.02357661168,169.60832826802385,661517.2193751809,302302.0388331853,259875.366678738,5.625007113539016,555408.3607192643,278022.54612514866
522,184.7632504093446,1.3060434718319047,238.52790817683217,1.6860938575345243,239.73963840410485,1.8944211340802293,236.48232110152526,1.6289106911266633,16.95342351287977,10.980576157026043,0.8333333333333334,1.5628151873060534,259905.00000000003,1.0,28.48925139891671,18.815137859211998,454.63630046069756,159.79126402743137,467.0054616800678,169.58410597424748,1.8061142608377745,1.3329933623846744,238.73936539681188,1.8553290662002955,1.7032844273559704,0.968177260681467,259905.00000000003,1.0,0.947845399210663,0.6988975152788901,28.799924061490053,6.708867162403437,29.633321262002486,5.6250071135400095,783053.8231431545,293803.8279592805,259450.36369953933,159.79126402743037,663519.2136239168,304851.0244583372,259876.20007593854,6.7088671624017255,554180.412091187,275615.94970554026
523,184.9275961017427,1.2149258997470076,238.74007728135228,1.5684616377084186,239.93836414696128,1.7492631896589241,236.69369027850954,1.3976695557118093,17.158244914338855,11.112736818965946,1.1200970596357105,2.10118398375689,259905.00000000003,1.0,28.329789367760146,18.800680007676004,442.3779922809739,149.23634354665873,454.66963379403086,159.76642074977178,1.649093308168422,1.1855405103884054,238.95297414234045,1.648424940024346,1.7786148772344088,0.9910990098237429,259905.00000000003,1.0,0.919064260912281,0.714606239719723,27.845344493782246,7.895632289868002,28.799924061490053,6.708867162403437,786162.2347977636,296971.28848362825,259462.62200771904,149.23634354665916,662017.0622594155,303705.08454190067,259877.15465550625,7.8956322898640625,559595.0619059514,282998.16094970226
524,185.02848638192953,1.0894129884481842,238.8703259475314,1.4064256068357974,240.0910620875902,1.616061496270415,236.81850462397645,1.1987261143785453,17.13694072291559,11.118348487369875,1.354879341226704,2.350438546461818,259905.00000000003,1.0,28.131776851304625,18.78436028519119,430.0616101446915,138.43266699820666,442.4113256143072,149.2125757952368,1.4777931221261353,1.024179927692445,239.11082428966319,1.505476571675438,1.823698477024316,0.9862883395070898,259905.00000000003,1.0,0.8955002578788052,0.7332548213330313,26.808140951489566,9.094592755184026,27.845344493782246,7.895632289868002,782329.3271388334,291679.1781620292,259474.93838985532,138.43266699820796,648824.628558649,294893.49143933365,259878.19185904853,9.094592755180978,559349.9502066952,282570.41633700737
525,185.0334918768402,1.0809131258049067,238.82006125380656,1.5174739062886258,240.10395010551002,1.5947345003194184,236.80125826400769,1.2444458522931363,17.564451089453645,11.182683150803483,1.5471028154430648,2.4686467347437713,259905.00000000003,1.0,27.766495846454742,18.789846696260305,418.34579590558064,127.26689930464526,430.0949434780248,138.41011248522952,1.3350185662206135,0.8138479337860909,239.15281821190263,1.424853683967275,1.853576841339749,0.9586540928819196,259905.00000000003,1.0,0.8857664748064216,0.7277074862210045,25.71988237643149,10.081641285435818,26.808140951489566,9.094592755184026,782236.6224804805,291503.90720586054,259486.65420409443,127.26689930464681,634979.6706551559,280426.57753411384,259879.2801176236,10.081641285432633,560836.6628800118,285057.67576017074
526,185.0019477971009,1.1411255350007472,238.67579180066983,1.877214358749064,240.01089039100646,1.8088935208094987,236.67775655510218,1.589621202032032,17.971918084921462,11.14863735812659,1.704482085247492,2.5166461926766,259905.00000000003,1.0,27.50898396869592,18.86886480675929,407.13758126989205,115.18624384065079,418.379129238914,127.2455405574008,1.2683460606491688,0.7994861958145364,239.0660059831316,1.62996212808557,1.8333155597195965,0.9917431501777189,259905.00000000003,1.0,0.8787877843225612,0.7117046010393331,24.63202126770112,10.660865459951637,25.71988237643149,10.081641285435818,784111.3795372087,293582.4741395895,259497.86241873013,115.18624384065221,624958.5135946121,275455.30300908146,259880.3679787323,10.66086545994838,562617.0783979411,286715.6214745375
527,184.93581551112158,1.2807725236453458,238.44878770756728,2.4314437145582186,239.83762564651033,2.228663259404814,236.4730303768428,2.1183838183963504,18.206321087698782,11.112799850261089,1.8333333333333335,2.52531019240998,259905.00000000003,1.0,27.24530546953874,18.998871981414656,396.2985968880521,101.36226104918599,407.17091460322536,115.16600055382655,1.2479333993518935,0.8068671880450533,238.9114268493875,2.027921818050932,1.7437731809924486,1.0325071096916039,259905.00000000003,1.0,0.8921916975607039,0.7390362324156072,23.647106450936043,10.974459874990243,24.63202126770112,10.660865459951637,782547.5733319342,292113.3725796761,259508.70140311198,101.36226104918752,616793.5937392699,271867.74619234743,259881.35289354908,10.97445987498642,562407.0291317763,286543.90984407696
528,184.81319877006234,1.5575987051037217,238.11855995525715,3.1844668101276423,239.57705117006952,2.8160864155459704,236.15802108441386,2.8357405062129306,19.298197179760955,12.156281016215488,1.8333333333333335,2.52531019240998,259905.00000000003,1.0,27.09083751272194,19.066906926660028,386.70595655509106,84.94170808633534,396.3319302213854,101.34294447377039,1.2121033440421576,0.813410962728075,238.66263437446347,2.614343844912344,1.7086972453317606,1.0343694623093034,259905.00000000003,1.0,0.9162411670631182,0.7928112704265362,22.721317039334068,11.103520052327001,23.647106450936043,10.974459874990243,790020.1105733057,299334.6636353327,259518.29404344494,84.94170808633862,616337.1936069736,271631.6030926636,259882.2786829607,11.103520052323795,570691.7852514104,293348.14856145316
529,184.63516530517984,1.9003806217490826,237.69223053077775,3.9875305285055784,239.21933831252778,3.545944556389253,235.76024790869178,3.6146497744616504,20.42101618446262,13.131022025202268,1.8333333333333335,2.52531019240998,259905.00000000003,1.0,26.626741828377934,19.161927500519933,378.70023091117577,66.28533587445388,386.7392898884244,84.92255156103627,1.1933176238136278,0.8178007439221578,238.3289059902114,3.3309001821013626,1.6643783990058907,1.0380252919384343,259905.00000000003,1.0,0.9646075799701936,0.8872456228210879,21.888212886965036,11.079134821703276,22.721317039334068,11.103520052327001,805890.0229378875,309726.6014672731,259526.29976908886,66.285335874453,631353.6971789296,283120.5966437421,259883.11178711304,11.079134821700912,594202.0235816529,315423.0190962562
530,184.41172369041374,2.285277979918625,237.20854168054674,4.750238610287141,238.79034197022736,4.314328914421745,235.3085070713264,4.364810181051595,21.47595597213914,13.684832387204718,1.8333333333333335,2.52531019240998,259905.00000000003,1.0,24.2157032477943,15.601196174582752,374.1604836355206,54.278168677346834,378.7335642445091,66.2649519883003,1.1910124504665691,0.8158494193683458,237.9142717498206,4.0714825048096515,1.6663283600849477,1.0384553459470591,259905.00000000003,1.0,1.000690166987272,0.9399380171097305,21.08924136053403,10.965494300098449,21.888212886965036,11.079134821703276,822179.979439545,318185.9265519683,259530.8395163645,54.27816867735131,645790.5828530061,288691.26952108275,259883.91075863948,10.96549430009575,616910.8571691597,331102.1890767624
531,184.13279089066444,2.7241553937984984,236.6547615115439,5.515953700738819,238.3034789752991,5.0560430701127554,234.78214663574875,5.1251162826417165,22.49468795296897,14.170156956606155,1.8333333333333335,2.52531019240998,259905.00000000003,1.0,22.162171150952155,11.998162939611381,372.6930004375374,50.242359800818846,374.1938169688539,54.25615901451287,1.1926416168021685,0.818198956794622,237.42960865852783,4.826060056735262,1.633206172326705,1.0246469314643536,259905.00000000003,1.0,1.0337485732747784,0.9597312761199627,20.35645042814877,10.84154292275858,21.08924136053403,10.965494300098449,841793.6769171307,328490.6740756607,259532.30699956248,50.24235980082128,656636.4314324999,289782.0705779299,259884.64354957186,10.841542922755913,640926.3020528395,345471.420354097
532,183.8299298025425,3.105219092970052,236.070513555646,6.169671643462513,237.7865981127172,5.705682059599587,234.19167168621698,5.853979944426416,23.49368205944481,14.290905016592022,1.7855393789496041,2.5466105040491653,259905.00000000003,1.0,21.17461201072908,9.20834200826821,373.2598644406369,51.540967800228,372.7263337708708,50.21958900801878,1.1904589827369911,0.813185731093661,236.87453551987616,5.574554451158294,1.6533374615213963,1.0228687231264335,259905.00000000003,1.0,1.0824579144883202,0.9881591167670496,19.65223754778236,10.668610754433791,20.35645042814877,10.84154292275858,861282.1973425521,336351.5646033595,259531.74013555938,51.54096780023258,674476.4794082181,298868.16117000685,259885.34776245223,10.668610754431148,670149.4541814843,365639.29766057077
533,183.5135547476484,3.4554722017280795,235.46934430799215,6.754255526316577,237.2270137740533,6.321774172977759,233.58238305326051,6.486811855533995,24.161121745969858,14.029223945748797,1.7559677895611843,2.5590780400422575,259905.00000000003,1.0,20.286624673947358,7.033348996631785,375.4117270564316,55.255868180430156,373.29319777397023,51.51839156548216,1.1957049583971386,0.8246719699629101,236.28368199026383,6.231879708044619,1.6748712182536403,1.0284943850942263,259905.00000000003,1.0,1.1188212674560039,0.9971991377798943,18.96285426365139,10.48888992840505,19.65223754778236,10.668610754433791,879339.0643993008,337098.23009489384,259529.5882729436,55.255868180434256,690876.6728524724,300385.1644170565,259886.03714573637,10.488889928402525,695751.293621645,375205.3054021915
534,183.21588819470935,3.7126807777113573,234.8917886576412,7.201391306736953,236.66993436550294,6.838082370174447,232.97378750674375,6.994874632452428,24.767552079860835,13.609392934237693,1.7413154107882365,2.5650374818593487,259905.00000000003,1.0,19.83056802844926,6.096862508968268,378.64072903038823,59.21321485022402,375.4450603897649,55.23346695405737,1.2573527452604756,0.9620336267730624,235.6718298322993,6.833332292945301,1.6899757415349066,1.0274302058186167,259905.00000000003,1.0,1.1476024057543859,0.9956563949459145,18.287147594537537,10.299403287376117,18.96285426365139,10.48888992840505,897440.4888124584,332256.6084726438,259526.35927096964,59.213214850228354,704514.240813387,296132.92320118326,259886.71285240547,10.299403287373408,716863.9081595099,374088.31471451087
535,182.93542720482134,3.8952328421161573,234.33581975544658,7.534164032219183,236.12067587277053,7.253828047514997,232.3471371581868,7.417217621074459,25.372915157832928,13.105298892595128,1.729319057681077,2.570490882718536,259905.00000000003,1.0,20.223773644464988,5.987409866287565,382.0938848194084,62.715757508927375,378.67406236372153,59.190430193565554,1.323426783332166,1.0373299454928961,235.08250660062924,7.287480711186555,1.6978351395485598,1.0239314535310569,259905.00000000003,1.0,1.1807251996646075,0.9836683213146931,17.63670432132025,10.098436632130664,18.287147594537537,10.299403287376117,914930.981430128,321210.65825715195,259522.9061151806,62.715757508932136,717619.5990447983,288587.73273847386,259887.3632956787,10.09843663212888,737768.820062296,366620.52208600263
536,182.66934973059614,4.0321770462852,233.79801991635716,7.790526318661234,235.57479945022015,7.589373330579401,231.73537181765036,7.732619143110096,25.80425718185712,12.67614177423068,1.7194972744674633,2.5753382083354928,259905.00000000003,1.0,20.721724038606627,5.736715329249988,385.4902540215248,65.5333762552027,382.12721815274176,62.692346461462435,1.3775236302815044,1.0529193858704577,234.4882268450891,7.653492664702548,1.7183358009870653,1.0052530563728572,259905.00000000003,1.0,1.2365202222970078,0.9710112862784376,17.02155540929686,9.852276248593936,17.63670432132025,10.098436632130664,931978.1393163127,304080.7013517722,259519.5097459785,65.53337625520581,732933.5971521566,276834.93846324744,259887.97844459073,9.852276248591147,757273.1610920695,353790.8170299324
537,182.4031548992446,4.128669909392169,233.25976680461014,7.977044051729694,235.01987967180648,7.866540997242492,231.15188971857827,7.922020946289639,26.18564038905172,12.277298423254054,1.729038291730472,2.569271274118894,259905.00000000003,1.0,20.797228436686137,5.6188535309476855,389.1829610154932,68.3258913257229,385.52358735485814,65.50918436351242,1.4504907551537183,1.0484797728966138,233.90296430455086,7.924119862768437,1.7280873576731859,0.9935252971012027,259905.00000000003,1.0,1.2620930843800542,0.9586701606804793,16.43178659354714,9.566007207915826,17.02155540929686,9.852276248593936,950402.2887742269,284016.5985004364,259515.81703898453,68.32589132572606,746796.7540081526,263621.163657918,259888.56821340648,9.566007207913383,775917.8995356829,338574.0114464632
538,182.15453879500532,4.193185968760392,232.74377664899833,8.106750765429297,234.4728846632129,8.082358950027855,230.64364200038122,8.076457663722902,26.457227926260735,12.130186149474104,1.5421575157984155,2.469792875564372,259905.00000000003,1.0,20.370012706148998,5.866667929826903,393.7613520531399,71.3390707873114,389.2162943488266,68.30082421591507,1.4624372298665516,1.0536921723098207,233.32634734803423,8.12328225476172,1.7099207099769802,1.0123079752141932,259905.00000000003,1.0,1.2543540003814284,0.9609992615933022,15.860271417548033,9.233835231965866,16.43178659354714,9.566007207915826,954619.8754810955,279592.8996589693,259511.23864794688,71.3390707873148,752242.4474901009,258016.52042053122,259889.13972858246,9.233835231962074,783844.6214992504,331845.1630209707
539,181.88948705543712,4.241340520019171,232.2067880396606,8.199724949481904,233.92182845944407,8.25207454752146,230.12958411882747,8.19253020038122,26.697265774219524,11.93140038765011,1.395194785614499,2.4060270123773204,259905.00000000003,1.0,19.732037520396755,6.2719826623024675,399.3647188546815,74.32111764392955,393.7946853864732,71.31284900219467,1.4606780711054907,1.0538290374860844,232.76938874202648,8.261217297104483,1.7176811812272672,1.0052007470586588,259905.00000000003,1.0,1.225383709911596,0.9673502714859916,15.258432928969354,8.820958146213604,15.860271417548033,9.233835231965866,959583.6048484655,273637.80944883387,259505.63528114534,74.32111764393171,756535.3038819459,252878.78865177996,259889.74156707106,8.820958146209142,792452.8530507614,323321.18422034435
540,181.66884241666062,4.251452912143756,231.72605652338893,8.228303376063508,233.40744063512096,8.335594502786813,229.61478108902986,8.27369959351293,26.815438866972485,11.878029182084006,1.284430669733371,2.365530256954447,259905.00000000003,1.0,20.069998795027885,6.8787058388048985,404.8590615902261,75.8339144158597,399.39805218801484,74.2933476212093,1.4904399919432234,1.0822096401975434,232.17671926657476,8.38755009284126,1.7109596441754968,1.0078133639577047,259905.00000000003,1.0,1.226824732162568,0.9673489236542779,14.670002975353563,8.368228922999837,15.258432928969354,8.820958146213604,968795.7217067988,265732.43133885245,259500.14093840978,75.8339144158623,766558.6470453565,245563.18851856992,259890.32999702467,8.368228922995334,801934.0866357677,315633.5735885577
541,181.50089380265734,4.242761742789321,231.31226024236574,8.216583069868522,232.9391707683538,8.359949012554097,229.15924655429458,8.279416927703805,26.851321584289188,11.858876135211224,1.1937446817239978,2.3436883839918132,259905.00000000003,1.0,20.459966771778337,7.286648519411836,410.09000505434625,76.26901999026882,404.8923949235594,75.80419927923718,1.4956894100502556,1.0862556788310969,231.65139076991886,8.41142949644874,1.6958977242065134,1.0105823289404174,259905.00000000003,1.0,1.2270138843340184,0.9673006493006631,14.101119135481067,7.907534735376681,14.670002975353563,8.368228922999837,973385.5177743902,261016.2166718364,259494.9099949457,76.2690199902712,771545.0654967624,241029.20346343928,259890.89888086455,7.907534735372707,807206.8951397609,310630.01938332967
542,181.34376976407356,4.219600846338434,230.91200957928262,8.170093108204892,232.500858542153,8.33438992210546,228.7421828397481,8.24665127920653,26.817849326431304,11.8840096546817,1.1194972744674632,2.3336157600416576,259905.00000000003,1.0,21.030746081038796,7.888475105199134,414.79094435860463,75.59170413348512,410.12333838767955,76.2371084727689,1.4989966130289574,1.0874254549374478,231.20635629352967,8.3962162831303,1.6931248580042533,1.0114429070143465,259905.00000000003,1.0,1.1924500681728247,0.9628480970438106,13.500444345649639,7.345839073691974,14.101119135481067,7.907534735376681,976981.1523048211,257254.2931573403,259490.2090556414,75.5917041334865,775834.5789271258,237532.86958830588,259891.49955565436,7.345839073686886,812066.3224104074,305718.63860261434
543,181.18986648902137,4.189242558173754,230.51581616488448,8.100946905202715,232.0853153162506,8.275477570323703,228.30206170484163,8.150253292448223,26.859881921270045,11.836499063552665,1.129038291730472,2.3294622833702636,259905.00000000003,1.0,21.502817208331404,8.06688707766084,419.05230411314614,74.08961494487976,414.82427769193794,75.55736118411245,1.5192867350443515,1.0806834054319086,230.78706759599115,8.339063498686391,1.6692112198320785,1.0193122665761085,259905.00000000003,1.0,1.1938186386294494,0.9628837178054311,12.92505176444701,6.724716201799163,13.500444345649639,7.345839073691974,985184.1107463303,247041.87232145196,259485.94769588686,74.08961494488133,782912.7575896818,231139.78827265726,259892.07494823556,6.724716201796744,819245.664095575,297035.4571781529
544,181.00144767565055,4.165459600394343,230.07614124743515,8.032796487103807,231.66451679391744,8.186537488725314,227.8468023062454,8.043316480803222,27.404972209871875,11.517840827262825,1.1333333333333335,2.3274266875842566,259905.00000000003,1.0,22.044139960173574,8.126636621323048,423.31313636284443,72.16499125780715,419.08563744647944,74.05259111673942,1.5323823992760472,1.0727809305176907,230.3835830353906,8.257183549806028,1.6712757961807532,1.019423621671604,259905.00000000003,1.0,1.2115308855188118,0.9596796135723481,12.365306853785068,6.0712723010021366,12.92505176444701,6.724716201799163,991481.6039731606,237560.4803306629,259481.68686363718,72.16499125780848,786932.5328471375,225981.6941144379,259892.63469314625,6.0712723009981575,826427.4101040335,286978.0395717951
545,180.7981757869708,4.128355182169309,229.61750762534805,7.9320576968023735,231.22057027275747,8.085458072290885,227.39046577781787,7.90568653736896,27.79038516444786,11.076898548474777,1.1333333333333335,2.3274266875842566,259905.00000000003,1.0,22.457617832608857,8.102304854004638,427.54590369468343,69.51555880529916,423.34646969617773,72.12494243437459,1.538597082607218,1.0656583895956862,229.98496500244218,8.150140790925006,1.6382474474685191,1.0075301451741248,259905.00000000003,1.0,1.2250417896919525,0.9540397887512065,11.852101196008503,5.465571209976443,12.365306853785068,6.0712723010021366,995167.7042845185,231129.3164951852,259477.45409630533,69.51555880530066,789029.1396827876,223048.61666771738,259893.14789880402,5.465571209973936,832248.0911670345,277465.4308987537
546,180.57004980676126,4.050724155892674,229.1267601725667,7.758452410774154,230.7141618856098,7.896139433727087,226.87995561892012,7.692848388230861,27.95497526308851,10.858933704414653,1.372303105251981,2.5631559900522096,259905.00000000003,1.0,22.573865232601996,8.130325045870643,431.5880439532513,65.73377139209308,427.5792370280168,69.47188178642543,1.5507182002631126,1.0529205823839052,229.5204478380222,7.9977150817767875,1.6051638144236955,1.0072897443684252,259905.00000000003,1.0,1.2421458906711267,0.9454395512293834,11.389083272255933,4.890926225615595,11.852101196008503,5.465571209976443,996754.7356243136,228378.86554039476,259473.41195604677,65.73377139209451,789784.322217184,222089.90610693087,259893.61091672778,4.890926225610398,836838.1397208917,269710.3118929046
547,180.3413435811537,3.9484655139900946,228.63510310178063,7.53417738263001,230.1840275077212,7.618002241803994,226.3746440384572,7.439646354523311,27.740562115765453,11.067390521561077,1.567955006577809,2.6763135826974818,259905.00000000003,1.0,22.31095651765783,8.102368270357974,435.48302787811446,61.04293790766682,431.6213772865846,65.68545787362925,1.547566858526912,1.0562432968007278,228.99620697556566,7.731623526601517,1.5745607439803395,1.0079907477963206,259905.00000000003,1.0,1.2797742656073212,0.9163129797737368,10.994296793882915,4.394982838343739,11.389083272255933,4.890926225615595,995052.0751431106,231543.34243235513,259469.5169721219,61.04293790766768,784103.8939067712,228440.4826844175,259894.00570320614,4.39498283834009,836193.1775247069,270803.7806082817
548,180.13522268120514,3.7985853075577434,228.17137767139076,7.2198535479417005,229.68226188594952,7.273964685914952,225.89067577873064,7.130181356861555,27.479530871759252,11.356563253246176,1.737700025968189,2.734299743388471,259905.00000000003,1.0,22.44928196405743,8.114749195644482,438.8089100931814,55.89828837284948,435.51636121144776,60.988706523901705,1.5354279672572806,1.0681812860046234,228.4801489743684,7.419478082825633,1.560054517007788,1.014551858935599,259905.00000000003,1.0,1.3226663898174005,0.8838842466386917,10.656908666692528,3.932036711077783,10.994296793882915,4.394982838343739,984169.7831545682,245069.77386378724,259466.19108990685,55.89828837285049,771796.0239611723,238034.01323433517,259894.34309133334,3.9320367110735126,829688.744645504,281596.38082722534
549,179.91159052355684,3.578629455033168,227.68470809371607,6.785698528596169,229.17905807578373,6.8362074611727275,225.4025385447255,6.716086979227974,26.84904134643535,11.310128564895862,1.8957930752784031,2.767275695109717,259905.00000000003,1.0,22.461447555421977,8.1095260310081,441.32448535137297,51.8556383082928,438.832684635638,55.861593885017854,1.5350482745433094,1.0681112317670993,227.96123174245562,6.9864312142827485,1.528069584059449,1.0293305384707008,259905.00000000003,1.0,1.363825799203767,0.8624728950664112,10.392664881836845,3.5181713573904525,10.656908666692528,3.932036711077783,966151.6246748127,256161.21068505032,259463.67551464864,51.85563830829497,748272.2754167338,241441.26956478148,259894.60733511817,3.5181713573866626,819186.8022980134,294042.59254459577
550,179.64954867619244,3.2828036585732807,227.14909107883395,6.227761281283936,228.66687622699723,6.276558292086104,224.90269216518533,6.202623435722856,26.057616561256083,10.649301291598109,2.0252287165965495,2.7663573460860733,259905.00000000003,1.0,22.28944309280718,8.245377311729309,443.08337856962885,49.39455455222867,441.3404338177765,51.83403793049087,1.5503385075491414,1.0696538384477312,227.45354417247924,6.474895131171612,1.4872720937733168,1.026457207933761,259905.00000000003,1.0,1.3940077908008999,0.8370689257227615,10.199400578864429,3.222862857997954,10.392664881836845,3.5181713573904525,943126.7886492274,259377.16964374468,259461.9166214304,49.39455455223064,716198.440173108,227314.9442232286,259894.80059942114,3.2228628579937633,798939.7073513989,303070.26034534106
551,179.38842548007688,2.9768203342740622,226.61515093797874,5.621791805515522,228.17096850335042,5.694370630788606,224.41814678235647,5.662517297411198,25.119274176070295,9.888957602984007,2.0432895905377877,2.7544221609652197,259905.00000000003,1.0,22.22751553633349,8.317866277889577,443.9413886360909,48.5021543354708,443.09291958689187,49.38413015871878,1.5724158824094898,1.0659088105128636,226.92610204371556,5.900661236543927,1.352239716829467,0.8145554278041007,259905.00000000003,1.0,1.4629961872483312,0.819713445050837,10.210157049283293,3.2348580260473248,10.199400578864429,3.222862857997954,918737.5979086523,259393.77973557185,259461.05861136393,48.50215433547337,685024.9013061984,205215.97564990015,259894.78984295073,3.234858026042458,772296.2721780745,304887.52959034155
552,179.12172573398777,2.6176783475738836,226.074287827374,4.895666247334172,227.70349067701176,5.070681673201585,223.89987001022766,5.016344284994635,24.761855684376233,9.733850980426679,2.0580765834609442,2.74424655352641,259905.00000000003,1.0,22.460408564778028,8.165600937694368,444.189054213831,48.30107171107512,443.94568367769375,48.49835094959523,1.660919326938121,1.105480288079015,226.41896317234324,5.336105313674532,1.2416845571643191,0.6759505983862489,259905.00000000003,1.0,1.5446389990096048,0.8070667842769996,10.441787863758817,3.3876345860603667,10.210157049283293,3.2348580260473248,898583.0051411355,259008.4526385067,259460.8109457862,48.30107171107721,664003.7690526347,196958.95765778035,259894.55821213627,3.3876345860559955,749001.0411435632,308756.6507861495
553,178.83050895632704,2.2067039967050333,225.5028690342796,4.022810934327839,227.2178098914842,4.346402607083912,223.3713356527654,4.237032477744257,24.57635418727434,9.742388160338269,1.7799029403642899,2.466890035455654,259905.00000000003,1.0,22.058092435248636,8.197546629835921,444.92741302549246,47.66044477567858,444.189054213831,48.30107171107512,1.736896301373055,1.1023583827143069,225.90784363483942,4.638532069877512,1.1511696480350162,0.5861971154313516,259905.00000000003,1.0,1.6044495144742923,0.7638571895607269,10.84722233098743,3.4690098143735324,10.441787863758817,3.3876345860603667,880558.2415728415,261711.4577688346,259460.07258697454,47.660444775680546,649666.4022414132,197505.94595405363,259894.15277766905,3.4690098143695574,727533.271163434,312621.47548283276
554,178.5756285875476,1.8732996622119817,224.9788426971554,3.1336853843143566,226.7247540772943,3.498701402392648,222.86884951986823,3.427121512107616,24.87815035190638,9.541550827709317,1.5451206587732964,2.276492295693461,259905.00000000003,1.0,21.651689009067507,8.258510997352875,446.608753709558,45.909001928240954,444.92741302549246,47.66044477567858,1.7955845042227427,1.052436454797006,225.39220209076367,3.7997327318605225,1.1283727453485382,0.5490670589698609,259905.00000000003,1.0,1.6594605310734123,0.7011792243956081,11.349687064923277,3.270737010397801,10.84722233098743,3.4690098143735324,866552.2268974201,259714.28760504723,259458.39124629047,45.909001928243796,646153.9680714376,198420.2983127565,259893.6503129351,3.2707370103928555,708253.3172588631,310974.9191173411
555,178.3851188322086,1.651107713434526,224.59448065393434,2.5114706746574895,226.31042630543212,2.8218967029247706,222.4706978332609,2.7943983762845064,24.57469454458252,9.668778050928047,1.3528971845569355,2.1475505863573487,259905.00000000003,1.0,21.490467750216045,8.294626448282349,448.3400833193676,43.888724247783166,446.608753709558,45.909001928240954,1.8174837936931454,1.0327825656234957,224.95712911740955,3.103149376143892,1.1393752497357204,0.5582874008178914,259905.00000000003,1.0,1.6758233694909572,0.694505236144212,11.87325005986993,2.8789163115250025,11.349687064923277,3.270737010397801,844078.1294118856,248610.96376623653,259456.65991668066,43.88872424778516,639614.109176391,198971.5833247538,259893.12674994016,2.8789163115205536,686446.2298175032,309744.37197378004
556,178.18319321650566,1.494178785346694,224.2434885965175,2.0658705835942532,225.9809360974991,2.319709577207914,222.11923747439886,2.295577139145896,25.526940379024357,10.841741593066896,1.214635496506,2.054721197778216,259905.00000000003,1.0,21.389673145759367,8.354276291564949,451.2627150561265,41.40486632089412,448.3400833193676,43.888724247783166,1.8796908871908382,1.004613586902423,224.61818246885895,2.5516774436037792,1.2061822292980051,0.5367439119980065,259905.00000000003,1.0,1.6334025517740038,0.6893030062041738,12.281352800592437,2.4963024533377665,11.87325005986993,2.8789163115250025,835830.4932642757,243017.16551864875,259453.7372849439,41.40486632089564,638311.8423192232,199279.8227516909,259892.71864719942,2.4963024533342932,676222.1099685337,309365.6474211078
557,177.97704661604106,1.4459096121087338,223.92635520946968,1.8601652957001837,225.67865803748745,1.9960592474788827,221.7974366076484,1.9692567572898514,26.586946966507778,11.791654536460667,1.1014364005262247,1.996358109377714,259905.00000000003,1.0,21.335924241839585,8.405839218605543,455.4123013802685,39.44340708875461,451.2627150561265,41.40486632089412,1.9060063691749132,0.9819505562070963,224.31519509539106,2.1362163866109687,1.2895555306161377,0.5371825135260123,259905.00000000003,1.0,1.6072394575538747,0.6692386500567937,12.564266993670616,2.23098240621339,12.281352800592437,2.4963024533377665,838163.2126989298,245229.51483710267,259449.58769861975,39.443407088754356,642218.4503525366,199947.35100366644,259892.43573300636,2.2309824062110635,674566.6841177344,308891.21958672674
558,177.7944667896641,1.5329557797617361,223.6708940537106,1.9285050173281124,225.40267121101303,1.9050895026515555,221.53112107742538,1.9011363202637195,26.486397108410497,11.633275279269839,1.1142512988073154,1.9902686563318897,259905.00000000003,1.0,21.213171622530695,8.501500102785602,459.571275567341,40.161858459098255,455.4123013802685,39.44340708875461,1.9275516635573449,0.9579595183460611,224.02906874129968,1.947412355999302,1.329139443760692,0.5691231478764189,259905.00000000003,1.0,1.5667013459666863,0.6221218682181552,12.754244263735961,2.0472513519559326,12.564266993670616,2.23098240621339,833873.90201223,240215.6018007417,259445.42872443268,40.16185845909731,642680.201872849,200210.23993456815,259892.24575573628,2.047251351954476,668081.1266253531,305562.9620170571
559,177.6365581649834,1.660672664325645,223.47224041428032,2.089176183071831,225.17864443992508,2.0107417871994144,221.31100068282393,1.998683718663151,25.989726088748526,11.015127905325519,1.1247432501276107,1.9850149021483436,259905.00000000003,1.0,21.103557632804037,8.59024633065023,463.3327007731579,42.78158904504113,459.571275567341,40.161858459098255,1.935632667775614,0.9485436818987281,223.7871816362533,1.9750253973249063,1.3439655975492468,0.5643864931784011,259905.00000000003,1.0,1.5013186920622987,0.5360853651751188,12.85352077478807,1.9865186817089278,12.754244263735961,2.0472513519559326,833095.0930236524,238925.56380034247,259441.66729922686,42.78158904503852,640852.2102611951,196539.7097472213,259892.14647922525,1.986518681707285,657336.0732910755,291126.0006160169
560,177.4344801926648,1.990438790166992,223.2180204728771,2.504031388668304,224.99116583881445,2.206811323427016,221.0080030505783,2.468858347044917,26.762485059284597,12.937001000018343,1.1333333333333333,1.9805323152018688,259905.00000000003,1.0,21.553711083115314,8.562746586625769,467.40814141599384,48.1785255742759,463.3327007731579,42.78158904504113,2.044869708504347,1.1103759479646667,223.5833219891477,2.1024090199578085,1.3299536785602843,0.5548335204631931,259905.00000000003,1.0,1.5348076775449255,0.6418370836192797,12.991708107106044,1.9987027973086424,12.85352077478807,1.9865186817089278,844198.1824814627,263779.3125866292,259437.59185858403,48.17852557427289,640457.4527886587,195883.70833414572,259892.0082918929,1.998702797306603,656686.7162969406,289981.1358907694
561,177.2613952088115,2.296628611346431,223.00027481499635,2.889226377206821,224.786583978311,2.5297163850163873,220.71159110510314,3.0045951278169047,26.72411560140039,12.886704275235932,1.1333333333333333,1.9805323152018688,259905.00000000003,1.0,22.72069685042867,10.013136506644411,470.27822683363223,52.004895098783685,467.40814141599384,48.1785255742759,2.1931933469081,1.4100314156311051,223.33363093577492,2.4953644044526992,1.3210075151591054,0.5530128553393837,259905.00000000003,1.0,1.7005563518306785,1.1904664708188817,13.30459027711095,2.444376844780018,12.991708107106044,1.9987027973086424,846131.3373260513,267350.53477907466,259434.72177316638,52.00489509878037,641240.8302089798,196762.61835832763,259891.69540972292,2.4443768447777137,648831.0320062845,278130.77374431136
562,177.0726592485265,2.6224665051674325,222.76283957902518,3.2991396230009364,224.55640986543392,2.9121199951387515,220.44672161096258,3.4679455064879767,26.485130504273958,12.704069776649565,1.1333333333333333,1.9805323152018688,259905.00000000003,1.0,22.895393471686123,10.291239891328905,472.73463053288674,54.83608107267317,470.27822683363223,52.004895098783685,2.276395307570687,1.5262926098355707,223.10953909839458,2.886129775652655,1.3031335681224636,0.5436503343559907,259905.00000000003,1.0,1.8292269234583065,1.4434844547869519,13.764016965780126,3.325899139816149,13.30459027711095,2.444376844780018,846005.2428166793,267142.8383443314,259432.26536946715,54.83608107266918,633196.5261002597,182720.15797528237,259891.23598303425,3.3258991398133695,636725.0278294111,254293.13766375638
563,176.91971035041635,2.8466672358113403,222.57042536359387,3.581190748576278,224.38829055227336,3.1574762929731484,220.1744933794196,3.9136652150586144,26.471581910133715,12.702093947766173,1.1237745424565875,1.985444990733316,259905.00000000003,1.0,24.15615862322255,12.781217549393306,473.9262792773413,55.734024595611345,472.73463053288674,54.83608107267317,2.4018680567420074,1.7294611061457732,222.86866629142554,3.3073108115168406,1.3181666476962057,0.57590419323935,259905.00000000003,1.0,2.0276355606487058,1.8131124321024326,14.40681921206596,4.5412518200045335,13.764016965780126,3.325899139816149,856012.4131822109,284181.94942831295,259431.0737207227,55.734024595606236,631124.1571816759,179258.7373124833,259890.59318078795,4.541251820000266,631969.0564573781,244526.8881901936
564,176.76247946610502,3.02901324356504,222.37262426752983,3.8105874924477696,224.24608977776364,3.327735138321442,219.8975032360538,4.296289698822401,26.505114510923992,12.697524899847211,1.1063896755268086,1.9931683799323203,259905.00000000003,1.0,25.177291865794267,14.108982614059501,474.1477122469442,55.826637750690736,473.9262792773413,55.734024595611345,2.517671728684565,1.9479031467839623,222.70387224485563,3.5396467428718843,1.3495922740101884,0.6286138171986485,259905.00000000003,1.0,2.210187052407559,2.0230834428158566,15.200747323796664,5.868637148243872,14.40681921206596,4.5412518200045335,863151.5914913042,292402.23128885834,259430.85228775308,55.82663775068514,627019.6465708375,176351.99988129784,259889.79925267622,5.868637148241538,629722.0062253734,241280.00177263725
565,176.62890764722323,3.1288229692711984,222.2045869360274,3.936151197741339,224.11631810130723,3.451571962666484,219.69303551311768,4.502845268714266,25.939424820317118,13.208449062627254,1.09215615033323,1.9997012133596939,259905.00000000003,1.0,25.776185548671737,14.447693574751328,473.21879536825634,55.752179025554035,474.1477122469442,55.826637750690736,2.5677601388864253,1.9897839277779898,222.55560276175083,3.6913547136600466,1.4014719477536988,0.6914734461170073,259905.00000000003,1.0,2.3219569206859525,2.0641161945324598,16.05456563006225,7.023848323156139,15.200747323796664,5.868637148243872,872304.5671679041,300030.4683492894,259431.78120463176,55.75217902554811,631410.3237606687,180968.35173451607,259888.94543436996,7.023848323159429,625361.9323665969,237130.6481045995
566,176.52832750432313,3.17005738066727,222.0780543815299,3.988025230121503,224.0299060219976,3.5060381396157227,219.5442045706294,4.596296273528766,25.549578898022208,13.567855978309161,1.080502725532537,2.005188861728935,259905.00000000003,1.0,25.86247050011243,14.451177979969236,471.8254010406336,55.93959556414233,473.21879536825634,55.752179025554035,2.618872363030361,2.0063612172721443,222.4854712302882,3.7333519082067084,1.4404309494611507,0.707914544021106,259905.00000000003,1.0,2.339075702084555,2.0620345764059085,16.886543716018988,7.940592799876549,16.05456563006225,7.023848323156139,886853.4870598847,310586.0475605986,259433.1745989594,55.939595564136326,640583.2801174033,193479.61923367463,259888.11345628402,7.940592799879154,624298.4517470394,236339.40381176118
567,176.46873466214953,3.1754765129480855,222.00308547759602,3.9948425817590896,224.0069025666816,3.5136395856136535,219.40043643793538,4.64116917344476,25.197662685738923,13.874294516051489,1.0709617082695282,2.009774182156222,259905.00000000003,1.0,26.54195797045981,14.319961728877145,469.4101440476432,56.61411173810036,471.8254010406336,55.93959556414233,2.7799321430234687,2.1786063953662573,222.44085540651096,3.7481240327623935,1.4723278822682595,0.6952014943477849,259905.00000000003,1.0,2.420002911008032,2.062731540312107,17.767552078092095,8.84452109789683,16.886543716018988,7.940592799876549,899287.1484849348,318819.183315271,259435.5898559524,56.61411173809407,648358.6976735031,200462.13472571853,259887.23244792194,8.844521097900369,622821.595001888,235514.16706724113
568,176.4673248601862,3.175009553930368,222.00131244553495,3.9942553134586114,224.04415876285546,3.5140049669053965,219.29652272123914,4.640770106727116,24.759024865929675,14.119150034755869,1.0666666666666667,2.0119934279946015,259905.00000000003,1.0,27.199951159478385,14.029637388955022,465.9025510874278,57.611281369451326,469.4101440476432,56.61411173810036,2.9576093782489496,2.3314641122719215,222.4520718309629,3.7481493938225654,1.4914099167942774,0.6735250746934576,259905.00000000003,1.0,2.4928473254073253,2.044352173922339,18.702322820038475,9.74359512685312,17.767552078092095,8.84452109789683,917060.0395461767,323880.9558022057,259439.0974489126,57.61128136944543,663525.5107322236,211379.2199739186,259886.29767717997,9.743595126858784,624085.5743864663,235620.85184350997
569,176.50053959369868,3.1892612893858607,222.04309844140528,4.012184811380836,224.1216879265277,3.5272181910426705,219.26649535818865,4.632943484007015,24.487909025402057,14.279997490203458,1.0571078757899208,2.016502581215451,259905.00000000003,1.0,27.825690193595747,13.494710522677329,461.5076620434442,58.51546942695899,465.9025510874278,57.611281369451326,3.21426820272486,2.5615250534722347,222.48641495258548,3.755517941288893,1.5,0.6678317717081835,259905.00000000003,1.0,2.568088386773463,2.0136296969967837,19.703744540145273,10.592942955243837,18.702322820038475,9.74359512685312,937917.3314504618,330222.8603067942,259443.4923379566,58.51546942695264,684771.1494141244,228158.89443627204,259885.2962554599,10.592942955249429,631934.5798248515,238818.90912872483
570,176.51371807602035,3.197679381284128,222.05967832511072,4.022775658651007,224.20829283001675,3.5721725946679834,219.29069564407038,4.643628729796016,24.261778789144362,14.35246924379271,1.039723008860142,2.0235150424206436,259905.00000000003,1.0,27.465626188860348,13.402350527284916,457.26409163486807,59.88946767845432,461.5076620434442,58.51546942695899,3.408801576264652,2.7518779070617545,222.56633848797497,3.7673923395126185,1.4808824182465083,0.6836906925734922,259905.00000000003,1.0,2.6905597855146346,2.0420316277365402,20.84675524074673,11.594808548780797,19.703744540145273,10.592942955243837,947164.2747438771,332383.12485202786,259447.73590836517,59.88946767844656,693052.4517766332,234505.2913223953,259884.15324475928,11.594808548784227,634004.0273148074,239598.22792140144
571,176.49551233019,3.182918613682365,222.03677586359888,4.004206868369078,224.28573656463195,3.6309907988275727,219.26623169061733,4.628299110919717,24.087188458457433,14.422085323380557,1.0254894836665633,2.0294665885395933,259905.00000000003,1.0,27.33377630561089,13.3626090463538,452.99201430404804,61.860890560463424,457.26409163486807,59.88946767845432,4.108415971948901,4.557075968000443,222.5643674796252,3.766813124237866,1.4843478478939338,0.6829956856889585,259905.00000000003,1.0,2.8874094518652575,2.154122427402604,22.18315017805139,12.813018410182092,20.84675524074673,11.594808548780797,964254.0311395859,336557.08522789617,259452.00798569596,61.86089056045549,711581.1377629568,250748.89257448507,259882.81684982197,12.813018410184183,644331.1231672033,244548.27864388988
572,176.4972006989975,3.1846726369277665,222.03890073711443,4.006414370695689,224.348646803264,3.6886461944046767,219.22379130798353,4.595545175781275,23.984462463163553,14.479893247662096,1.0138360588658704,2.0344789734843802,259905.00000000003,1.0,27.150543813178125,13.262226476795728,448.8120968951676,64.6781213576963,452.99201430404804,61.860890560463424,4.699883229146007,5.346228841303291,222.5071592505372,3.7410028474126094,1.525420265225893,0.7110844675568113,259905.00000000003,1.0,3.0813136941780437,2.221570230126806,23.67237694033687,14.084032247322806,22.18315017805139,12.813018410182092,981321.9352952692,339183.8960697197,259456.18790310484,64.67812135768828,730745.8818836915,267267.61163416115,259881.32762305968,14.08403224732393,651863.5313862606,246020.08256652573
573,176.44901705279423,3.144284220262513,221.9782852229096,3.955605391307743,224.3903714866392,3.7288501700783434,219.15130422657248,4.540036932381706,24.073308058655634,14.427840429803236,1.0042950416028615,2.038675693490478,259905.00000000003,1.0,26.920289513127155,13.248333035463759,444.9608203990932,67.64767538012862,448.8120968951676,64.6781213576963,5.331578519311304,6.027093715178389,222.46938457639982,3.7121129364825207,1.65463542516628,0.9305528172080461,259905.00000000003,1.0,3.312032247818472,2.3774669822314367,25.263107096322397,15.349394701101362,23.67237694033687,14.084032247322806,1000285.6528473351,344596.3494129297,259460.03917960092,67.64767538012214,751498.8975284139,286730.4675516864,259879.7368929037,15.349394701103229,666041.134093686,253345.1559288594
574,176.37218658027467,3.113394445319118,221.88163106719446,3.916745664871496,224.3722316739899,3.7157868667392493,219.01449583974514,4.478869297662875,23.691287711984874,14.452545550442169,1.0,2.040718367322941,259905.00000000003,1.0,26.655847421095153,13.248280879328663,440.99626068998293,70.57229288119666,444.9608203990932,67.64767538012862,6.1028916053711315,6.885597462954619,222.36099630492077,3.647519591587351,1.8368981773873323,1.3784504340936565,259905.00000000003,1.0,3.484336866820793,2.4136766191759964,26.84387911908919,16.292781600125817,25.263107096322397,15.349394701101362,1026839.978402772,353637.4183344901,259464.00373931005,70.57229288118984,776431.9626278842,301784.2874514619,259878.15612088094,16.29278160012492,684753.971389765,263866.74215043365
575,176.25448179061706,3.0936379371564606,221.73355530430638,3.8918915689468108,224.3138701640428,3.6936961261336787,218.83584732576446,4.416809578207678,23.662209295119528,14.459263245127294,1.0,2.040718367322941,259905.00000000003,1.0,26.600357506468697,13.245979898036436,437.0581124786338,73.51515774651959,440.99626068998293,70.57229288119666,6.970833295513723,7.7362449831202476,222.20863736749715,3.570467060981939,1.983596472186618,1.5643412934940943,259905.00000000003,1.0,3.6138678522960515,2.3817495613779807,28.40748383253196,16.956361385395628,26.84387911908919,16.292781600125817,1058770.4150662948,361903.6490070261,259467.9418875214,73.51515774651158,805245.6357494048,316928.69574925327,259876.5925161675,16.956361385395954,705829.6543382307,271332.7799043263
576,176.15409785299903,3.0633646881237575,221.607269472275,3.8538068501046063,224.25477076885332,3.6756407012218166,218.66892954309986,4.3631337361434595,23.657519482734536,14.461755761168416,0.7610302280813525,1.6815479859628417,259905.00000000003,1.0,26.74818170439884,13.265518665585466,433.20642002888815,76.89894955056683,437.0581124786338,73.51515774651959,7.49660543739674,7.827335335959232,222.0589596027375,3.5282808458015023,2.1253462849011067,1.6734265106079251,259905.00000000003,1.0,3.688270509767036,2.332557692088213,29.903741390731224,17.33337438901452,28.40748383253196,16.956361385395628,1085055.9359806196,358675.4705220193,259471.79357997113,76.89894955055863,827689.8743417849,320411.03775312245,259875.0962586093,17.33337438901448,720521.3196430164,269295.2495034651
577,176.06252138392475,3.023777757150288,221.49206301718243,3.8040049559664215,224.20940543063875,3.656199790524784,218.55111414721918,4.297405354218445,23.703999569077233,14.43294966085678,0.5653783267555246,1.3813316422589075,259905.00000000003,1.0,26.880303880693507,13.208736044389408,429.46473739051635,80.31125974335357,433.20642002888815,76.89894955056683,8.097148180726892,7.956301446405871,221.94795391867612,3.4763111818859826,2.217776494352709,1.691804036947522,259905.00000000003,1.0,3.71852856679644,2.3039238006359697,31.337826796508285,17.486635925926947,29.903741390731224,17.33337438901452,1110777.404285725,346995.6035188413,259475.5352626095,80.31125974334404,850324.1314913883,317385.8571089317,259873.6621732035,17.486635925928965,733732.3894315684,261831.07604896367
578,175.95833341583284,2.9408012893356372,221.36099077153003,3.6996176184999205,224.14962936871922,3.6176772228790077,218.42746467238732,4.20618786533728,23.802477327479053,14.358019414239992,0.3956333073651447,1.0874838053214215,259905.00000000003,1.0,26.981987915759664,13.206750435781888,425.88959349487055,83.98944084953396,429.46473739051635,80.31125974335357,8.611563423491603,7.93698015839353,221.8661336137147,3.4200399393582175,2.2582871228840555,1.6738037103016394,259905.00000000003,1.0,3.7020946339239473,2.3235425807648507,32.71496764088151,17.479955154889254,31.337826796508285,17.486635925926947,1133471.1290630752,330240.17410904705,259479.11040650515,83.98944084952545,870611.5712845955,308087.14275794366,259872.28503235916,17.479955154890852,745582.0044408872,248891.6423127216
579,175.86521657802012,2.8453268937557747,221.2438468465316,3.5795078619965883,224.08129903104322,3.565024660771439,218.3365062369475,4.109889180970727,23.534729899379816,14.533860312978646,0.23754025805493048,0.7145036606906341,259905.00000000003,1.0,27.12105733910243,13.14457338685864,422.065725797093,88.00203826562112,425.88959349487055,83.98944084953396,8.875926086185046,7.830895158147179,221.79030442427006,3.3439168083436805,2.2537637682443457,1.6785942566925154,259905.00000000003,1.0,3.6730385685797384,2.356960675926139,34.067575774550235,17.407670083118706,32.71496764088151,17.479955154889254,1147073.7229616863,313609.27053305344,259482.93427420294,88.00203826561184,883413.9627808173,294398.2330577938,259870.93242422547,17.40767008311983,749693.4795994668,242858.0946633844
580,175.82413535208795,2.7981415708542476,221.19216580140534,3.5201477622565136,224.02030323105024,3.5079343553675315,218.24792065508552,4.0094818171306414,22.946883361715493,14.88993103801623,0.10810461673678426,0.19198466309822634,259905.00000000003,1.0,27.25646279428119,13.020310729328896,417.64804174779056,92.36064048429913,422.065725797093,88.00203826562112,9.046207508100448,7.728309994664377,221.70756798461383,3.2489468000571766,2.244018050463003,1.6871574360910395,259905.00000000003,1.0,3.6457329916729795,2.391802672423114,35.402624049093546,17.22151496235234,34.067575774550235,17.407670083118706,1154184.1735931418,302396.59164342895,259487.35195825223,92.36064048429057,891861.6449522438,281964.91257156426,259869.59737595092,17.221514962353666,749547.761682249,243090.82798792006
581,175.80368953262615,2.7751680628710846,221.16644469657803,3.491246777772198,223.96432178555665,3.4590431549778264,218.127326704821,3.8898319829199535,22.458562357947272,15.241015878365397,0.09004374279554597,0.17446188602725018,259905.00000000003,1.0,27.355881665434232,12.910397045316026,412.66067869750805,96.8753253981944,417.64804174779056,92.36064048429913,9.494029278541024,7.678072929976959,221.6621909257355,3.1990812388092693,2.254165856296801,1.6790101836579134,259905.00000000003,1.0,3.6042594943753876,2.427151942214536,36.68605102050547,16.99286611699843,35.402624049093546,17.22151496235234,1162511.4915267155,288741.5686647198,259492.3393213025,96.8753253981858,899653.6586370232,270357.61308481556,259868.3139489795,16.99286611699938,749450.7992455891,243249.64993297338
582,175.8111418162314,2.784043860425361,221.175820651006,3.502413685162255,223.93584739495978,3.4291976871801286,218.08896662848014,3.8474017044461055,21.770013894363363,15.644484894709766,0.07525674987238944,0.16180136964267172,259905.00000000003,1.0,27.398053132115255,12.88971429823011,406.95738270988375,101.95343547413772,412.66067869750805,96.8753253981944,9.790345080978312,7.606517288920409,221.66201158286222,3.198881347485502,2.2755494505319533,1.660432397945873,259905.00000000003,1.0,3.545143976715927,2.47344290554064,37.888978880022776,16.747084748698374,36.68605102050547,16.99286611699843,1171644.510520591,274691.16826810903,259498.04261729014,101.95343547412996,908830.8542637022,258472.06125209833,259867.11102112,16.74708474869993,749519.0137913882,243137.49944910491
583,175.9085989517041,2.908046316911234,221.29842559655617,3.6584134858619617,223.9864790371322,3.486175652328563,218.09728120338835,3.8570780604713066,21.15199568402901,16.019151196888924,0.07622545754341258,0.16301379381326137,259905.00000000003,1.0,27.49850108786534,12.806045142604601,400.53465184850404,107.33113301817154,406.95738270988375,101.95343547413772,10.068211133379814,7.49357300582642,221.675707607121,3.2148438723333514,2.293056856743614,1.6431293635265714,259905.00000000003,1.0,3.5002607670700145,2.515745343184576,39.029516123682505,16.46573125595529,37.888978880022776,16.747084748698374,1184915.7420204075,254035.03425752648,259504.4653481515,107.33113301816455,919047.3733428858,244771.1420410341,259865.97048387633,16.465731255956573,753750.3499344044,237196.18864942619
584,176.0371684221582,3.06025479389047,221.4601705923947,3.8498967532342765,224.12626952680935,3.653680352853679,218.1810542571091,3.960635121667699,20.593408977586048,16.241256386584087,0.0840515335964457,0.1648535331439333,259905.00000000003,1.0,27.518881033353974,12.78522333241895,393.52512825913965,112.49643733519912,400.53465184850404,107.33113301817154,10.313291028947361,7.330969357713612,221.74224321158297,3.2960120731113047,2.2631132368780107,1.6625399990840504,259905.00000000003,1.0,3.4609876774513375,2.5545178349281517,40.160723897589165,16.08632472171279,39.029516123682505,16.46573125595529,1194350.4607201964,240264.2971707814,259511.47487174088,112.49643733519186,927625.843516509,235561.1494927261,259864.83927610243,16.086324721712977,758070.8137786693,232693.9501825595
585,176.16863256907715,3.2111220475493276,221.62555663418212,4.039692188195302,224.30510601024838,3.839340129126353,218.30496408067592,4.122134902707555,20.304966395632217,16.396569319786085,0.09045898273699104,0.16520924878238957,259905.00000000003,1.0,27.348898043643956,12.957675253791187,386.3907376283909,117.26182109068307,393.52512825913965,112.49643733519912,10.499879545825605,7.161089608835143,221.85379844666002,3.4286894071776284,2.2229963753280853,1.6897104210871978,259905.00000000003,1.0,3.4192748003353928,2.5952059393555205,41.29033565592981,15.603942751073323,40.160723897589165,16.08632472171279,1206294.84329899,219766.65366159318,259518.60926237164,117.26182109067534,939041.4562439441,223548.72341626708,259863.7096643441,15.603942751074054,766608.0824806109,223118.2123129331
586,176.34945323583187,3.375275809651109,221.85303469884477,4.246202140802372,224.51239416691874,4.040263709807584,218.51051972348998,4.381708490653874,18.807049187558942,15.470640837602224,0.07658737664364682,0.13857393335845125,259905.00000000003,1.0,27.191154672176875,13.138642249403198,377.93004476712935,120.96998084271266,386.3907376283909,117.26182109068307,10.498366211939654,7.162878973284677,221.99594725678352,3.6107508548790257,2.1604844373686616,1.7322385527244253,259905.00000000003,1.0,3.382597359456484,2.6365551511069913,42.464899493104454,14.927707281170292,41.29033565592981,15.603942751073323,1207121.7333202378,218529.67929435952,259527.0699552329,120.96998084270405,946680.0290335132,214367.17571441957,259862.5351005069,14.927707281171367,768481.0225983211,221371.18473320547
587,176.56509321357063,3.511197222435157,222.12431644686416,4.417194873647917,224.7897798807625,4.250609680263581,218.77066280305243,4.648906364602535,17.373238509777106,14.256894968486847,0.06523026614044197,0.1176362364321381,259905.00000000003,1.0,27.07255477080061,13.28837062658678,368.1654982399654,122.82665962397695,377.93004476712935,120.96998084271266,10.506685989824298,7.152156524850611,222.2003884740899,3.8377449056857644,2.077111136050529,1.7749398731496242,259905.00000000003,1.0,3.324882695095775,2.6923069421237997,43.680774119342594,14.03204103737386,42.464899493104454,14.927707281170292,1196264.6244595875,231931.50355448274,259536.83450176005,122.82665962396673,950437.67110657,211439.32687973112,259861.31922588067,14.032041037374979,767727.8213494726,221523.18460260006
588,176.80487077307512,3.6068405839463225,222.4259638207772,4.537516663765991,225.10697420714976,4.389749342702735,219.07522604008142,4.899261556107696,16.22548416083105,13.500061858020745,0.05241536785935125,0.10149558990997497,259905.00000000003,1.0,26.861292405173035,13.566222947583723,357.4772746277641,122.52217298266136,368.1654982399654,122.82665962397695,10.909469067891969,6.947033789886714,222.4611051248091,4.027219265667078,1.9992920593989911,1.8140102764190666,259905.00000000003,1.0,3.268071133603342,2.7451453408920705,44.930471159020925,12.873971719094522,43.680774119342594,14.03204103737386,1183831.8603283071,249591.72891366054,259547.52272537226,122.52217298265124,955486.9374186082,208510.55453670767,259860.069528841,12.873971719093989,769092.0138637981,221386.1799239538
589,177.0883861650908,3.719297289882671,222.78263482466807,4.678990257538433,225.4688456853252,4.489069234923108,219.41291319916988,5.115881315598506,15.345018071889978,13.267324362307837,0.0419234165390561,0.08893242070344455,259905.00000000003,1.0,26.877966058477224,13.54867377902635,345.90240322463774,120.5038986191647,357.4772746277641,122.52217298266136,11.248798751602127,6.6890883136142,222.74954620601446,4.157348939305287,1.953161601398304,1.8474866701382746,259905.00000000003,1.0,3.2346330346018646,2.7760079341166404,46.203352509018764,11.424523859011265,44.930471159020925,12.873971719094522,1164928.3274735364,268649.56570358464,259559.0975967754,120.50389861915562,976870.0058610892,243179.6684819278,259858.796647491,11.424523859011963,785965.316482303,248475.25882394504
590,177.43089929147595,3.6716085902548135,223.2135270677286,4.618996403873676,225.85394819237573,4.511728270857755,219.86951910230138,5.159250735138437,15.115712736653823,12.377682799084539,0.03333333333333333,0.07929507613443851,259905.00000000003,1.0,26.401494765041765,13.772824601540975,334.58328786291645,113.01319779761555,345.90240322463774,120.5038986191647,11.469265653827382,6.587774957261248,223.07980371282386,4.273656455056702,1.9033085603181015,1.8801495971411284,259905.00000000003,1.0,3.1151848085034413,2.8266640830315173,47.415228757204105,9.83647890773847,46.203352509018764,11.424523859011265,1136953.1168254393,270954.6401034031,259570.4167121371,113.01319779760765,988732.5202669147,250392.97346673012,259857.5847712428,9.836478907739302,791977.842565322,259343.77988930824
591,177.77835070013188,3.541375973646827,223.65063185788418,4.455160428466411,226.27718823894543,4.362711244390393,220.36640694876894,5.055332549899088,15.401707907001452,13.110367170228312,0.03333333333333333,0.07929507613443851,259905.00000000003,1.0,25.16670298434766,13.156681157402721,324.78495945223693,103.67727241958134,334.58328786291645,113.01319779761555,11.57780549940837,6.534888755795839,223.47901629412007,4.168439188508663,1.8599665168665576,1.909291927076921,259905.00000000003,1.0,2.9444350280280953,2.734924941808457,48.499697268365644,8.517404602196834,47.415228757204105,9.83647890773847,1116794.3338334817,277107.6663142568,259580.21504054777,103.67727241957427,999924.5735651741,252193.28221795353,259856.50030273164,8.517404602196196,801612.5630483937,270512.3011345607
592,178.11084987756752,3.2659126330600894,224.0689260742096,4.108619428111642,226.70099497521338,4.01929041699157,220.83617321739467,4.8169496297886045,16.61823836265309,16.101117276654712,0.03333333333333333,0.07929507613443851,259905.00000000003,1.0,24.165299770722218,13.048822743310568,317.20456471083446,93.06120370040013,324.78495945223693,103.67727241958134,11.672712717150596,6.463348310413527,223.88842572961912,3.9366355888290823,1.9210596188202855,1.9207598518353133,259905.00000000003,1.0,2.790026489625425,2.674988972370906,49.35910534829404,7.368906116690201,48.499697268365644,8.517404602196834,1102990.9811175184,279531.5519210822,259587.79543528918,93.06120370039328,1006023.6279386622,250316.08533806392,259855.64089465173,7.3689061166877385,809566.5371420211,278947.1090947176
593,178.39512346790303,2.96758669820531,224.42655136645823,3.7333162405304945,227.0583541416275,3.64801983656522,221.30334712645345,4.4327671131021065,18.515301426749893,20.30130599484064,0.03333333333333333,0.07929507613443851,259905.00000000003,1.0,22.421189419635468,10.775910666521913,313.26534338461556,85.90447633189838,317.20456471083446,93.06120370040013,11.53833819332022,6.609070066337419,224.3061836432387,3.5083317585771976,1.9172421575762675,1.9192774816102003,259905.00000000003,1.0,2.657565162466603,2.5097428071225854,50.08204348625459,6.511157394687033,49.35910534829404,7.368906116690201,1084177.1393178639,273972.5862684723,259591.7346566154,85.90447633189471,1007567.7062843032,249738.97417367972,259854.91795651376,6.511157394682251,812575.2194671297,282188.04002895235
594,178.61292605324547,2.6424388221192134,224.70055404820974,3.3242698132779416,227.31604251033602,3.271174553333403,221.71055051722058,3.929076547935698,20.404033635601692,23.361242117663707,0.03333333333333333,0.07929507613443851,259905.00000000003,1.0,20.82478925116669,8.874106705155311,312.8112544357173,84.91414921359251,313.26534338461556,85.90447633189838,11.377011201200341,6.766977051218156,224.60524951844687,3.1039786375718976,1.9810282207943282,1.9798424168779232,259905.00000000003,1.0,2.5360397268053934,2.377517384310805,50.61326267619533,5.867023195549661,50.08204348625459,6.511157394687033,1068720.8578395462,275180.3053664163,259592.1887455643,84.91414921358981,1000252.3089607953,262284.6056615104,259854.38673732383,5.867023195544512,807274.95266311,281273.41026207665
595,178.7617205281972,2.39895730590824,224.88774232960284,3.0179619076333406,227.50569793383252,2.9255474356295745,222.00530832982466,3.5193163219824855,21.789183089063155,23.73296550076227,0.042892124210079235,0.09148549957731149,259905.00000000003,1.0,19.66788706987666,8.220729323187062,314.8896583306937,89.3893186581146,312.8112544357173,84.91414921359251,11.256467936449551,6.917145934138692,224.8192231881236,2.7506252939842764,2.021167215907263,2.011629548959149,259905.00000000003,1.0,2.490825523561973,2.348296094500341,51.04432390124283,5.266479819298141,50.61326267619533,5.867023195549661,1052746.9405957905,278563.03309517144,259590.11034166932,89.38931865811065,987573.1670209931,277233.25789753074,259853.9556760988,5.2664798192963,805354.3113181621,281647.0292345378
596,178.84100476187325,2.2656672233358703,224.9874843082433,2.850278740956019,227.60394335493925,2.730630792064632,222.18081310250068,3.2603141536427938,22.88149589806822,23.828700597710842,0.050718200263112356,0.0975321302572823,259905.00000000003,1.0,18.963234612463342,8.414213361084276,318.7572014160354,97.34056308857015,314.8896583306937,89.3893186581146,11.151188638828785,7.054287537932844,224.92078694907022,2.5922471038848656,2.076664310003373,2.042059671254512,259905.00000000003,1.0,2.4819391260587618,2.3493719341447394,51.3988805170351,4.5984752325590295,51.04432390124283,5.266479819298141,1032562.9051971368,281061.21641412855,259586.242798584,97.34056308856351,968580.1521077509,293919.7277057368,259853.60111948298,4.598475232554996,801525.6647207347,282794.00590886816
597,178.8931612787758,2.19898257873584,225.05309888882246,2.766387366241577,227.64042386947327,2.667391766064263,222.32405811160334,3.0643725838882556,23.71389341966671,23.746654221052477,0.05712564940365771,0.10035844742672437,259905.00000000003,1.0,18.63132605549647,7.9986109488267685,323.782643130802,106.1939176764088,318.7572014160354,97.34056308857015,10.985006430544233,7.205761119794914,224.97432247679544,2.5153078226057226,2.100011934708959,2.0411891227212315,259905.00000000003,1.0,2.44697784356986,2.339781139871357,51.688720776492346,4.018784902480608,51.3988805170351,4.5984752325590295,1011361.3389584774,285625.9959618088,259581.21735686922,106.19391767640184,953229.7325625574,307598.3612520201,259853.31127922353,4.018784902478106,795255.959341554,286521.4498266065
598,178.90009664617327,2.194642036263546,225.061823690725,2.7609268726067615,227.65573032949567,2.650713445955587,222.4260575453357,2.9579125608860024,24.013543063630426,23.635135714418386,0.06237162506380529,0.10137750581826557,259905.00000000003,1.0,18.692112995545664,8.099742766249516,329.041701573823,113.70612245282376,323.782643130802,106.1939176764088,10.803135305746112,7.3661926315260535,224.97897702208954,2.5109318965855647,2.1497850398195633,2.0320447355804485,259905.00000000003,1.0,2.4027528673216696,2.34056326273618,51.879316978930646,3.6034883099600865,51.688720776492346,4.018784902480608,995578.461253606,284306.80209234747,259575.95829842618,113.70612245281698,940078.0592265712,312739.3519620518,259853.1206830211,3.603488309960571,793393.2313930957,287599.7301567161
599,178.95817521936328,2.201313630099895,225.13488783343305,2.769319783455943,227.71556082488988,2.628147575936091,222.48973163544522,2.924242249636953,24.244461731972184,23.55158472356928,0.06666666666666667,0.10137340688573189,259905.00000000003,1.0,19.01953221377422,8.570382374579108,334.19996442535427,119.74007866369953,329.041701573823,113.70612245282376,10.671814236007064,7.4332315340777875,224.96718674235595,2.517662154006397,2.185038014881206,2.0240651372354956,259905.00000000003,1.0,2.3605022109823985,2.3434963449858937,51.98811450836517,3.353014004001611,51.879316978930646,3.6034883099600865,979398.6337468377,277978.78246184724,259570.80003557468,119.74007866369243,925884.4011051625,312046.8570539431,259853.01188549167,3.353014004001574,783707.4194169206,290878.9180509779
600,179.06851972986584,2.268656656010168,225.2737038466141,2.8540388533895213,227.82920385772456,2.680300249932749,222.59646741806833,2.9497778477806746,24.805324134335194,23.562316129528032,0.06666666666666667,0.10137340688573189,259905.00000000003,1.0,19.213111383995308,8.786519261077315,339.72551050902746,125.48007101986583,334.19996442535427,119.74007866369953,10.56781412033062,7.482816942271166,225.04004631299537,2.5282593670390336,2.2304924658704337,2.0038889295434665,259905.00000000003,1.0,2.2519657978704632,2.295735643434195,51.94292117369854,3.433247981655179,51.98811450836517,3.353014004001611,968854.3513738093,277044.3585106668,259565.27448949098,125.48007101985941,916922.5764106215,314158.8214452812,259853.05707882633,3.4332479816540458,773905.9039516384,296907.5297141478
601,179.27943002943408,2.5168270948380758,225.53903452686066,3.166243805290718,228.03568948130797,2.9255178993933986,222.82119484067616,3.1318665829651495,26.15799412263966,24.19627252513817,0.06666666666666667,0.10137340688573189,259905.00000000003,1.0,19.482245100223423,9.219781151628062,346.33459286477705,131.85632639000002,339.72551050902746,125.48007101986583,9.990116041419164,7.120762856853498,225.2548929080155,2.6719621296672877,2.2415568757140747,2.0000701018256932,259905.00000000003,1.0,2.1057509533664702,2.122899192480088,51.740448584684266,3.586265756078914,51.94292117369854,3.433247981655179,958026.0979208566,270284.07477947796,259558.66540713524,131.8563263899946,904852.4937940612,310403.3984898299,259853.25955141534,3.5862657560775664,757844.6484820222,302482.33969449846
602,179.55289342978958,2.9709603543614582,225.88305902149605,3.737555854574827,228.37202445174722,3.5039387276907235,223.12972262975393,3.4887533931608723,27.342579845169265,24.48086624046933,0.06666666666666667,0.10137340688573189,259905.00000000003,1.0,19.668517346853708,9.523321440757947,353.94198869642594,138.32009387534418,346.33459286477705,131.85632639000002,9.640856628155838,6.882975596582898,225.59279853892662,3.0345425931600487,2.1993052112879807,2.006014844219442,259905.00000000003,1.0,1.9618711306916,1.9445761806714867,51.436347837421216,3.567655784038076,51.740448584684266,3.586265756078914,955732.386381716,267745.686230131,259551.0580113036,138.3200938753393,898564.4321969479,305579.2655393686,259853.56365216261,3.5676557840371244,750113.711008996,304131.1105042428
603,179.9129440757132,3.4341157186289464,226.33601310658588,4.3202189496080985,228.78901585720962,4.190605545015475,223.54861200213278,4.000874668872511,28.769723399421725,25.107665691092915,0.06666666666666667,0.10137340688573189,259905.00000000003,1.0,19.84717471066037,9.663509105003476,362.79787071852064,145.69205845692204,353.94198869642594,138.32009387534418,9.236140721086077,6.577734047422689,225.98717891522807,3.6231244228335737,2.084725664593628,1.9451036025519488,259905.00000000003,1.0,1.755517351644842,1.553334400047336,51.04047285780576,3.2720542251212503,51.436347837421216,3.567655784038076,946194.6483270327,257390.99896737488,259542.2021292815,145.69205845691644,884456.6248355712,295853.0431640733,259853.95952714223,3.2720542251182985,733061.8907055544,304191.80210050807
604,180.37912122199154,3.8724757191345263,226.92247785197014,4.871689356024146,229.31659289392783,4.861230576440783,224.11444295771744,4.501472841186994,29.90904719811584,25.34127850060403,0.06666666666666667,0.10137340688573189,259905.00000000003,1.0,20.307004139345747,10.127128518615184,372.33324711062403,152.93866930215296,362.79787071852064,145.69205845692204,8.665817589789565,5.943734834071404,226.49872024966675,4.2094758205215586,1.8691774102282515,1.6988592145952488,259905.00000000003,1.0,1.6283208128783977,1.2875117311615905,50.73294959378924,2.9236552079421205,51.04047285780576,3.2720542251212503,926020.316634008,232865.98776050736,259532.6667528894,152.9386693021459,865201.2867187962,285851.0742204657,259854.26705040623,2.9236552079422657,709692.8011148386,302219.66734573117
605,180.9217939759077,4.224804700990477,227.60517660727845,5.314930361046077,229.93245621795015,5.411533453050601,224.7633841828644,4.933270851454003,30.56736425170542,25.33183972168437,0.06666666666666667,0.10137340688573189,259905.00000000003,1.0,20.45099931569198,10.245690880719474,382.3829453799708,159.67632512367575,372.33324711062403,152.93866930215296,7.969465521963477,4.919992110455449,227.08662113623978,4.7253751487762905,1.717861315591268,1.5188832308128906,259905.00000000003,1.0,1.5296788916738262,1.130330636322314,50.478100503205134,2.591767438260938,50.73294959378924,2.9236552079421205,899903.4189882952,194063.26891638772,259522.61705462006,159.67632512366757,841399.7352081934,270821.548672074,259854.52189949682,2.591767438258964,686418.6057744317,297733.3796228608
606,181.42914593911908,4.469975826974215,228.24344066459867,5.6233636690473965,230.5491835646188,5.809102470470738,225.41751979956962,5.243766533550832,31.021802037240445,25.186340830810252,0.06666666666666667,0.10137340688573189,259905.00000000003,1.0,20.183568988607824,10.075335770231481,393.15451176193676,165.6560947994622,382.3829453799708,159.67632512367575,7.585714249303448,4.681024523401457,227.69506521748394,5.058800216626594,1.6010071407683357,1.3527948389272957,259905.00000000003,1.0,1.4604578222402742,1.0832808150827111,50.26132572713366,2.3981504375485003,50.478100503205134,2.591767438260938,879190.2415308786,167619.41984320767,259511.8454882381,165.65609479945502,821883.8279048624,265053.864366239,259854.7386742729,2.3981504375468177,673878.7795071072,296464.30513848964
607,181.85098643910288,4.537225574488092,228.7741290651274,5.7079659621201095,231.0881666720629,6.029177281597153,225.94988570166635,5.396952110630853,31.798948292950957,25.057356637844112,0.07622545754341258,0.10816297055992431,259905.00000000003,1.0,19.981751823149235,10.071463785478198,404.8954827741951,171.6340332256537,393.15451176193676,165.6560947994622,7.092978591232561,4.257564600913958,228.2559429334193,5.322716440310529,1.6280641470895147,1.4070086486502196,259905.00000000003,1.0,1.4178503345181268,1.0849751058369337,49.95750159008908,2.4927590884022504,50.26132572713366,2.3981504375485003,862282.0776193514,144714.59215882246,259500.10451722582,171.63403322564886,800678.9105690554,264393.92445594334,259855.04249840992,2.492759088399491,668636.3193544033,295908.438737603
608,182.2628145034191,4.617647409039758,229.292221637111,5.8091385104733755,231.61052455010116,6.208851916384376,226.41628301741926,5.439646612088287,32.17787572165655,24.87424423274928,0.0840515335964457,0.11091626849562004,259905.00000000003,1.0,20.115366246053103,10.20998581360934,416.87394071620207,175.99293004703642,404.8954827741951,171.6340332256537,6.732749203645243,3.942565324074725,228.72854748035704,5.464929210193911,1.697465993172477,1.481628570620932,259905.00000000003,1.0,1.4372486822222237,1.0786156514050464,49.589440429472056,2.8748010714618673,49.95750159008908,2.4927590884022504,849414.4657036638,127919.82790112322,259488.12605928382,175.9929300470312,785389.2866979914,264164.29497124226,259855.41055957056,2.874801071459047,665192.1024626121,296758.843999258
609,182.63508773239698,4.660615510100496,229.76055272353636,5.863193349659432,232.13464886785582,6.360254449911475,226.83020499131888,5.506819956637692,33.182390512079024,24.574530796159962,0.09045898273699104,0.11144427805049505,259905.00000000003,1.0,20.220450075157956,10.261510714317161,429.7454221703862,179.67306349673987,416.87394071620207,175.99293004703642,6.5257303920153555,3.9471034224370514,229.2111696316099,5.666067909291149,1.825161583263364,1.536450180215613,259905.00000000003,1.0,1.4486235663391653,1.0718035555964818,49.09340513808039,3.5174387778131533,49.589440429472056,2.8748010714618673,846842.2783608496,126305.32809450204,259475.25457782965,179.67306349673387,780130.5886341349,266296.5276735611,259855.90659486194,3.517438777811877,670968.6740365326,294313.9658455902
610,182.97397246864222,4.708522696232597,230.18687963862402,5.923461781569624,232.62022601929974,6.45758417105589,227.2446736765409,5.552651557364266,34.09228358347074,24.025257971516794,0.09570495839713862,0.11074121365322016,259905.00000000003,1.0,20.586563978443795,10.360771765314086,443.155436817016,182.1484809782174,429.7454221703862,179.67306349673987,6.421515726219105,3.9757361351222307,229.66150477022708,5.786820283061845,1.9096016510884315,1.5405685988986142,259905.00000000003,1.0,1.4840870808239197,1.050600440043745,48.53885227608541,4.215854918353117,49.09340513808039,3.5174387778131533,846167.4805469677,126685.27846296121,259461.844563183,182.14848097821076,777079.9423716047,268891.31169879186,259856.46114772392,4.215854918349876,676611.5621833885,289981.17450396967
611,183.28827685395376,4.716626754251618,230.58228374659444,5.93365704605064,233.09534231611715,6.485111085302443,227.68799408803483,5.498729202976108,35.22726850071871,23.394990574449203,0.1,0.10939184418118776,259905.00000000003,1.0,20.853923103191093,10.31345137348814,457.42878221454356,183.8715526914727,443.155436817016,182.1484809782174,6.030310666354102,3.6512018703922426,230.11155608571994,5.889950705976612,1.950058958778567,1.5343648593915682,259905.00000000003,1.0,1.4879622607605887,1.0490339588614446,47.9434222447341,4.869803345863959,48.53885227608541,4.215854918353117,845292.9302222915,126999.86080856377,259447.57121778547,183.8715526914652,773815.0166787,271509.4629412586,259857.05657775528,4.86980334586189,683614.4602966423,284634.2889126618
612,183.55922904473115,4.702338825230305,230.9231495173141,5.915682558614432,233.49696376753369,6.468481774435907,228.07638628810736,5.47037109640101,36.414353496548266,22.595228746138222,0.1,0.10939184418118776,259905.00000000003,1.0,20.72419462946756,10.324392971393129,473.0189410816243,184.51265654239333,457.42878221454356,183.8715526914727,5.705413547512614,3.504503969327436,230.51078299079296,5.944620911065952,1.9636188734185798,1.5291439422284951,259905.00000000003,1.0,1.4911349897484505,1.0471275883985989,47.33760502773064,5.444401972772451,47.9434222447341,4.869803345863959,838174.4934046362,130623.61645783005,259431.9810589184,184.51265654238492,765163.586181503,277650.0494301332,259857.66239497229,5.444401972769486,688206.9604340778,280379.3309405331
613,183.72394115680896,4.689688827605679,231.13036198503025,5.899768712604078,233.7669940529833,6.420823994606083,228.39266586817087,5.41393223433926,37.76553778717435,21.717733675942455,0.09044120912325411,0.1049480803777666,259905.00000000003,1.0,20.49589570293111,10.447743801293935,490.1981419567443,184.39597802111916,473.0189410816243,184.51265654239333,5.423809185623178,3.3911130802534464,230.84521981218654,5.934475165882248,1.9868054090049383,1.5187783248529514,259905.00000000003,1.0,1.4962584261267167,1.0428663169473404,46.71372471151908,5.983898342603844,47.33760502773064,5.444401972772451,828939.87286598,130072.6801634482,259414.80185804327,184.39597802111143,753711.9317437293,285650.76344724395,259858.2862752885,5.983898342602264,692195.9076802694,278292.78370894014
614,183.83106006448892,4.6694605930035955,231.2651206340416,5.874321078168206,233.92000006887676,6.389685811809151,228.60463649974892,5.362965921297881,38.61509068582691,20.92832475780338,0.1017327148237128,0.1349485110092494,259905.00000000003,1.0,20.533438046616478,10.429980923561113,508.178061881131,182.7853540509193,490.1981419567443,184.39597802111916,5.20280982522014,3.358273959614929,231.05447392240256,5.88814998340185,2.014357072562283,1.5038023549728607,259905.00000000003,1.0,1.4969366584050299,1.042183702042344,46.062970964028494,6.508078818213583,46.71372471151908,5.983898342603844,820205.493759544,128193.60903159258,259396.8219381189,182.78535405091168,742584.7699602233,290140.57389735006,259858.937029036,6.508078818212201,694017.1597492793,277738.8551668444
615,183.89242320173474,4.6505546185839055,231.3423173548244,5.850536785944373,234.0294958105191,6.359936356271262,228.7505960248653,5.326388034909265,39.5355496116549,20.10973066957708,0.11097741778923366,0.15001950140224607,259905.00000000003,1.0,20.66942018344151,10.344653479940996,526.9332138915552,179.84681191942107,508.178061881131,182.7853540509193,5.048021399493124,3.3876637461977723,231.20700055455345,5.84765940654042,2.040430949461151,1.4840800209347729,259905.00000000003,1.0,1.500017773613737,1.038919287295619,45.38922445484775,6.993675344221001,46.062970964028494,6.508078818213583,813655.9569224042,123743.06539119045,259378.06678610848,179.84681191941365,732467.1590150215,290797.334150804,259859.61077554518,6.993675344219151,696889.9790621878,277641.78331799526
616,183.92230896560562,4.639920957427368,231.37991464858266,5.837159265820594,234.08425077080372,6.34186722814231,228.8085591304775,5.3125374043363545,40.22803899939575,19.277222234506667,0.11854634041017681,0.15795934307316306,259905.00000000003,1.0,20.85009193658837,10.206124115391626,546.1926146139524,175.03119541335505,526.9332138915552,179.84681191942107,5.0816127541860014,3.364292280588876,231.2630351316305,5.82800224202052,2.0723278822682594,1.4515039816159163,259905.00000000003,1.0,1.5226486162036637,1.0121677010179129,44.706211855449816,7.414710285504931,45.38922445484775,6.993675344221001,808168.9919505711,123329.96110186592,259358.80738538608,175.03119541334874,723803.7409754527,292489.36462920986,259860.29378814457,7.4147102855034435,699492.5404617577,277021.3726910937
617,183.9203997806888,4.640840344857374,231.37751319687752,5.838315709090462,234.09715974112714,6.3375565774854925,228.8210735539256,5.3086340641227245,40.894846991920936,18.480194511470458,0.12474325012761057,0.16197322609210582,259905.00000000003,1.0,21.254913421987084,9.96727545507333,565.7078049337586,168.08260302148452,546.1926146139524,175.03119541335505,5.158890297816921,3.3103762883445205,231.28078050195109,5.822192012889275,2.0914099167942775,1.4268748638446132,259905.00000000003,1.0,1.5411771830001035,0.9881356212605246,44.02264578832231,7.752074613610345,44.706211855449816,7.414710285504931,806621.6658635997,124112.98189767826,259339.29219506626,168.0826030214805,712544.3337599484,294176.96389844007,259860.9773542117,7.752074613606329,696939.4538445245,277239.66724317963
618,183.91302981522875,4.6447376408462935,231.36824183349137,5.8432184820022135,234.092127613014,6.339718063223526,228.8094530171218,5.312492740221618,41.333307408296555,17.827893262558565,0.13333333333333333,0.16196296404250932,259905.00000000003,1.0,21.637663658619456,9.604006737007516,585.2701153501024,158.64599613349017,565.7078049337586,168.08260302148452,4.827723547778575,2.946996523711101,231.26564215266578,5.828902202089318,2.1,1.41457265648252,259905.00000000003,1.0,1.5719481895542882,0.9522079151535235,43.361260644543265,7.979340623616775,44.02264578832231,7.752074613610345,814776.5371437179,123060.99621959579,259319.72988464992,158.6459961334881,707725.5134626138,291990.48683053104,259861.6387393555,7.979340623611131,698877.4013820145,277951.2754363779
619,183.9369950123663,4.639601951430192,231.39839091814054,5.836757598184773,234.12322166436596,6.330845706249909,228.8160353539114,5.310826905692528,42.0364049067535,16.77088519610132,0.13333333333333333,0.16196296404250932,259905.00000000003,1.0,22.88140446605247,10.828469311960486,604.29178245747,144.2351026461595,585.2701153501024,158.64599613349017,4.658217362123486,2.7067251638755794,231.27412374363158,5.825249229998347,2.1,1.41457265648252,259905.00000000003,1.0,1.6544941041838388,0.9442589551437501,42.78242141539377,8.014359146753419,43.361260644543265,7.979340623616775,828875.7560538042,126331.55956833133,259300.70821754256,144.23510264615982,683759.9390246421,237105.37789802556,259862.21757858462,8.014359146749445,678430.1801570336,245643.9498005111
620,184.0967894661886,4.649567050434833,231.5994172036091,5.849294254977146,234.30842986696598,6.338594640837106,228.92080116261266,5.303987864555197,41.26237998927165,16.451755174124983,0.13333333333333333,0.16196296404250932,259905.00000000003,1.0,25.012127904167446,14.530309329003789,620.4087012092409,128.92111328178933,604.29178245747,144.2351026461595,4.82784456873131,3.266021612122153,231.3326505757511,5.81357753364565,2.119117581753492,1.3888548022910532,259905.00000000003,1.0,1.8332659909069404,1.1512140173542205,42.36323649121388,7.869064237521511,42.78242141539377,8.014359146753419,857038.3426560226,181153.76596275426,259284.5912987908,128.92111328178896,686518.8262994603,244944.77751927075,259862.6367635088,7.869064237516386,666504.3559226971,220697.74198960126
621,184.36159092020299,4.72278211730413,231.93254535883466,5.941401794691177,234.61729023909257,6.392503035970294,229.17863438784892,5.371771488223256,41.16955043740996,16.402061469992688,0.13333333333333333,0.16196296404250932,259905.00000000003,1.0,26.867805717131166,16.46887499822861,634.5771125961865,112.86070687969831,620.4087012092409,128.92111328178933,4.949141166109787,3.524433778220218,231.57223943915318,5.827780968172116,2.15388731561305,1.3463810478604725,259905.00000000003,1.0,1.9378803861999214,1.2926077334260582,42.013896228467424,7.588242732486726,42.36323649121388,7.869064237521511,878471.7178697693,203886.36015932952,259270.42288740384,112.86070687969698,687338.6961892322,246761.61921838665,259862.98610377155,7.588242732482491,653764.9712696434,196235.3957893319
622,184.732147615541,4.820611581746156,232.39871701162255,6.064474934773901,235.0618348702253,6.49186581352678,229.55448339327344,5.479096495458782,40.60669257111745,15.689470195946889,0.13333333333333333,0.16196296404250932,259905.00000000003,1.0,28.47169852563933,17.19804459484128,646.5787733083312,98.76988121825653,634.5771125961865,112.86070687969831,5.104812508826451,3.7725486747010426,231.9308976546201,5.905892938608141,2.1058840389862397,1.3351041990772887,259905.00000000003,1.0,2.0235314088409417,1.3509367327880448,41.80776905586554,7.4017071453246706,42.013896228467424,7.588242732486726,890905.8754983168,213587.1155005609,259258.4212266917,98.76988121825349,689449.9846639305,249953.71750931875,259863.19223094414,7.401707145321207,638462.3879752284,167429.73310146862
623,185.17649465243161,4.921227506744139,232.9577190397236,6.191053932055928,235.6240060136763,6.6230837676469045,230.03777725095574,5.645750302129115,39.48883278146116,13.45457968642784,0.13333333333333333,0.16196296404250932,259905.00000000003,1.0,29.843742806389486,17.489479240181062,656.0905299500695,88.76296544853362,646.5787733083312,98.76988121825653,5.39907527736752,3.9228678485283215,232.39885397110203,6.029911540593318,2.0856998619168525,1.332222656488888,259905.00000000003,1.0,2.000594451926986,1.3242041600438137,41.60671517947212,7.1768106985693025,41.80776905586554,7.4017071453246706,895332.9683905517,214948.85299561187,259248.90947004996,88.76296544853315,685792.7870773443,246951.73075135806,259863.39328482054,7.176810698565327,618524.3562774166,137567.9787446998
624,185.6872791825015,4.916183564472711,233.60030162766753,6.184709598746163,236.27747913190166,6.62442924016939,230.62414528401817,5.760655452986481,38.074220374590766,10.802568090685114,0.13333333333333333,0.16196296404250932,259905.00000000003,1.0,30.62553269136209,17.04374454344219,663.4058842999649,83.15225885612838,656.0905299500695,88.76296544853362,5.649109900735558,3.984116082024065,232.9661270507458,6.073278732860288,1.9927041284106064,1.2378034032121599,259905.00000000003,1.0,1.9989515275504182,1.322509326918129,41.50342156134892,7.057344823965895,41.60671517947212,7.1768106985693025,892948.5745156048,216162.29209579495,259241.59411570005,83.1522588561273,688937.4916364573,244696.30963762742,259863.49657843867,7.0573448239629775,606123.9839951252,139504.44272890742
625,186.2347219107205,4.821103752772105,234.28900156457732,6.065097169138511,236.9594943817627,6.452779822511309,231.28363546504428,5.785838661964319,37.4471209388111,10.753499941099435,0.12377454245658744,0.1610551231102849,259905.00000000003,1.0,31.005138982956414,16.634185159446695,669.724091713363,79.50627675921183,663.4058842999649,83.15225885612838,5.747335799779593,3.908004288987014,233.5988896467792,6.0145562110153135,1.8999739053152287,1.1746848700235313,259905.00000000003,1.0,1.955408623086197,1.2991039308745762,41.46412002839377,7.01270357691424,41.50342156134892,7.057344823965895,880642.6292488136,233540.00443279615,259235.27590828665,79.50627675921098,680414.8243440727,255836.79403666552,259863.53587997163,7.012703576911169,588674.1795081479,155948.0845875214
626,186.84156704738524,4.657495105763587,235.05243144405054,5.859272666003256,237.7209677850204,6.163894416464312,232.01837102364723,5.687779259945862,36.87213055812165,11.029280325115577,0.11594846640355433,0.1611792558466345,259905.00000000003,1.0,31.522265098989827,16.07921023087475,674.9006559608307,77.16301707404068,669.6667389681024,79.47237927063897,5.932903063719883,3.7969571800810993,234.2777914129939,5.850198110315057,1.8170198546352367,1.1106331714868936,259905.00000000003,1.0,1.9816185930907797,1.3095566619576364,41.55566242465584,7.112195593863639,41.47367881927052,7.022979983673698,873120.1220871819,242796.62450254383,259230.0993440392,77.16301707403875,676310.0922578486,260593.98911192713,259863.44433757538,7.112195593860391,573926.6819182392,168930.54123390885
627,187.46246138230444,4.524846671696786,235.83353513820018,5.692397466766205,238.51480783823988,5.812309271215906,232.81520761542996,5.652213528854354,36.25878031291129,11.712747495916142,0.11909980813975486,0.16362761238380108,259905.00000000003,1.0,31.37068789814096,16.176128437812316,679.5653393658827,74.79381317288777,674.7963467592521,77.10677642045123,6.012423356566524,3.7426916994098622,235.01759812968766,5.671131726833856,1.7676758925424876,1.118307013349439,259905.00000000003,1.0,1.9839599198172913,1.310691982318089,41.713123634930746,7.299565526291603,41.57304729158562,7.132255566681905,866646.188493518,251522.39477390138,259225.43466063414,74.79381317288556,671408.2703197033,265906.73669230647,259863.28687636508,7.299565526288707,562838.4603584809,181623.3430293168
628,188.05726026824527,4.3633697423707165,236.5818103020965,5.489254133209736,239.29037466288875,5.501388380896199,233.59548136820703,5.560899777523414,36.24426098747385,11.734058708151563,0.12167990853264041,0.16485764814818984,259905.00000000003,1.0,30.874338649609566,16.367014061507255,684.6708278987924,71.29294206233877,679.4225854694607,74.72662280359968,6.175642800166017,3.6655373637507065,235.7720555929617,5.487114455266791,1.7489198806366535,1.1101197217808412,259905.00000000003,1.0,2.0079663889486516,1.3123132222928902,41.915441960166795,7.520887193097696,41.73691595100107,7.328361886477064,856362.0947522856,260907.10424650344,259220.32917210122,71.29294206233625,661099.6312858075,273370.086409777,259863.08455803985,7.520887193095893,552356.4027118244,188022.84207834912
629,188.53492909332158,4.238520126058367,237.1827321956755,5.332188715320092,239.96445618692752,5.255649142067534,234.30083005889475,5.366139634822344,37.42098338886079,11.750541739501701,0.12379231607032438,0.16535795852883012,259905.00000000003,1.0,30.17669138956009,16.61391293377899,691.6170978316399,66.82191063212532,684.4965981484095,71.22146892437955,6.253458001404155,3.6670464076303624,236.52015807552476,5.269000506416293,1.8190483633128216,1.2053900690610426,259905.00000000003,1.0,2.0039965020385195,1.3137983200243861,42.04537685702652,7.623728275983718,41.94448025189727,7.5559562281227795,851028.9004635182,262648.1732833726,259213.38290216838,66.82191063212312,650887.6989758749,276228.8095829633,259862.95462314298,7.6237282759828995,547788.6077556779,189773.54347684557
630,188.8551265769683,4.0869335860243226,237.5855504512038,5.141487604103362,240.44854363340423,5.032651256112704,234.80700041362255,5.153294577073981,39.26787196148083,14.997975211536241,0.12903829173047196,0.1637841638107196,259905.00000000003,1.0,29.570885807959016,16.897201518192137,700.9850456934313,64.9371014002611,691.4170978316399,66.74141978515375,6.399680334959473,3.727971511768192,237.09577869960148,5.07060791184689,1.9182163548994924,1.3380345994488407,259905.00000000003,1.0,1.981628651785461,1.3254315205554474,42.05166350450883,7.626722069840699,42.07871019035986,7.6622893282956035,854243.281008759,263094.89306274743,259204.0149543066,64.93710140026019,644140.6393838816,277063.18189214554,259862.94833649552,7.626722069839823,557040.3203710424,191950.1272960816
631,188.98722560000496,4.023565750252715,237.75173533600352,5.06176855709687,240.69560429042627,4.897856173678169,235.09779624526203,5.027479877745834,40.49430173001506,17.720538505780077,0.13333333333333333,0.16196296404250932,259905.00000000003,1.0,28.620231545803264,17.24060154025203,712.5257825443097,69.98427323963735,700.7850456934312,64.88414987419371,6.452039374491668,3.733730046495849,237.43964686418943,4.924086693865937,2.0185258210859702,1.4331695275969598,259905.00000000003,1.0,1.9170566190427414,1.3458251780522552,41.8878226774018,7.586320465968613,42.08499683784216,7.6652397805403885,854483.3071815028,263203.7938698758,259192.47421745572,69.98427323963529,635617.8051389155,275274.18079690234,259863.11217732262,7.586320465967689,572602.2642628354,199598.2490240929
632,189.0106955087362,4.019194699762441,237.7812616925126,5.056269503647279,240.75739503223346,4.882085763401418,235.22357536361937,4.9762568522768476,41.537000441247486,19.170567918486697,0.13333333333333333,0.16196296404250932,259905.00000000003,1.0,29.16324553481837,17.76645357132278,724.5662041174055,76.32879579549511,712.3257825443097,69.96927714952375,6.579401279725583,3.89197542583983,237.59327683456175,4.86694925386497,2.1041687485236875,1.466021700839469,259905.00000000003,1.0,1.909457638846526,1.344159782466972,41.62644490105797,7.530489141074425,41.92115601073513,7.625783169114146,848411.1471222175,256734.68693224105,259180.43379588262,76.32879579549596,622693.722969134,264737.9777342669,259863.37355509895,7.53048914107383,580656.0271745732,204532.13543826755
633,188.98719520143536,4.020618720590265,237.7516979318615,5.058060974370254,240.72155893224814,4.884495614668574,235.2514455475549,4.971786321650612,42.00293887635281,19.794252879668814,0.13333333333333333,0.16196296404250932,259905.00000000003,1.0,29.992508515905158,18.363631110331703,736.2433011445198,83.90251594435897,724.3662041174055,76.34768205352795,6.62587749745157,3.921133381871241,237.64647519312612,4.8633998662001865,2.1924141716927745,1.5037646308203445,259905.00000000003,1.0,1.8971938118371199,1.3452773073024573,41.26455787453565,7.485864526428584,41.659778234391304,7.571433383934059,843593.884664325,253507.9228265524,259168.75669885552,83.9025159443591,615277.1440407814,260352.54009542987,259863.73544212547,7.485864526427969,590346.5550308081,206707.5464076499
634,188.91559388152018,4.012614114775161,237.66162147569534,5.047990992786529,240.61178585986065,4.879506118820953,235.213715934993,4.970560186527676,41.997603911153256,19.791646153572533,0.14289212421007924,0.16228434423606042,259905.00000000003,1.0,30.41975435520478,18.669668299552796,747.4782585762582,90.17224680967931,736.0433011445198,83.94848165016285,6.697112518528122,3.949799612059236,237.61140479429145,4.8626502816489,2.2435645175836143,1.4791091381953705,259905.00000000003,1.0,1.8524343586531191,1.3415791576016851,40.80676104893848,7.373430589889735,41.29789120786898,7.528709199957202,839008.407100166,253293.251527856,259157.52174142376,90.17224680968013,610949.3862349002,259422.0748455506,259864.1932389511,7.373430589890183,601269.7058726617,204708.87057936616
635,188.84317294292316,3.9870321159011137,237.57051377047333,5.015808080067133,240.49927720523766,4.854254347676259,235.15541208104895,4.956608407035533,41.60181741444617,19.955938825956657,0.15071820026311236,0.16081026097497003,259905.00000000003,1.0,31.04576794132834,18.98965855058399,757.6835898491129,93.60783372263143,747.2782585762582,90.24078031678819,6.723786477165547,3.944776836493892,237.5273693320364,4.852433528414522,2.2427005755807357,1.4796422830330345,259905.00000000003,1.0,1.8323801740091934,1.3443860265750038,40.329773980700274,7.202039185810314,40.84009438227182,7.419052861940588,834552.556975024,254669.49229853164,259147.3164101509,93.60783372263177,617353.0532335253,263176.17356420035,259864.6702260193,7.2020391858109125,616210.2104070622,206228.78573622296
636,188.78065160566686,3.969688729206646,237.49186009625757,4.993989566952194,240.41216537794833,4.831451597093562,235.09432939354815,4.9413350918431895,41.72540447475971,19.891664978153088,0.15712564940365772,0.15840947711450368,259905.00000000003,1.0,31.6536956931738,19.00063689821306,767.3981729812951,95.71130355235402,757.483589849113,93.69639143222129,6.73705713359288,3.939133840422501,237.4887292729612,4.844012830892447,2.244519065278825,1.4792138454595758,259905.00000000003,1.0,1.826510644251343,1.3476948690224302,39.85465768388288,7.060524040991218,40.36310731403361,7.2510089503580755,830637.8653232708,256085.38659819128,259137.60182701872,95.71130355235415,620619.5987185738,263759.24959706224,259865.14534231613,7.060524040992236,624767.0152084753,207468.9507118414
637,188.74784901818703,3.974768107065069,237.4505933072647,5.00037960129124,240.35062610966608,4.8323047316179935,235.08480785217122,4.941501184702202,41.63135219007784,19.91147513274673,0.1528128341870594,0.15650816138679283,259905.00000000003,1.0,31.78427384141355,18.91143291555044,776.8924384957724,98.58376847909764,767.1981729812952,95.81889525751194,6.694630476971148,3.9800466071332354,237.45682121256453,4.838569781782258,2.150420009951347,1.4060582970001756,259905.00000000003,1.0,1.8267567309019286,1.3474937616361387,39.491271395973314,7.076894090484103,39.88799101721621,7.1127722259889925,824495.9369798684,258507.40422315925,259128.10756150426,98.58376847909965,623814.111511783,262841.43108394765,259865.50872860404,7.076894090485777,629305.5277529475,208912.7046387532
638,188.64221501510846,4.007108944139328,237.31770252662199,5.041065437383033,240.24338460147163,4.848035683343697,235.03097656036852,4.966308739977148,44.02438100079415,22.156755471010353,0.14928179973688765,0.15578836816519853,259905.00000000003,1.0,31.366091566161526,19.039838931478766,789.2014461306682,105.24220790447974,776.6924384957724,98.70813102177405,6.686045015490173,3.9841592547884375,237.44327704723884,4.840025913827778,2.0819463533346103,1.3515161772809456,259905.00000000003,1.0,1.811357110503205,1.3554428262768854,39.19519266947535,7.172534064618131,39.524604729306645,7.130779767782649,835874.6522786953,266370.9479228232,259115.79855386936,105.24220790448197,630009.6146366895,263658.179905153,259865.80480733054,7.172534064619651,652437.3123511628,235879.8223083583
639,188.54931205921068,4.041466334889363,237.20082795242445,5.084288068396539,240.10273707515321,4.87178967285147,234.95218454543075,5.006891123894203,45.64906960044312,23.63590419206709,0.1428743505963423,0.15789999674637054,259905.00000000003,1.0,32.87440509273728,20.393111309829052,801.6332362877777,111.94422154769843,789.0014461306681,105.38288015304354,6.6911004506078,3.9799928930647543,237.3287995642407,4.855948748500698,1.9972084922565487,1.2855410056159886,259905.00000000003,1.0,1.8414912709113285,1.3465985858208442,39.025639389264256,7.263792592736825,39.22852600280868,7.22711936108116,850822.4194192905,281473.8348629857,259103.36676371226,111.94422154769993,640306.6425872965,268431.56143184815,259865.97436061077,7.2637925927379845,671666.5283446955,256887.73898123883
640,188.47883999549302,4.060240281514893,237.11217210956804,5.107906366091055,239.98027939898887,4.897089407371831,234.89168691088088,5.031627072820911,47.2488795798224,24.370465766454274,0.13762837493619473,0.16000182539485652,259905.00000000003,1.0,34.95969237052258,22.975636195775632,813.5847951221413,116.44250416526955,801.4332362877776,112.09942922107908,6.685680699932045,3.9840920794411665,237.24611810484384,4.870933027849939,1.9479392382566716,1.265767222941298,259905.00000000003,1.0,1.8435289703561406,1.3459300498378504,38.916934079760864,7.337902520973359,39.05897272259759,7.318496123601813,868985.8720235081,293248.81046547904,259091.41520487788,116.44250416527002,649938.5773238597,268883.3679235323,259866.08306592025,7.337902520975563,687086.7862824079,262630.7231729797
641,188.4751174157308,4.060780548303058,237.10748903777997,5.108586036035066,239.90441183928516,4.908829182656119,234.8987407979852,5.029708070874562,47.95668611551226,24.42962191989624,0.13333333333333333,0.16196296404250932,259905.00000000003,1.0,37.17810425002251,24.9089004616315,824.0300436542977,118.61410731035508,813.3847951221413,116.61293042656744,6.688276348671814,3.98191315110338,237.182708318234,4.874096380360321,1.9136432930564957,1.2695857173651965,259905.00000000003,1.0,1.8834324610641215,1.341906207605943,38.88672324776849,7.358607657591761,38.950267413094195,7.392564710983622,883830.2068762949,300222.88400586887,259080.96995634574,118.61410731035312,659784.5964602345,269256.2539205732,259866.11327675224,7.358607657593891,696290.1634870956,263335.3876154251
642,188.53246158707154,4.054996539663728,237.17962986137152,5.101309523364521,239.8936071720245,4.911105257932837,234.95434048372405,5.020877038936777,48.31118688631354,24.36701622803679,0.13333333333333333,0.16196296404250932,259905.00000000003,1.0,39.20621484657447,25.75625888760269,832.8016823607035,119.34298062658921,823.8300436542977,118.79961023181635,6.700950934057286,3.9688903612756294,237.1790820588048,4.874213681610956,1.9111701835986084,1.2703096945293622,259905.00000000003,1.0,1.9473048742768668,1.34048230458409,38.92285793844675,7.3355199375573,38.92005658110182,7.41325770244067,900176.5340367983,301614.30577509146,259072.19831763933,119.34298062658632,674253.5958900399,269330.7166983276,259866.07714206158,7.335519937559696,709669.2360272806,263308.39243082295
643,188.6795463958921,4.031057324425937,237.3646671119875,5.071193203754454,240.01276489550472,4.871213313583379,235.1178113737358,5.002519280149957,47.90491459157488,24.551796893931325,0.13333333333333333,0.16196296404250932,259905.00000000003,1.0,41.19699131746685,25.869631969730527,839.1762723014781,119.21667618388834,832.6016823607034,119.5425347173137,6.809441741247067,3.8991302122795877,237.26164691805153,4.866119669413512,1.8925536166609382,1.2781188491999966,259905.00000000003,1.0,2.0257497302929615,1.335662036112554,39.05605405207877,7.258085961041766,38.95619127178008,7.39017210970729,909256.2289047202,299552.9751253706,259065.82372769853,119.2166761838872,696381.4443533042,273048.67491813464,259865.94394594795,7.25808596104351,718586.1238589868,264302.0060206738
644,188.90193500904812,3.9779244444699313,237.64443889210617,5.004350346320031,240.2257468800359,4.7777752496877985,235.38520083516482,4.957257131197149,47.59977595359173,24.814585414471196,0.11421575157984154,0.14065983755086212,259905.00000000003,1.0,42.49981566846422,25.554993050456133,843.9620168350258,118.51722166301005,838.9762723014782,119.42748520960572,6.900792327104315,3.825685992049743,237.47785271162908,4.805854800879075,1.8687435269768768,1.2899743068198721,259905.00000000003,1.0,2.1272194527798063,1.3307842126522462,39.3145299778817,7.126308528938893,39.0893873854121,7.312688762404376,915691.9564469312,297422.3019359633,259061.037983165,118.51722166300839,713645.8481454172,274542.42035572045,259865.68547002214,7.12630852894081,721853.1937083397,263885.73817249335
645,189.1789890548205,3.869055478761054,237.992981538292,4.867389918303352,240.50098441335965,4.639181353507271,235.6966875649378,4.872262269616462,47.01955124600764,25.312018089002745,0.09856359947377531,0.1250094163529927,259905.00000000003,1.0,43.243506138513666,25.08783296511159,847.439498343046,117.84398060991465,843.7620168350257,118.73761190944684,7.198952533868503,3.7938717177105374,237.77133077566864,4.722400291926024,1.8839681551799627,1.2860389151453142,259905.00000000003,1.0,2.2364463821315903,1.3253013366582382,39.66700820483333,6.9560819668147955,39.34786331121503,7.1806721441403685,922448.2195752565,297039.16373315966,259057.560501657,117.84398060991265,726572.7187922278,276548.1779350388,259865.33299179518,6.956081966816904,722528.6543961476,263931.8519880981
646,189.46503263298314,3.6910892290347888,238.35283313437492,4.643502710574494,240.82922297608366,4.422653395509188,236.05361380250793,4.710353820565589,46.955780855786095,25.365549406006977,0.08574870119268459,0.1139043937454692,259905.00000000003,1.0,43.76511920828901,24.657713889320775,850.3444112893504,117.26235106747679,847.239498343046,118.07172131842017,7.395271510106704,3.7370130856061325,238.14191688168003,4.531674948987419,1.9120341256014872,1.2771754129901511,259905.00000000003,1.0,2.3213666885488697,1.3035011743397151,40.07634076778071,6.7570945348804505,39.70034153816666,7.010031859971406,933959.8698487742,296319.44113677234,259054.65558871068,117.26235106747467,738618.3415082284,276151.8941397386,259864.92365923224,6.75709453488154,726118.4134449312,263971.873669176
647,189.79703751099746,3.408736539458858,238.77050525416902,4.288294772805807,241.18074687270772,4.125354445746204,236.4472474339856,4.44851844326255,46.7006574219157,25.59244756921406,0.07525674987238944,0.10632692248531907,259905.00000000003,1.0,44.28940131287538,24.330200358431345,852.4804106485183,116.7005400237533,850.1444112893504,117.49633449567784,7.517768729858721,3.6826858161705083,238.51553206931862,4.265421486695131,1.9480878722233244,1.2530958284997462,259905.00000000003,1.0,2.3863864152662004,1.2603331255191272,40.51463931082358,6.536903116946311,40.109674101114045,6.810548220969589,945878.3109299835,294755.8676302287,259052.5195893515,116.70054002375113,749491.1024679238,273113.79979178304,259864.4853606892,6.5369031169494685,729826.3121394604,263457.85568580846
648,190.15627860502144,3.0453854455560148,239.22244154136183,3.831188273337118,241.5828096422374,3.7042426615491197,236.88554497976696,4.114333784461208,46.50495366016091,25.812642032750173,0.06666666666666667,0.10137340688573189,259905.00000000003,1.0,45.48696531383736,23.882314293794487,853.2317323281752,116.37480521519798,852.2804106485183,116.93942682298164,7.579379661730117,3.625474816920704,238.94573577758453,3.856939550748806,1.9811226659923156,1.2196121837086153,259905.00000000003,1.0,2.4421458906711266,1.2300022105088906,40.975662535502394,6.33901035200594,40.54797264415692,6.589849421000155,954862.830037805,297955.05236732605,259051.76826767184,116.37480521519524,749179.3875770912,273099.16846259177,259864.0243374645,6.339010352010366,726124.6881269083,262846.5137408563
649,190.49144216042185,2.8117292092510056,239.64408755381075,3.5372417186811607,241.97895151538782,3.3545002771540156,237.31992151238092,3.775451216648624,46.26518430785838,26.031671516810597,0.06666666666666667,0.10137340688573189,259905.00000000003,1.0,45.30345334908961,23.86251011880084,853.9267966202773,115.91696753405951,853.0317323281752,116.6156922736242,7.559394407595788,3.63569839926583,239.3817815145986,3.4031285187164486,2.024761023741348,1.1686380601689121,259905.00000000003,1.0,2.498891847360813,1.283431000618572,41.44979335912186,6.325131224463542,41.008995868835726,6.3911087120156145,956391.9763760044,298636.9466254992,259051.07320337975,115.91696753405665,740752.9330118381,271480.5800986175,259863.5502066409,6.325131224466286,721579.4109722135,263029.3569672872
650,190.82208924085896,2.9304758205100456,240.0600515685612,3.686628903380694,242.36848752726368,3.463193530099363,237.72818147080096,3.627676944382921,46.27149532215396,26.02928530731012,0.06666666666666667,0.10137340688573189,259905.00000000003,1.0,44.693393840847776,23.244836785214673,855.2382314349168,114.66664730102342,853.7267966202774,116.1600420570003,7.662887372981324,3.9394825558492337,239.81607266344773,3.1243631761186723,2.055981949536997,1.1407080441391064,259905.00000000003,1.0,2.5956712871839422,1.5964696743288906,41.98948269676881,6.778605187675626,41.483126692455194,6.374778792644972,943927.1549699146,280027.2038050428,259049.7617685651,114.66664730102144,718177.1110567532,242349.32771728432,259863.01051730325,6.778605187678409,708014.9515262903,260520.68728349573
651,191.11043734331847,3.2040089867678296,240.42280201841152,4.030742093882694,242.77601676602472,3.8887316820225575,238.09017135251023,3.8084070630370412,46.76227773009532,26.207516835573013,0.07622545754341258,0.10816297055992431,259905.00000000003,1.0,44.28301881518013,22.89922017008841,857.4412648922886,112.34273391649607,855.0382314349168,114.91472783908549,7.803437823206739,4.227024392015328,240.251453102592,3.384114094600864,2.1318632615939124,1.14670596222638,259905.00000000003,1.0,2.671391108186786,1.7622183076216336,42.52901054336168,7.467195881828888,42.02281603010214,6.8222274943404555,941042.49673262,275722.0555909291,259047.55873510774,112.34273391649441,705299.4282356706,224011.7501899896,259862.47098945666,7.467195881831493,701623.6388079174,259113.13242466084
652,191.35877988842662,3.496441790720953,240.73522417663625,4.398631123872154,243.13488255949258,4.367788926713021,238.41729965358448,4.079140291437744,46.98381779068585,26.28202570373252,0.0840515335964457,0.11091626849562004,259905.00000000003,1.0,44.26257062616647,22.88577885998316,859.8784605232115,109.57993161695862,857.2412648922887,112.59998283728889,8.047282220270242,4.718560661393689,240.63361685885437,3.78726398759134,2.2382670970965335,1.250065444821524,259905.00000000003,1.0,2.844574262134313,2.1283391321139025,43.12575891752272,8.36400791086,42.56234387669502,7.504339092468293,944018.8400419701,279390.97516140144,259045.12153947682,109.57993161695735,698660.2580046342,215208.8344241679,259861.8742410825,8.36400791086243,700411.924476928,258976.4106846916
653,191.58476218267091,3.791774125100524,241.01951628828,4.770167585620976,243.41544785744162,4.761282477395758,238.68143928136203,4.358451655483689,47.098832426654994,26.30974346191726,0.10001777361373695,0.13104777175696872,259905.00000000003,1.0,43.84430716600574,22.82951689521182,862.8329680102471,106.22660375559401,859.6784605232116,109.8482415837699,8.24692512711189,4.991384118195806,240.94105746498107,4.1508472997136385,2.420971098235439,1.5701449650660244,259905.00000000003,1.0,3.0210833170471636,2.363290857764273,43.70848626940466,9.181519099861463,43.15909225085605,8.39473431085149,950902.3845469994,283917.2566529865,259042.16703198978,106.22660375559379,702705.9237865865,218870.82547793863,259861.29151373063,9.181519099862124,707503.032079847,257630.86832921175
654,191.77981971345642,4.01359756741087,241.2649041108638,5.049227825897921,243.67992315891144,5.10435481956997,238.91587462535378,4.624367352253161,47.92342918105486,26.452018238852194,0.11308982532691764,0.13998153964124543,259905.00000000003,1.0,43.81220477233069,22.846769509509652,866.6311025936443,102.38390691558008,862.632968010247,106.50910133007014,8.406317920468876,5.130665825549896,241.25698036464635,4.5475070436949325,2.5861575817857356,1.7628864494840628,259905.00000000003,1.0,3.1168120970560254,2.431928104315678,44.215348468604624,9.82185494110677,43.74181960273799,9.207336243710566,963745.057294209,283338.7518828349,259038.36889740638,102.38390691558016,712260.7939018528,218868.30996652364,259860.7846515314,9.821854941109166,717346.4991514615,251252.91412310785
655,191.87938299021127,4.090339442663174,241.39015710782326,5.145771017642332,243.86909294474796,5.267409801061216,239.07138631183577,4.774929305390271,49.45488045343228,26.657964478068827,0.12379231607032438,0.14327237398885156,259905.00000000003,1.0,44.2475187569232,22.478107469295,871.5146719740831,98.3650259610509,866.4311025936444,102.6846305826043,8.462971566642993,5.092036911053358,241.49557710232062,4.782140187949229,2.889942588996588,2.2580507305093827,259905.00000000003,1.0,3.1549717155743533,2.422847819181617,44.45133930345192,10.014467749147935,44.24868180193796,9.844217906671453,987987.0607211438,263436.31564848765,259033.48532802594,98.3650259610516,731111.1253595465,200420.5320569494,259860.54866069657,10.014467749150834,736832.4020183532,231744.6321086775
656,191.94032796934243,4.142566001792762,241.4668272970347,5.211473211915761,243.96216136392923,5.3387458917868,239.1388791241079,4.830740401029914,50.49773774820736,26.215268192977174,0.13859708260721787,0.15267802594857535,259905.00000000003,1.0,45.25600116295829,22.123852519704407,876.4751642219854,93.88589871886965,871.3720247193436,98.5942662827019,8.485730927578947,5.083995057086496,241.60999530524884,4.853315542904054,3.1175618208480573,2.446021858778976,259905.00000000003,1.0,3.262684495795,2.4806289887518695,44.544011063312034,10.083112529662587,44.47511384590851,10.031370406577754,1015180.0102041524,251085.81618318852,259028.52483577805,93.88589871887041,750805.5462230936,188039.38574725724,259860.4559889367,10.083112529664735,756958.230463786,210745.4299625982
657,191.96546212808184,4.1672306836779835,241.498446523503,5.242501802660878,244.01550220365422,5.382730499092454,239.15166751764357,4.844881599237846,51.470126839414554,25.385535555713197,0.14115940938636645,0.1558622171452098,259905.00000000003,1.0,46.093958070904755,21.572308532228725,881.6144827826876,88.51967827541202,876.3794734235641,94.05051304837225,8.500402088052455,5.0732536388694385,241.68257411082203,4.912351525640161,3.2863382727267827,2.461274051561405,259905.00000000003,1.0,3.2991156788322833,2.4790725575415253,44.48868540222465,10.0436492323888,44.55995952971559,10.09497899644332,1042299.6046665962,231167.30325323384,259023.38551721734,88.51967827541243,768865.2437518511,170925.15738915117,259860.5113145978,10.043649232390969,776115.2944429339,183492.51331302337
658,191.99647264648635,4.197908382364476,241.53745861305535,5.281095179230458,244.03379102674825,5.39885205125143,239.17625288222925,4.873563975741499,52.01267147837859,24.844658066525373,0.1492995733506246,0.16690616788357038,259905.00000000003,1.0,46.729154869764066,20.97758279400772,886.6914537143733,82.51866018215321,881.5572366791095,88.62273899407546,8.426384700424746,5.114199902284823,241.73221474729013,4.958481298926964,3.3511207543081785,2.450361924467995,259905.00000000003,1.0,3.314877078171872,2.4749328350241915,44.381082551491104,9.969829520562786,44.49822641948766,10.050457589048584,1068405.5981224265,208756.35358135792,259018.30854628564,82.51866018215328,785027.3636227212,148794.48087581375,259860.61891744853,9.96982952056471,791746.8525783502,159122.76119286395
659,192.1180597991544,4.320201462183695,241.69041906499643,5.434943585689585,244.11797893757532,5.479394840411357,239.27389184329795,4.982391736828746,51.23824483015185,25.12042054677151,0.15596417592325992,0.17257475828738614,259905.00000000003,1.0,48.099397899815116,20.119345634193802,889.6485662191697,78.93991898200397,886.6656834647562,82.56313258698482,8.481480536493686,5.112227067877158,241.77065267604678,4.995846932555993,3.3110980810568376,2.4431727310973406,259905.00000000003,1.0,3.3514061419835306,2.454794089262513,44.3473655625533,9.952836659501898,44.38537759309396,9.972237658070444,1094343.7549767245,208600.0294771289,259015.35143378086,78.9399189820048,805172.886024019,139473.46228376546,259860.65263443746,9.952836659503184,809103.5069111165,143893.62752672858
660,192.40974740608368,4.571619948383654,242.05737116130828,5.751235734875137,244.38412429497248,5.721186738577223,239.57066289947323,5.283697793605204,48.90674145314571,24.7591984335879,0.1614206910065191,0.17518912461028177,259905.00000000003,1.0,49.95342064283594,19.341341347206864,888.4404663384729,80.24566900942925,889.6485662191697,78.93991898200397,8.545706773603364,5.144085578278763,241.97016941500925,5.192043113486642,3.1672396456336287,2.4672112886419124,259905.00000000003,1.0,3.52216964747375,2.4633085241075694,44.62608788046374,10.106555825486696,44.3473655625533,9.952836659501898,1111964.3379023473,216937.683642413,259016.55953366155,80.24566900942936,825847.729309463,140672.03369995402,259860.37391211957,10.106555825488096,811457.7546273576,143208.71306581842
661,192.73733807979215,4.671529722038919,242.46949046387078,5.876925485009598,244.79847622536641,5.962100094665205,239.9215340878159,5.466186259298211,49.43535961105583,25.885217005959387,0.16237162506380529,0.17508363403257415,259905.00000000003,1.0,51.36760350032214,17.717091656949457,886.3458508241429,80.52671739700548,888.4404663384729,80.24566900942925,9.156217122576809,6.038106269268916,242.35612099350112,5.490554898708833,3.10681106572344,2.449414080783717,259905.00000000003,1.0,3.6434059106306433,2.4018916306391906,45.09172101710142,10.269712340984603,44.62608788046374,10.106555825486696,1143703.6622661736,261118.23021540506,259018.65414917588,80.52671739700634,851173.5765645262,159761.30596395995,259859.9082789829,10.269712340985635,818542.0862843337,152263.04467903983
662,193.09432384425818,4.7550517580343215,242.91858954722136,5.9819989766870725,245.24286559302135,6.12128813196808,240.328783334571,5.547422904646047,49.81684511654254,26.45148048200862,0.16666666666666669,0.17252483457924633,259905.00000000003,1.0,52.813291245448454,19.56377735409485,883.1827380285703,80.35566122098152,886.3458508241429,80.52671739700548,9.469936553988264,6.473785127536466,242.78203751509395,5.639445503754339,3.086012701616376,2.4452370342806033,259905.00000000003,1.0,3.7270646685579676,2.3893872398660143,45.66610631737635,10.42099892723321,45.09172101710142,10.269712340984603,1173937.6609885506,297277.6260078978,259021.81726197145,80.35566122098209,874523.550667124,179077.16760687757,259859.33389368263,10.42099892723298,826086.9018994798,157699.78886244146
663,193.4348063184485,4.773802992683052,243.34692693304652,6.005588772976548,245.7201434123899,6.246019290239699,240.73115285024858,5.576599822123402,50.54308064475895,27.418824687165557,0.16666666666666669,0.17252483457924633,259905.00000000003,1.0,54.21018563220361,21.128714188596383,879.3489663744589,79.51122835500331,883.1827380285703,80.35566122098152,9.767995435013816,6.685641111748381,243.2323786865642,5.790415136522088,3.0352564175085277,2.4395633258528515,259905.00000000003,1.0,3.8146762481908656,2.3567028247690724,46.37885948139201,10.532266753660513,45.66610631737635,10.42099892723321,1202362.7108895187,314313.4480872065,259025.65103362556,79.51122835500396,894646.1325184618,187599.50319520666,259858.62114051863,10.532266753660416,832951.6831570843,159888.111125213
664,193.7870123187103,4.772552786430557,243.7900127882986,6.004016121002116,246.2047842912449,6.289352284712499,241.13358817413433,5.571144746029434,51.49283675293477,27.933481291089237,0.19534303929690439,0.24811339884974717,259905.00000000003,1.0,55.96909244205264,22.844302130389778,874.6773676460441,78.88573502502396,879.3489663744589,79.51122835500331,9.925550143647584,6.728834323956299,243.69216762208424,5.842581088502265,3.0253490306115767,2.443293667624227,259905.00000000003,1.0,3.892448850992794,2.309241623662177,47.17929263510656,10.623073947227256,46.37885948139201,10.532266753660513,1230228.9155072458,312997.6972021251,259030.322632354,78.88573502502464,913324.7063223501,185361.69318174542,259857.8207073649,10.623073947226436,835631.6078450368,158655.3529629376
665,194.07667281564844,4.745600354159773,244.15441433863379,5.970109106421295,246.6424340379169,6.294027027018985,241.4986589809102,5.545196587692067,53.222551476208736,28.027886166079657,0.21882126745600372,0.282865447209844,259905.00000000003,1.0,56.83206692167639,23.07646531290133,870.8490309331205,78.61538035703502,874.6773676460441,78.88573502502396,10.06662964535976,6.69648607567224,244.16605547947293,5.847524415459202,3.044378752383207,2.431973394638377,259905.00000000003,1.0,4.0120396152536895,2.2660597128370314,48.08028683131038,10.78243589529988,47.17929263510656,10.623073947227256,1257238.5098598478,299823.09618468105,259034.1509690669,78.61538035703516,918824.0035669688,186118.20706741925,259856.9197131687,10.782435895299459,835093.1971284044,158621.59559946004
666,194.4222488119424,4.736180612729327,244.58915917515313,5.958258800835132,247.0642447639483,6.283500687143364,241.8962119232829,5.520719728646612,53.22584433212758,28.025494990626505,0.2380436148776398,0.30006668634337913,259905.00000000003,1.0,57.998521652273915,23.122527282733046,865.8383099980965,79.62636956831466,870.8490309331205,78.61538035703502,9.987738569448489,6.768025609793605,244.59138491413597,5.843836863656843,3.0197424931905945,2.4473052903175883,259905.00000000003,1.0,4.268935213996851,2.3490757755557623,49.262812885449975,11.236348332944678,48.08028683131038,10.78243589529988,1274710.0082020028,279913.0570163152,259039.16169000193,79.62636956831521,925360.3502053693,182055.68661920098,259855.73718711457,11.236348332944353,831920.8744469977,160743.96947258967
667,194.7908097468539,4.622064353349796,245.05281985071383,5.814696851487778,247.5286329176885,6.211444947359463,242.3228848145791,5.4526591434760405,54.049061141410505,27.870894445345836,0.25378154185808255,0.3079674600862247,259905.00000000003,1.0,58.67399998300303,22.290254314707486,860.9595896146459,79.22021933189059,865.8383099980965,79.62636956831466,9.986444707084736,6.769532031613097,245.06167509695942,5.845526805248275,2.9985813730875126,2.4602983649347623,259905.00000000003,1.0,4.476737715433538,2.3037941775476027,50.67430256112933,11.882850594292618,49.262812885449975,11.236348332944678,1292280.272614425,253857.30330746074,259044.04041038538,79.22021933189089,932838.1498208442,172457.94571595144,259854.32569743888,11.882850594290145,832719.7134306657,160429.01403067107
668,195.22216453435442,4.363145516181966,245.5954770611551,5.488968720050914,248.01656348868113,6.008922425123249,242.8573977244237,5.189877954387759,52.265106367500024,26.66038568614632,0.26666666666666666,0.3106352332520259,259905.00000000003,1.0,59.3036035582857,21.399528634550414,853.6544257571936,73.88056346936293,860.9595896146459,79.22021933189059,9.914957363394048,6.838067173143153,245.54663729111434,5.734115783157005,2.9701621538893646,2.4753080277921145,259905.00000000003,1.0,4.754544539155211,2.361108627456828,52.39201827972851,12.874750407996217,50.67430256112933,11.882850594292618,1292487.453103357,253761.80616620113,259051.34557424282,73.8805634693624,937565.8187568554,169283.8842903543,259852.6079817203,12.874750407994695,817496.3750947859,141102.92289524773
669,195.61318078063292,3.9964798500247434,246.08738727223852,5.027692248304434,248.48805962275787,5.682688879990321,243.38840340347596,4.767189715461902,51.30158485759003,25.78146597336356,0.26666666666666666,0.3106352332520259,259905.00000000003,1.0,57.79914983929304,22.06363160185162,846.890194108824,65.14810990639705,853.6544257571936,73.88056346936293,9.921804844272415,6.831617018255997,246.05795009847094,5.439132890084498,3.061599955674328,2.4797580575548057,259905.00000000003,1.0,5.1792116549167115,2.910800581552469,54.44296331230423,14.452133468635694,52.39201827972851,12.874750407996217,1291848.8633308155,253674.95265268037,259058.1098058912,65.14810990639594,936490.9418999281,169574.7430243804,259850.5570366877,14.45213346863483,808252.8480075663,122285.05533599004
670,195.95374990565713,3.601299274354114,246.51583369125197,4.530542655583874,248.91791933382245,5.274756896952901,243.86698540911368,4.283829924787558,50.55773888110043,25.207613200971984,0.26666666666666666,0.3106352332520259,259905.00000000003,1.0,55.64307820324773,21.850920804088076,841.53818812001,55.618256932029304,846.890194108824,65.14810990639705,9.891701749526387,6.861920494173894,246.5076059266433,5.0541108573579825,3.1902991586039895,2.508210308789242,259905.00000000003,1.0,5.593365072949652,3.227951828203159,56.77936255998323,16.330882146173337,54.44296331230423,14.452133468635694,1288322.7713308774,254113.72966595524,259063.46181188,55.61825693202905,934784.1864526304,171226.9406272974,259848.22063744004,16.330882146171444,804536.178276035,117733.98111149346
671,196.20366716087648,3.26399591177211,246.83023739422345,4.106204425252535,249.2684218961198,4.862368875385143,244.26215780777696,3.8347862056904773,50.58788253868677,25.22006787351578,0.26666666666666666,0.3106352332520259,259905.00000000003,1.0,53.28647676927031,21.884299969603475,838.5729272227597,48.89264106670852,841.53818812001,55.618256932029304,9.84442135569549,6.9122258863581,246.88612853953873,4.651401960388425,3.3887312371218643,2.5861304729907264,259905.00000000003,1.0,5.9491353348173455,3.437371078530002,59.27309999101204,18.263771225660687,56.77936255998323,16.330882146173337,1284471.6395678662,255837.56930652444,259066.42707277727,48.892641066710404,928803.4096790822,178622.8186812082,259845.726900009,18.263771225661312,804843.5247411523,117866.56699328542
672,196.3991481073499,2.9788850519710772,247.07615845265994,3.74752615539142,249.56427869538328,4.452208606003584,244.58074431802373,3.4114704331838315,50.967175315516684,25.28529777981207,0.26666666666666666,0.3106352332520259,259905.00000000003,1.0,51.690523360287145,21.70116593397476,837.5829125113225,46.38554211386343,838.5729272227597,48.89264106670852,9.929975724646193,6.839272470367444,247.17449160197643,4.268077313190705,3.6145887356928426,2.709848534063123,259905.00000000003,1.0,6.30128461714552,3.643328384624365,61.89312920579805,20.184899943881675,59.27309999101204,18.263771225660687,1285757.0262337592,255297.1130838455,259067.4170874887,46.3855421138668,920584.0748639886,186201.60775135073,259843.10687079423,20.184899943882087,806561.6165527168,119710.2248161607
673,196.57547296975667,2.7452262282560045,247.29798044644025,3.453576270987859,249.81891181057156,4.100199947871255,244.82459217264213,3.0934111041466186,51.651753889886564,25.009864292119488,0.26666666666666666,0.3106352332520259,259905.00000000003,1.0,52.16640783251802,22.29850411099984,836.8015919020245,44.96256027039081,837.5829125113225,46.38554211386343,9.881255232937209,6.873814470964941,247.4169470561392,3.921282961538798,3.8100546635242045,2.7340363939987538,259905.00000000003,1.0,6.60475501777027,3.7438560468432973,64.62116289337744,22.12587146450034,61.89312920579805,20.184899943881675,1290738.0711839374,250435.30801735318,259068.198408098,44.96256027039086,903986.0136474058,195203.02642555916,259840.37883710663,22.12587146450114,803048.0042080729,119138.39469717618
674,196.7664679702782,2.550908341502897,247.5382577754416,3.2091185983433577,250.07424025298218,3.774949936771279,245.04669808482174,2.8493249019189886,52.239675723317255,24.506259602346038,0.26666666666666666,0.3106352332520259,259905.00000000003,1.0,53.14625365791359,23.077206278511152,835.6283473007614,43.793440340783555,836.8015919020245,44.96256027039081,9.814225063963177,6.9303721116247985,247.64999758370666,3.6189476279130486,3.9278908380665185,2.680182576174903,259905.00000000003,1.0,6.760251850090905,3.7087395499890907,67.38685723873516,23.98712324703641,64.62116289337744,22.12587146450034,1296874.3108783646,243018.41947913606,259069.37165269925,43.79344034078417,895928.8281909474,196646.72406430246,259837.61314276129,23.987123247035374,803973.8523027373,118712.15983167182
675,196.95925766854916,2.3672013778887115,247.78079285422356,2.97801014179579,250.352004461311,3.4698203917419557,245.29248259051695,2.6103280916323115,53.4370424333106,23.629167201940422,0.3622545754341257,0.5637974287386082,259905.00000000003,1.0,54.30562962980981,23.197254528117657,834.3975055288281,43.141077351385995,835.6283473007614,43.793440340783555,9.559601451889748,7.0201320411343415,247.8934257504008,3.3738439090288495,3.993709251236558,2.649762745007875,259905.00000000003,1.0,6.820204206981649,3.672860834626107,70.14668552781359,25.612798490857944,67.38685723873516,23.98712324703641,1297418.8863160599,242357.17630118682,259070.60249447118,43.141077351386286,887577.7552010382,199337.93557191698,259834.85331447222,25.61279849085869,802706.1974971091,119511.62285572696
676,197.1695006063069,2.1177996991372323,248.0452846609985,2.6642552177623346,250.61440949736618,3.15447349667396,245.53172601466713,2.3408614048532765,55.28443811181995,23.53353405685157,0.44051533596445686,0.6655479759363288,259905.00000000003,1.0,55.469450199650645,22.887519676404366,833.771978105033,42.745589884017754,834.3975055288281,43.141077351385995,9.358166235517459,7.117200162513335,248.13551936278446,3.129730505117278,4.015948466403555,2.634581614305587,259905.00000000003,1.0,6.822039602366021,3.671016382151993,72.88610999710939,26.94615063514652,70.14668552781359,25.612798490857944,1297816.0607286897,242003.08730142628,259071.228021895,42.745589884017896,881909.2367846554,201249.13139376268,259832.11389000292,26.946150635144964,804386.3636126096,119550.45897838873
677,197.3860412075482,1.854209794790566,248.31769899681083,2.332651250278563,250.87632412320062,2.7866177574820243,245.7769310863977,2.019016966357982,56.796806718908755,22.70395908625022,0.5045898273699104,0.712546225093058,259905.00000000003,1.0,57.075472373772655,23.241795276451718,832.9887226227992,42.58263442985826,833.771978105033,42.745589884017754,9.166648336475884,7.239513676146373,248.40569203567338,2.8181749991923315,4.009541017263009,2.640750429140711,259905.00000000003,1.0,6.792884610258446,3.7097413693738615,75.60278692343816,27.98449942088599,72.88610999710939,26.94615063514652,1300864.5290658784,239746.02935450137,259072.01127737723,42.58263442985826,878156.1319598182,203233.45483833505,259829.3972130766,27.984499420884045,803360.9925586383,120178.79226560579
678,197.58236429134098,1.578600758892275,248.56467915124307,1.9859272823346614,251.10916086247545,2.4111639393399487,245.98828665030376,1.7110424569656946,58.615839239292015,21.45025925424676,0.5570495839713862,0.7317896029557327,259905.00000000003,1.0,56.96006297055428,23.265476433048914,834.0874493075655,42.535311921852916,832.9887226227992,42.58263442985826,9.053035191579097,7.330205695256581,248.67270335186996,2.498349460959416,4.042530205109846,2.6110874257032344,259905.00000000003,1.0,6.795709580121886,3.706465990138483,78.28929963178354,28.800917305140963,75.60278692343816,27.98449942088599,1302403.2390009945,239138.37267403747,259070.91255069245,42.53531192185337,874646.5359446924,206283.11911060332,259826.71070036825,28.800917305139787,804151.8446654468,119650.52087980058
679,197.72654515986687,1.364318755517971,248.74606275893169,1.71635456066588,251.28072306254418,2.1037143116581363,246.1684120985313,1.3817010808073051,59.846157459708294,20.173454437722082,0.6000000000000001,0.7357697412079195,259905.00000000003,1.0,56.92391714526679,23.285318909020443,836.409689622007,41.945849873498894,834.0874493075655,42.535311921852916,9.068679798188409,7.322801379214401,248.91525988798327,2.1643575606208967,4.069539467719117,2.585907565540639,259905.00000000003,1.0,6.747702689857152,3.7467953165348518,80.90079618725491,29.516444144666245,78.28929963178354,28.800917305140963,1305640.6475187873,237052.23806998628,259068.59031037803,41.94584987349854,869879.2363233346,212747.8363286118,259824.09920381277,29.51644414466499,805470.4449727315,118048.47702700719
680,197.703452369834,1.389444856438787,248.71701106410057,1.7479641913316681,251.25044017174858,2.1447652039009273,246.2329275615633,1.2347691393404532,62.26305353927706,21.615101702120814,0.6000000000000001,0.7357697412079195,259905.00000000003,1.0,56.15577072341438,23.59590283197038,841.9169724378697,43.47253572836945,836.409689622007,41.945849873498894,8.60444126610026,7.048067033031821,249.03918548069987,1.976743806514037,4.11428684603479,2.5514776066356295,259905.00000000003,1.0,6.757182583882793,3.7517417207340613,83.47702525843624,30.545099239345788,80.90079618725491,29.516444144666245,1319059.235192387,241098.29309429132,259063.08302756216,43.47253572836791,870109.8692615061,212573.66959375716,259821.5229747416,30.545099239345387,823147.1920740356,119430.30282862403
681,197.510219468674,1.7001560551989696,248.4739178694103,2.1388486119311834,251.0199095611125,2.3765794660404813,246.07347364178565,1.6279264519685495,65.39146710112367,27.674889821940962,0.5904412091232542,0.7418173902208279,259905.00000000003,1.0,55.72210243662007,23.69698408205749,850.9958958932501,55.499753403081606,841.9169724378697,43.47253572836945,8.243472484869406,6.828586237200866,248.9361730106931,2.0864563070897577,5.154595942839766,6.104647877153604,259905.00000000003,1.0,6.791094611703022,3.761615914277245,85.04685726063283,30.461275143118996,83.47702525843624,30.545099239345788,1347881.1587025828,286214.76204299263,259054.00410410677,55.499753403080085,866318.4889790418,214146.03468991237,259819.9531427394,30.461275143119156,854813.4058088089,184218.54947163467
682,197.20187963828718,2.2219319864598304,248.0860169303036,2.79525841977834,250.63273520503242,2.832999675644251,245.7749265722916,2.274731432748473,68.09429440744532,30.786341385862706,0.5826151330702211,0.7469198428417839,259905.00000000003,1.0,55.26130098033341,23.775131280950607,863.2462741872918,74.97575123767767,850.9958958932501,55.499753403081606,7.778403832577922,6.443495555990856,248.6481269539525,2.5117404497676583,5.977652620470542,7.560871503447386,259905.00000000003,1.0,6.745905587410724,3.7381197505370856,85.75800235178309,30.183301282244813,85.04685726063283,30.461275143118996,1371632.2674273106,312041.20676889684,259041.75372581274,74.97575123767656,859602.2354166892,216720.7698256973,259819.24199764823,30.183301282245033,884436.4997443596,226834.7979812372
683,196.81868751171373,2.7473074581655093,247.60394974328187,3.4561963524789707,250.15653761784822,3.440115150138557,245.3748073528433,3.0180970060611085,70.1881663448875,31.970852431411803,0.6048840565599134,0.7536523633031237,259905.00000000003,1.0,55.76403461127833,23.616669064549843,877.065521864341,95.80559858725564,863.2462741872918,74.97575123767767,7.4011543073003665,6.177152198110115,248.2538563381996,3.1498382711947364,6.52274301286805,8.231051297291184,259905.00000000003,1.0,6.786913439058431,3.764344133309337,85.97289097823659,30.046097253683627,85.75800235178309,30.183301282244813,1398066.89780979,332525.3559963397,259027.9344781357,95.8055985872545,852945.9891593131,216874.5465578992,259819.0271090218,30.046097253683733,912843.9317855609,261768.84037665432
684,196.38679029751216,3.359365834223853,247.0606099250972,4.226184427112545,249.60366523524365,4.117138801768643,244.87718970425607,3.8232713098541558,72.07444356299685,33.25386448226507,0.6231163090588652,0.7549437318198512,259905.00000000003,1.0,56.54040731737928,23.16950266409116,891.9764418008998,118.65418438477687,877.065521864341,95.80559858725564,7.082283582895668,6.016582884958795,247.75223591470535,3.8077857341978043,6.940348907700996,8.560043866676892,259905.00000000003,1.0,6.841586724196139,3.766935093352263,85.83125444413538,30.16707485587399,85.97289097823659,30.046097253683627,1427754.3206254346,347873.2107649694,259013.02355819911,118.65418438477592,848727.919375722,218145.57208705271,259819.1687455559,30.167074855873913,945385.4610928122,293272.9658173976
685,196.0057233717314,3.959406718821248,246.5812161155847,4.981054584579976,249.08553687960102,4.855870376946199,244.38698994110757,4.578943734985313,72.6391875568636,33.45052872160477,0.6380436148776398,0.753190875643234,259905.00000000003,1.0,57.1731282386778,22.731465087407177,906.8044575042079,140.60560653096837,891.9764418008998,118.65418438477687,7.082523053298456,6.016534985515944,247.2378831335663,4.54901039115544,7.103164495393929,8.675029109367717,259905.00000000003,1.0,6.8818422844028815,3.732418375466279,85.57230385820814,30.466506414622103,85.83125444413538,30.16707485587399,1453950.7542198224,353638.6844096013,258998.1955424958,140.60560653097002,843663.2534299439,220915.29441351272,259819.42769614182,30.46650641462301,971290.2618413655,312378.26863092487
686,195.59007376656533,4.5457134219185695,246.0583167054102,5.718645596282342,248.58651880924072,5.5578431600108065,243.90303731875863,5.331404658800132,73.71465488673624,33.37480758904609,0.6537815418580826,0.7539319088741978,259905.00000000003,1.0,56.87425031669302,22.856264189652602,922.9910805323931,161.90527289968347,906.8044575042079,140.60560653096837,7.0087746136524265,6.03013850540037,246.79277135066175,5.255879056334802,6.924588691547817,8.704724519259072,259905.00000000003,1.0,6.783503502836802,3.7922253534404526,85.40744412704055,30.661133297462175,85.57230385820814,30.466506414622103,1469588.4514036712,356795.8333910862,258982.00891946763,161.9052728996849,832267.1420983525,225696.6426838654,259819.59255587298,30.661133297461802,992211.6618522723,323119.78804212675
687,195.11493004616247,5.173653060160564,245.46057210147427,6.508611838072155,248.02140186615816,6.317781021918249,243.33970547333388,6.102348284094263,75.60047964007838,33.25289295176239,0.6857842484201585,0.7615294451591402,259905.00000000003,1.0,56.6236058281803,23.038918185123183,941.2821700958709,184.44730440790727,922.9910805323931,161.90527289968347,7.027292284858401,6.0249852707861615,246.2813479337802,5.97511940156238,6.846285382381896,8.724356423039564,259905.00000000003,1.0,6.740681170193277,3.834966343640756,85.28589144844837,30.810641765767134,85.40744412704055,30.661133297462175,1498558.047561003,374403.81199039816,258963.71782990414,184.44730440790616,828947.8519413536,225910.7906670626,259819.71410855156,30.810641765767134,1027379.641682418,355350.85516344605
688,194.58928590421036,5.7972644582510675,244.79929586583216,7.293134208815106,247.41551527248797,7.059410737200323,242.71138341682146,6.848896397401268,78.04199804590812,32.90761727241976,0.7014364005262248,0.7619579550258184,259905.00000000003,1.0,57.46817625725389,22.745298909926916,961.1545554839989,206.4771649999974,941.2821700958709,184.44730440790727,7.109364807887341,6.00793804582071,245.68244963053735,6.761201459417652,6.977314500880061,8.707937804286104,259905.00000000003,1.0,6.6608975922026215,3.940750159095409,84.95993352250792,31.25133504492742,85.28589144844837,30.810641765767134,1533042.0958804826,398932.30877514504,258943.84544451602,206.47716499999734,834899.8050183268,227679.1265175796,259820.04006647752,31.25133504492784,1069270.3761203212,394671.78009803605
689,193.97670605939038,6.365152969201008,244.0286515842585,8.007556069368183,246.70983310448278,7.775789534703927,241.99689143630462,7.57377132717191,80.48976127457475,32.03897153523567,0.762045253191045,0.8074655311170789,259905.00000000003,1.0,57.94252240782225,22.851549095125247,982.9397490975605,226.5469139305954,961.1545554839989,206.4771649999974,6.974834841000881,6.006934180390234,245.0350623406386,7.517688754172632,7.295876126092907,8.738064919424113,259905.00000000003,1.0,6.586017532434331,4.041273655005807,84.23622109636975,32.3517362357554,84.95993352250792,31.25133504492742,1565168.6115961303,431125.22425388696,258922.06025090246,226.54691393059625,840770.8498995278,235108.40544668783,259820.76377890367,32.351736235755176,1110920.7134851683,442721.7312274933
690,193.2965709167237,6.740425389414177,243.17302064271544,8.479660556781699,245.9018416634031,8.32244874931157,241.17163301138538,8.123247421426376,83.05407575349359,29.94427259392912,0.8116675847765057,0.8249841110100615,259905.00000000003,1.0,59.398300064182415,24.871156250070285,1005.7838572020951,240.32144074880344,982.9397490975605,226.5469139305954,6.690651469996367,5.9656602402198295,244.2717775548962,8.162008302452433,7.619989013033382,8.664406912927488,259905.00000000003,1.0,6.38737136978926,4.208154121180724,82.98621858619585,34.22965540615045,84.23622109636975,32.3517362357554,1595849.2864963037,455780.5901635414,258899.21614279793,240.3214407488026,847092.8516173284,245568.0450074717,259822.0137814138,34.22965540614887,1154246.484548672,474250.62221753807
691,192.66925344049304,7.0732923092634294,242.38383596825065,8.898416976496176,245.04931229470054,8.753567167406837,240.38973283709882,8.587694073293335,82.91442003678313,29.827468385472645,0.8522949136849552,0.8216562331328943,259905.00000000003,1.0,60.74625367431024,25.504932528651153,1027.099728650883,253.61126629834735,1005.7838572020951,240.32144074880344,5.909069730558931,4.776494821732304,243.43651024523245,8.618965200584752,7.778222187273651,8.619038889292144,259905.00000000003,1.0,6.251330340095473,4.344721502073096,81.43553442294734,36.505510175825705,82.98621858619585,34.22965540615045,1608656.1787194056,470523.82981344586,258877.90027134915,253.61126629834382,851777.6024816451,256167.6160592741,259823.56446557707,36.50551017582534,1193575.0204282945,516923.5635173274
692,192.03277962088384,7.307843995494348,241.5831320169941,9.193490435569435,244.20278840245797,9.101333715425008,239.61537342470484,8.981823919804553,83.39331483620535,30.10729073164297,0.8785247919856931,0.8102461377453392,259905.00000000003,1.0,60.08906591320056,24.788018796273963,1049.5254527819022,266.0745322096459,1027.099728650883,253.61126629834735,5.204779013884822,3.693337340665885,242.6388380124474,9.008844212417676,7.857997284674997,8.58678867988114,259905.00000000003,1.0,6.098197719251779,4.48388059806811,79.64669656579365,38.99309718388429,81.43553442294734,36.505510175825705,1617601.2084799786,479410.9602262751,258855.47454721812,266.0745322096427,849605.4837055883,252053.0910681549,259825.35330343424,38.99309718388444,1229961.6896075075,543716.1802814428
693,191.4254021054694,7.495810799922469,240.8190325926357,9.429957930039008,243.33327259011153,9.355530281231243,238.8519672614124,9.303954533062031,83.04986566778696,30.020052485467364,0.9,0.7945440183449196,259905.00000000003,1.0,58.82522653704186,23.81507702303378,1072.8500919126473,277.5664688792116,1049.5254527819022,266.0745322096459,4.613097957391059,2.7806854168907655,241.82640564073714,9.266814705111644,7.8670478879110775,8.581156698709698,259905.00000000003,1.0,6.148398051695055,4.470645911738602,77.8947133962443,41.10889549858415,79.64669656579365,38.99309718388429,1621604.9564035863,481412.332170185,258832.1499080874,277.56646887920857,843062.7575418547,243391.71597794845,259827.1052866038,41.10889549858604,1257435.934989088,551493.0407154484
694,190.79403316471456,7.64272811228655,240.0247515935744,9.614783502419522,242.47608560098726,9.54216153035282,238.09725660427438,9.544155750608661,83.05771340949771,30.019194004358443,0.8713236273697623,0.8008198016411529,259905.00000000003,1.0,56.95832305509081,22.45366123890753,1098.0781586396843,287.7366184859827,1072.8500919126473,277.5664688792116,4.189441342469437,2.213536114228786,241.03962852434546,9.461306842304177,7.81017055042486,8.626965466935875,259905.00000000003,1.0,6.212132672080607,4.44727812507691,76.26334218456671,42.782768297521955,77.8947133962443,41.10889549858415,1621860.2623654532,481413.4676539797,258806.92184136034,287.73661848597857,830242.6835019855,235998.9988494985,259828.73665781546,42.78276829752423,1280476.25949688,546296.0027068714
695,190.1474311519596,7.8432405169511155,239.21130699082755,9.867033698011973,241.60207446727696,9.738732451432073,237.31368363178524,9.79966982500697,82.99192599579868,30.02878671917635,0.847845399210663,0.8090460276234226,259905.00000000003,1.0,55.37098953132103,22.791791229349144,1124.8512497049514,298.2153516818583,1098.0781586396843,287.7366184859827,3.927520738054618,1.8629709235024081,240.22024296464633,9.623362816696709,7.801838488578681,8.63297050910192,259905.00000000003,1.0,6.256192177609701,4.440861334766608,74.68436254026439,44.142641942577484,76.26334218456671,42.782768297521955,1625398.6467267282,480910.2115222798,258780.14875029508,298.2153516818546,833134.1237864571,238958.2535254081,259830.31563745975,44.14264194257905,1314910.2382280696,549917.0722978933
696,189.4186150366516,7.977352785055958,238.2944343801214,10.035750900775382,240.68940125474674,9.912372417061656,236.464282402361,10.00364940025952,83.96591309045043,28.821091183350486,0.8381818426657729,0.8117484379911429,259905.00000000003,1.0,54.06579459738749,22.702901017908342,1153.9131863553484,305.61380107060194,1124.8512497049514,298.2153516818583,3.9145084522394056,1.871432967412102,239.35229338946354,9.816961669750198,7.931811816766979,8.559105556909802,259905.00000000003,1.0,6.21326889715309,4.422463603791121,72.93248628731718,45.34127591323808,74.68436254026439,44.142641942577484,1631910.38524632,476375.00452006154,258751.08681364468,305.61380107059966,831971.4699771305,238658.36598881727,259832.0675137127,45.34127591323921,1341104.9284893284,537333.9491319917
697,188.69803668283186,8.082488194737886,237.38792547587465,10.168014057233345,239.7493582762164,10.00949449697034,235.58510560455386,10.143477460343629,83.39395904069933,29.4575998846597,0.8302699917383632,0.8150025484626514,259905.00000000003,1.0,54.63130545897027,22.588149827641153,1181.8455699453393,310.0925035308834,1153.9131863553484,305.61380107060194,3.972747743934452,1.8480942497940231,238.40134532956642,9.940428832145413,8.07745079820291,8.47801907587713,259905.00000000003,1.0,6.19219221800432,4.4200918300141945,71.01389437378525,46.40103872644661,72.93248628731718,45.34127591323808,1639676.7433631506,470352.60654749465,258723.15443005468,310.0925035308811,837413.0342149143,240263.2998243455,259833.98610562625,46.40103872644681,1362394.4700074052,527016.5662682145
698,187.9930214374404,8.087064222181196,236.50099561622227,10.173770520521016,238.84173374823303,10.034783627452587,234.70846876452853,10.162893798023058,83.41749141351598,29.42554241298727,0.8237923160703244,0.8183567747401144,259905.00000000003,1.0,55.839249403608754,22.667784764337647,1208.600019639176,310.79790750494334,1181.8455699453393,310.0925035308834,3.9882371878064156,1.8378770270442442,237.46391665302673,10.008605459390889,8.225366283781698,8.393955879650804,259905.00000000003,1.0,6.073404241477266,4.382867826692161,68.82859899814748,47.293379524057315,71.01389437378525,46.40103872644661,1650825.5852604327,463047.1823300101,258696.39998036085,310.7979075049415,844490.7270996907,245103.62478272675,259836.17140100186,47.29337952405789,1384236.6063933664,515577.65530836384
699,187.3966912570361,8.021636597277963,235.75079433831536,10.091460458356268,238.03058389293213,9.96670300200034,233.90131833071854,10.09323399029481,82.65268782506752,30.327380920129993,0.829038291730472,0.8133831745910433,259905.00000000003,1.0,59.92632184235275,27.724511036836777,1230.4973473301604,306.7239165668277,1208.600019639176,310.79790750494334,3.975758981868242,1.8404859760501873,236.5838646801962,9.996613747184181,8.295158803651773,8.370619253991379,259905.00000000003,1.0,5.79705767092521,4.074967810354304,66.29716453208759,47.90922833371613,68.82859899814748,47.293379524057315,1668170.3319225712,459804.90256109944,258674.50265266985,306.7239165668264,864214.5645242824,270289.5415124813,259838.70283546794,47.909228333716094,1400674.0961276286,508520.6558653945
700,186.88895094985608,7.898111690042003,235.11204162657756,9.936062374766514,237.34242603505618,9.814395279787146,233.21467668088872,9.913550896531804,82.21472345349143,30.775511593862063,0.8333333333333334,0.8091838684959407,259905.00000000003,1.0,64.92234029730476,34.2296982653711,1246.9563971530138,299.76310722598754,1230.4973473301604,306.7239165668277,3.964552033862129,1.8489429369015606,235.86017036282303,9.875496677862506,8.299998991913178,8.369042581752854,259905.00000000003,1.0,5.5154328039687135,3.7789476329815592,63.47926501080979,48.18440170942146,66.29716453208759,47.90922833371613,1688096.258013488,452001.45285041095,258658.043602847,299.7631072259864,881414.078832985,279083.2430017416,259841.5207349892,48.18440170942097,1410553.172623743,501137.0898696904
701,186.4691156154472,7.766557770247194,234.58387593790195,9.770563354710259,236.75068144094678,9.646848749298744,232.6028023013276,9.691004499189711,81.502670023016,31.51913491769568,0.8333333333333334,0.8091838684959407,259905.00000000003,1.0,69.47002104287948,36.855165002422254,1258.155712799817,292.944504334898,1246.9563971530138,299.76310722598754,3.9588930435273904,1.8551736658046005,235.2488897673445,9.703658654464926,8.188810166773377,8.405786663477103,259905.00000000003,1.0,5.230477090483329,3.5073309137199797,60.487598601186406,48.085769135047265,63.47926501080979,48.18440170942146,1704470.1577406733,439369.47444956686,258646.84428720022,292.94450433489624,897991.520380727,278587.4014980184,259844.51240139882,48.08576913504537,1417150.724790875,494881.38886301446
702,186.08268864111102,7.623152461120766,234.09773889018473,9.590154968224603,236.24391565911841,9.45395736502582,232.06950152568967,9.448245749511443,80.62936408898688,32.46515047190599,0.8333333333333334,0.8091838684959407,259905.00000000003,1.0,72.61733952998846,37.47997745414529,1265.3344040254822,287.4627287157372,1258.155712799817,292.944504334898,3.812413159481212,1.9019543128317544,234.72887815878735,9.545148577154784,8.001197890404065,8.466007126128018,259905.00000000003,1.0,4.901587175820107,3.159308985123104,57.354654553269114,47.57114125378107,60.487598601186406,48.085769135047265,1711423.5257425955,432719.37442310184,258639.66559597454,287.4627287157361,908701.1598621856,274424.85780836316,259847.64534544674,47.571141253780226,1415704.2334308128,496340.9810002752
703,185.65824151410308,7.434855313745838,233.5637716038166,9.353271269677283,235.7556864629659,9.21187188629483,231.54696736908042,9.180518057312025,80.0362968514907,33.16497482212133,0.8428921242100793,0.8006490951717817,259905.00000000003,1.0,72.95723785194673,37.64913840083759,1271.570570900816,281.36049946879945,1265.3344040254822,287.4627287157372,3.731711394273583,1.924076213678221,234.25595474398756,9.354384378980173,7.827485711270761,8.541030629797506,259905.00000000003,1.0,4.569910491878215,2.877758507045978,54.06374600054324,46.58368709774342,57.354654553269114,47.57114125378107,1719639.8633935414,423428.7646095985,258633.4294290992,281.3604994687981,920676.4197794673,266560.3296352739,259850.93625399948,46.58368709774237,1422128.873567661,488898.28202925826
704,185.19510718297826,7.1351018752597835,232.98113462219266,8.976172336057205,235.27537770147168,8.87072558120543,230.9864940601857,8.830479451360114,80.07211187203347,33.121094694722125,0.8507182002631124,0.793239174655273,259905.00000000003,1.0,72.4607551738595,37.58596145935879,1278.3312093987267,273.4906668328779,1271.570570900816,281.36049946879945,4.287950441320191,3.5194882663442386,233.72225641731077,9.09664785382241,7.731520993890431,8.596391701752482,259905.00000000003,1.0,4.342535696530785,2.8502755691129193,50.641427369850256,45.1321823060355,54.06374600054324,46.58368709774342,1722283.067645815,419642.2378320939,258626.6687906013,273.49066683287543,922033.0982700648,265738.54901954497,259854.35857263018,45.13218230603564,1424069.48339089,486306.47512496327
705,184.70269999104536,6.757093221316516,232.36167141843518,8.500625743857169,234.72711381345007,8.390488282893955,230.37737638733904,8.355922994946575,79.56173366783189,33.65426557181987,0.7997729041431824,0.7032066725454135,259905.00000000003,1.0,71.47414826620997,37.94631411445099,1285.6190218962056,264.1277492405064,1278.3312093987267,273.4906668328779,4.739843972554029,4.215157451758125,233.13280667596544,8.702624684742947,7.647900077391274,8.648426150349291,259905.00000000003,1.0,4.194067611149873,2.900536098705207,47.15426157027552,43.24804494713554,50.641427369850256,45.1321823060355,1722227.6881942905,419738.1489209318,258619.3809781038,264.12774924050444,920257.919957819,267412.28573866055,259857.84573842975,43.24804494713382,1424267.3528212146,486007.74983049126
706,184.19392440799368,6.308622373134536,231.7216162449741,7.936436018783474,234.16496461966415,7.839163059235299,229.75634086612962,7.805517927169162,78.14460706813732,34.481266644422234,0.7580624234851312,0.6427282796411583,259905.00000000003,1.0,70.37080157572714,38.57445668971239,1292.6347649651307,254.81500684509032,1285.6190218962056,264.1277492405064,5.14805826719916,4.628113268917019,232.50952389763376,8.2221629634541,7.598010131744198,8.68282886709567,259905.00000000003,1.0,4.142395731119005,2.9309996640988345,43.665313836317,40.912655194901404,47.15426157027552,43.24804494713554,1721056.2929590426,421594.2878060812,258612.3652350349,254.81500684509027,916635.7138246136,270731.4782179874,259861.3346861637,40.91265519490065,1422515.2415253404,488308.03518283577
707,183.64454372642248,5.739847864512157,231.03047844031985,7.2209008734380635,233.54491605744175,7.200678567745146,229.07550031171763,7.152135425242945,77.51376296883974,34.87316217477237,0.7239127702447204,0.6048401815888844,259905.00000000003,1.0,68.43600058543178,39.25055389205563,1300.988614578294,242.9647186994887,1292.6347649651307,254.81500684509032,5.62357804723678,5.0064449669905144,231.84293987234386,7.627597782112793,7.5792532519109095,8.697137448078024,259905.00000000003,1.0,4.144813991205242,2.928886001570967,40.197541242278,38.07933557349647,43.665313836317,40.912655194901404,1715599.42223998,429914.3893644898,258604.01138542173,242.96471869948977,909922.4660505083,278161.0324957683,259864.80245875774,38.07933557349786,1422117.0717442108,488907.2435483197
708,183.07528423344576,5.063839984468017,230.314332543528,6.3704624120280195,232.8802124000809,6.471298068367811,228.37585789565605,6.381431437845832,76.46613857522043,35.56311588512785,0.6924369162838351,0.5832728847957477,259905.00000000003,1.0,67.58686438660774,39.917934230055224,1309.1754518506227,231.0279606681945,1300.988614578294,242.9647186994887,6.002351266912422,5.134185594420294,231.1283238395305,6.887953317194348,7.576971691082366,8.698595702407772,259905.00000000003,1.0,4.117573011014406,2.9467194994782466,36.704809228876705,34.62622647014805,40.197541242278,38.07933557349647,1703256.1946623253,449125.449063306,258595.8245481494,231.02796066819488,901267.2998847829,290247.8810296229,259868.29519077114,34.62622647015024,1417336.504651602,496468.0487849168
709,182.47896188512203,4.273526129982076,229.56414115057385,5.37622366153178,232.16713588231818,5.664322198001714,227.6648336284235,5.467490449086516,75.50896409533999,36.4849545726121,0.6666666666666667,0.5730174678823854,259905.00000000003,1.0,66.60904610074752,40.86251431166011,1317.4087031785484,218.52071777784596,1309.1754518506227,231.0279606681945,6.001380543067753,5.134199837567163,230.40251438619376,5.993010160885864,7.602789422635967,8.682974360824803,259905.00000000003,1.0,4.083185366326713,2.9658627683906196,33.15187183923412,30.293086320783445,36.704809228876705,34.62622647014805,1692306.125034343,465419.6230352663,258587.59129682148,218.52071777784445,895711.1652685177,299136.3559317266,259871.84812816078,30.293086320786603,1415955.413690037,498628.44680126867
710,181.93126792816443,3.468537831706598,228.87512593491394,4.363523567614841,231.49944429402802,4.852686942267894,226.98750524855566,4.51232959950055,72.7242415505877,36.99708195627768,0.6666666666666667,0.5730174678823854,259905.00000000003,1.0,65.93680147469762,41.546065651110716,1323.529476587772,209.78548320801002,1317.4087031785484,218.52071777784596,6.019703363356867,5.135114771150397,229.69698449213433,5.044329967580995,7.583166204341906,8.694737108308336,259905.00000000003,1.0,3.86033884391405,2.849210539979923,29.39571114547293,23.863292528837338,33.15187183923412,30.293086320783445,1672692.3221968636,482264.88936136715,258581.47052341225,209.78548320800815,889861.3518216517,304396.8567460632,259875.60428885455,23.863292528839725,1406549.1061797547,507600.9383609074
711,181.48137791106984,2.9059993606762418,228.30915138132852,3.6558328791743593,230.8883005807079,4.132348299290933,226.4072020896475,3.797433162020664,68.69093815614096,33.97621939085895,0.6666666666666667,0.5730174678823854,259905.00000000003,1.0,65.12976357474744,42.21452909690709,1326.4239845024988,206.39607327973715,1323.529476587772,209.78548320801002,6.173579543254574,5.236382159643068,229.05887320541316,4.122390031872471,6.519149558254159,7.088293017156516,259905.00000000003,1.0,3.6733804030910187,2.7264903212095777,26.516608656976455,18.98474475574324,29.39571114547293,23.863292528837338,1645380.5318919173,476604.92185397464,258578.57601549753,206.3960732797348,885593.6091554776,307656.32479972515,259878.48339134303,18.984744755743957,1388959.9709895286,509295.2055183238
712,181.10514613001777,2.5360609693503746,227.83584119637771,3.1904383176024043,230.3727342916226,3.6254744171754143,225.90782244855518,3.253637599906646,64.87222614353315,32.092628206916594,0.6857842484201585,0.5594143349796334,259905.00000000003,1.0,64.26516619798443,42.90755374648917,1326.3452601996273,206.4696206340199,1326.4239845024988,206.39607327973715,6.273956668319612,5.268576149625663,228.53556592096368,3.4749187499878884,5.622846518331004,5.616633276041383,259905.00000000003,1.0,3.61238320416314,2.646213546791648,24.47281200947526,15.494310534123152,26.516608656976455,18.98474475574324,1626430.1099539578,472046.8498783458,258578.6547398004,206.4696206340176,885441.322783865,307761.4938927537,259880.52718799055,15.494310534125143,1376669.8788431652,508480.15881397354
713,180.7692213402436,2.2463718500543535,227.41323828975845,2.8259994205481638,229.91026028907413,3.3069864401303866,225.46464326073854,2.8820722826783522,62.20380990055851,30.852031880003995,0.6632012370192412,0.5537978004150556,259905.00000000003,1.0,62.90729595697927,43.81848774951908,1324.9785729061873,207.45535763749317,1326.3452601996273,206.4696206340199,6.470843998036864,5.376436215966753,228.0876299505276,3.0369169042756567,5.009763454220319,4.444331784436204,259905.00000000003,1.0,3.4688363269043916,2.410911988570003,22.898551548826,12.825831350799804,24.47281200947526,15.494310534123152,1612047.4332360143,466089.84735840454,258580.02142709383,207.45535763749157,882852.5598803676,309249.2689494371,259882.1014484512,12.825831350804723,1365997.603094067,506658.4959291036
714,180.49428834331994,2.090859443526237,227.06736500070568,2.6303593612615748,229.5073510019027,3.130665691125194,225.10269112174723,2.6663349158937018,59.23175812588319,29.25932035858862,0.6447118310881994,0.5535272512348518,259905.00000000003,1.0,61.83721911226893,44.41193751299329,1321.7284000887134,209.1515588716057,1324.9785729061873,207.45535763749317,6.606337308321415,5.4003740224707535,227.69184400189746,2.717994915019063,4.522423937487811,3.5182986017674054,259905.00000000003,1.0,3.358343049276368,2.2775116394325607,21.70113732728122,10.875548233149065,22.898551548826,12.825831350799804,1593659.047473291,459945.48884728464,258583.2715999113,209.1515588716043,881951.5336599008,309766.37744100025,259883.29886267273,10.875548233151108,1349843.0894998629,504121.70383808226
715,180.25033469002267,1.981988455102224,226.76046481496616,2.4933961265055937,229.1494696235632,3.047667102111695,224.7914178937039,2.4911998937094424,57.529777962724,28.765035159550404,0.6295739858463131,0.5562173191102942,259905.00000000003,1.0,60.751909914983806,45.07901639380946,1317.8766941506074,210.48581707583904,1321.7284000887134,209.1515588716057,6.672001719488708,5.403749801309112,227.36770350825483,2.517237828101362,4.150565292055551,2.8633368930107657,259905.00000000003,1.0,3.3382084577941606,2.2710338253702047,20.8554471596865,9.68713995721262,21.70113732728122,10.875548233149065,1576764.9971614846,457285.6143654397,258587.1233058494,210.48581707583716,881702.0387026797,309959.11791679624,259884.14455284033,9.687139957215107,1335526.695983773,503963.79332058807
716,180.0169817884294,1.9660196483311885,226.46690003716074,2.4733063707955893,228.8257050805469,3.0004496482267466,224.4982845828565,2.4424881625240547,57.20472799279521,28.473747747730698,0.6171801664114456,0.5537454850567802,259905.00000000003,1.0,60.01409650674746,45.552477859506695,1314.4501454702436,210.77973074240927,1317.8766941506074,210.48581707583904,6.688617051711427,5.398767390675146,227.08288069737566,2.358285372183243,4.1564559472895874,2.860937853811229,259905.00000000003,1.0,3.5285005651894132,2.48357468542448,20.19415844425299,8.344650825180198,20.8554471596865,9.68713995721262,1567466.9043669226,456146.7998017552,258590.5498545298,210.7797307424076,880293.263492132,311486.59042557585,259884.80584155576,8.344650825182145,1327542.436879114,503931.4226629412
717,179.77270205615952,2.155133686994161,226.15958880648222,2.7112173133188664,228.50800655966964,3.142108420271158,224.18226314509937,2.632171428864612,57.73980611952468,29.456338524993818,0.5808824182465082,0.5413870776137423,259905.00000000003,1.0,59.58728691435212,45.836354761155036,1312.0217822571697,210.02574306661987,1314.4501454702436,210.77973074240927,6.756056797789238,5.39829668826922,226.79179024620817,2.3674733930613474,4.267416164590967,2.902811938199611,259905.00000000003,1.0,3.7256040661357726,2.6248546254884393,19.61901301246446,6.905396455079557,20.19415844425299,8.344650825180198,1553077.677314607,444333.62383119104,258592.97821774284,210.0257430666186,869744.7239540037,320687.3710543727,259885.38098698755,6.9053964550829035,1313951.580564662,495114.8051545322
718,179.58484835848748,2.313433852955245,225.9232633116044,2.9103644559036335,228.23450029823468,3.2966035232228075,223.87793710791408,2.9085294887413564,57.27550043238117,28.72239878103703,0.565230266140442,0.5371621234191781,259905.00000000003,1.0,60.90122543591333,46.46913980563677,1307.830826987497,208.24346420798489,1312.0217822571697,210.02574306661987,6.826426745391244,5.416547631638045,226.51391828267913,2.5881721349831626,4.28387205983543,2.924969162261273,259905.00000000003,1.0,3.976970510035765,2.6681093475617548,19.278778129331464,6.085794026886969,19.61901301246446,6.905396455079557,1535451.7021988768,423737.21870514046,258597.16917301252,208.24346420798332,860584.7459977228,321166.4715042141,259885.72122187068,6.085794026892006,1290437.8558187021,476995.683524649
719,179.4182127679381,2.482815968122208,225.7136307506419,3.123453601602447,227.98712147924581,3.4943007535375856,223.62345211540764,3.1687430430793926,57.116799128323535,28.462488480071706,0.5046214134756218,0.4386825229523128,259905.00000000003,1.0,61.29930381598164,46.59859073343465,1303.1437008863634,205.52841892228008,1307.830826987497,208.24346420798489,6.924257263215057,5.410183773319312,226.26950276588843,2.8195687565069654,4.095619741868547,2.5170968218959477,259905.00000000003,1.0,4.201889529702032,2.6334757374719135,19.36127337470836,6.209583659934212,19.278778129331464,6.085794026886969,1508959.7862717619,389115.6864342109,258601.85629911366,205.5284189222781,838877.4546714878,318807.9372546316,259885.6387266253,6.209583659938248,1258157.938407204,446380.44072337146
720,179.22816301712723,2.65385528484024,225.47454207853607,3.3386280767732974,227.744542244718,3.6751064599776804,223.38587654175342,3.387253121226623,56.69604076972744,27.96033254231094,0.4549990818901611,0.3637590962048205,259905.00000000003,1.0,60.438843736238255,45.852785862317454,1298.9458988379624,203.21071951361807,1303.1437008863634,205.52841892228008,7.104449165221716,5.379049565614046,226.03665489902403,3.0524843111053133,3.947534088041579,2.2493588324744236,259905.00000000003,1.0,4.386037648054955,2.532107359720917,19.783828468318184,6.436366873406707,19.36127337470836,6.209583659934212,1483036.9534338324,352951.54525790515,258606.05410116207,203.21071951361702,811898.6185601042,310553.33755905414,259885.2161715317,6.436366873412159,1227160.1163512438,416858.2253731793
721,179.04654088383677,2.780483682982794,225.24605546323204,3.497931691518929,227.50237609494448,3.857492090357312,223.1508281971304,3.564898680706347,55.064284896479364,26.427395463287016,0.47172449824218693,0.41543995791837324,259905.00000000003,1.0,59.94014486673752,45.58117051667294,1293.598314369462,200.23420787230341,1298.9458988379624,203.21071951361807,7.426561878216331,5.3816468173120375,225.77504265938816,3.303051002010328,3.854423670331876,2.145031034970815,259905.00000000003,1.0,4.478560339213168,2.4193891527013704,20.398424119936465,6.225633905526249,19.783828468318184,6.436366873406707,1452265.5344310373,316777.0899889057,258611.40168563055,200.23420787230333,779780.4438045408,289423.19686714164,259884.60157588008,6.22563390553059,1184317.5306328328,367680.2202612044
722,178.87780254562904,2.857933097404437,225.03377737170024,3.5953665797242125,227.27362342388565,4.004166100206741,222.96234951717267,3.663024876093992,52.6289041826996,24.76531577619786,0.49245107625964774,0.45223770702593735,259905.00000000003,1.0,59.45383927021465,45.46971953016678,1286.2809282056874,195.85415675559543,1293.598314369462,200.23420787230341,7.6691865664263315,5.258035149812981,225.5208100856552,3.5004468313230666,3.743026481460886,2.135169871760594,259905.00000000003,1.0,4.545297232407328,2.317040155228172,21.196399829280047,5.392292623878363,20.398424119936465,6.225633905526249,1423557.9824950453,283643.86974047596,258618.71907179433,195.85415675559526,751752.9601719595,279512.86402834463,259883.80360017074,5.392292623882256,1147326.0738338244,321678.30086020206
723,178.71004599628725,2.912437371102971,224.82273426351273,3.6639350328229394,227.0644209141718,4.120815572454791,222.80144940589884,3.7190424064001886,50.81214566597315,24.268593926507602,0.5094205630886129,0.46742659170959977,259905.00000000003,1.0,58.627317917459116,45.71079686604887,1277.9563353911128,189.89212330842676,1286.2809282056874,195.85415675559543,7.827614382490252,5.115474914163598,225.2738823841367,3.6336398012518223,3.710165579447535,2.157104320181942,259905.00000000003,1.0,4.391178548465289,2.3878460073237857,21.8774127982978,4.60495085649801,21.196399829280047,5.392292623878363,1408937.4876184503,268510.0198976542,258627.0436646089,189.89212330842693,735360.8188914886,274878.12715043745,259883.1225872017,4.6049508565003325,1127759.0960600819,297172.8619497548
724,178.56767950336015,2.954499744822162,224.64363221665266,3.7168510506401375,226.8682035686633,4.211023409333705,222.64378806237931,3.7553955572412807,48.80447389596042,24.26228820622619,0.5313376261727525,0.47201888709240086,259905.00000000003,1.0,58.05086556436747,45.98121163121881,1268.1786060965328,181.48717537979223,1277.9563353911128,189.89212330842676,7.931173560599251,5.00863943345206,225.02112304541714,3.74317907655967,3.7822673739457997,2.0732508973044728,259905.00000000003,1.0,4.229287504375775,2.4694002486347806,22.324432928727777,4.140568958676585,21.8774127982978,4.60495085649801,1399082.8579460215,265616.46374033263,258636.8213939035,181.48717537979283,728765.842560472,276191.00602897163,259882.6755670713,4.140568958677875,1115920.112203447,289005.5098136967
725,178.46387549352062,3.0128833517463494,224.51304310765573,3.790299741001044,226.70047224538465,4.311490893988604,222.50712839511417,3.819679424223859,46.76060049573862,24.31752899454043,0.5492817997368877,0.4705866059166538,259905.00000000003,1.0,57.81619684902358,46.159091451131054,1256.5737279435111,168.6319169232563,1268.1786060965328,181.48717537979223,7.936518346282731,5.003020848426148,224.7779273522954,3.8773894553092294,3.7899888934238963,2.0655243738329196,259905.00000000003,1.0,4.039389582671311,2.525515854543978,22.57383361797519,3.9424893228489983,22.324432928727777,4.140568958676585,1386676.4873609312,264086.32315836695,258648.4262720565,168.6319169232572,709283.8395678779,268888.49514835846,259882.42616638204,3.9424893228506845,1089797.2520868315,251484.83449842298
726,178.3538688415825,3.1100968679647703,224.37465133415685,3.912597356779729,226.55606330453844,4.419145604833022,222.3720623469571,3.914209875228523,45.49458596305421,24.44099860401881,0.5524331414730882,0.4704161565054017,259905.00000000003,1.0,57.98289163445826,46.08894977524875,1243.532989130634,151.4401582785374,1256.5737279435111,168.6319169232563,7.883639907292926,5.069830660541964,224.58530401315036,4.02365538230865,3.7102816209903917,2.059594964746007,259905.00000000003,1.0,3.8099698127970263,2.519769144762329,22.673521809781825,3.8581415984903082,22.57383361797519,3.9424893228489983,1387475.302514003,264177.02228245884,258661.46701086938,151.44015827853633,697262.0373642716,269301.82312007644,259882.32647819023,3.8581415984924305,1081795.2012024054,242684.8865032204
727,178.2059902040294,3.272176711481744,224.18861496165195,4.11649925520879,226.39855626014844,4.554097879586637,222.1799576414508,4.1059607824511515,44.94660260522434,24.664653298873677,0.5550132418659738,0.46971854962082926,259905.00000000003,1.0,57.915564836212845,46.089810962354164,1230.0090136577794,132.2092296310312,1243.532989130634,151.4401582785374,7.830787912240468,5.1186982660826175,224.40617702709312,4.195447671431819,3.6259052440516246,2.0309697435992375,259905.00000000003,1.0,3.6628977809285814,2.4939749676245646,22.71051434665878,3.8239102447236384,22.673521809781825,3.8581415984903082,1393974.6141862767,266816.3051131913,258674.99098634225,132.20922963102998,683093.4982083454,264807.7793957124,259882.28948565337,3.8239102447273763,1076099.9730541464,236353.20224668327
728,177.99631767475807,3.49814628941527,223.9248399986851,4.400776062926899,226.1802778713428,4.755528749205046,221.90291846955142,4.40349519480913,44.22470947081362,24.978327629672837,0.5571256494036577,0.4687717524674484,259905.00000000003,1.0,57.968659352674116,46.1108406605217,1215.7079381265153,111.96305921752472,1230.0090136577794,132.2092296310312,8.196018540644847,5.155672845688275,224.17420953834142,4.450769444699747,3.5201237144350044,1.9997003772465067,259905.00000000003,1.0,3.555462293179984,2.473230829505438,22.74585292540376,3.789837419068645,22.71051434665878,3.8239102447236384,1394802.2028454957,267248.778010182,258689.2920618735,111.96305921752548,664498.8732603472,253310.73673359485,259882.25414707462,3.789837419071673,1067048.4721949329,227071.1602343479
729,177.729064278655,3.6729727395608944,223.5886268543911,4.620713142667718,225.91400235528116,4.924052722970186,221.55156144258137,4.718669917243626,43.80543649942815,25.199548891699024,0.5623716250638053,0.4650094830890444,259905.00000000003,1.0,55.61178393313326,42.98117827103919,1203.3392190677464,100.21276057962406,1215.7079381265153,111.96305921752472,8.635900125651975,5.295470691480901,223.88162056459512,4.744510473493105,3.384732511585229,1.9200554348814105,259905.00000000003,1.0,3.41113946718909,2.4308155376784564,22.77225988100762,3.761141122711766,22.74585292540376,3.789837419068645,1388436.6921526473,258501.6573467374,258701.66078093226,100.21276057962353,638045.0826113942,202895.81532802648,259882.227740119,3.7611411227161944,1058564.3779399965,217740.57399656228
730,177.36388170505526,3.8365224357638046,223.12921596132566,4.826463884894839,225.54102325040776,5.066332189229965,221.08804766513242,4.9646419184301065,44.158670803172654,25.30030376071178,0.5762254575434126,0.4577833995979058,259905.00000000003,1.0,51.97552275288838,36.54680717563626,1194.9461416604872,96.98972177230729,1203.3392190677464,100.21276057962406,9.004068329363314,5.234629863113653,223.49110963387216,4.958506934986686,3.2627896107157204,1.881448294245343,259905.00000000003,1.0,3.294959245301802,2.4146326727677403,22.804429515593704,3.723601125171448,22.77225988100762,3.761141122711766,1382206.2001053772,250250.32530918292,258710.05385833952,96.98972177230789,615919.2447040656,164563.37235098524,259882.19557048441,3.7236011251751933,1058125.3823632896,217481.50449105888
731,176.96629603248556,3.876510032884644,222.62904092627582,4.876769746112218,225.114138403979,5.143940019557997,220.57319644026177,5.110168180777853,44.353277338984206,25.287545401105973,0.5840515335964457,0.4495251835209506,259905.00000000003,1.0,48.8557632784352,31.001190156845762,1189.8596041874398,98.20673302380541,1194.9461416604872,96.98972177230729,9.311541268277997,5.07167262213885,222.99553935131763,5.124394521722256,3.17548196971493,1.9115246746112948,259905.00000000003,1.0,3.214895512388594,2.4146469540912388,22.843843058267367,3.6840769729766643,22.804429515593704,3.723601125171448,1373819.9229411902,246558.34407822392,258715.14039581257,98.20673302380666,596689.823233246,133077.00183854337,259882.15615694175,3.684076972981217,1053849.606170441,218774.71209652265
732,176.61174578472458,3.7678214061224695,222.18300613804323,4.740036258732104,224.6823450897397,5.053292391574275,220.07213124513945,5.037749408343199,44.56401649749583,25.22858016103371,0.590458982736991,0.44222381601414773,259905.00000000003,1.0,47.43134052620958,28.22059671348867,1186.401821175989,101.2479713119626,1189.8596041874398,98.20673302380541,10.016058472959786,5.353061962404488,222.4974570388262,5.14377409142757,3.1205922752176605,1.949994720001503,259905.00000000003,1.0,3.1699976223232524,2.420863091675825,22.893248405372958,3.6477460666907455,22.843843058267367,3.6840769729766643,1371991.288718217,246490.92081988044,258718.59817882403,101.2479713119625,589199.6961610797,117306.45001016643,259882.10675159463,3.647746066693667,1051300.133876752,220928.23331822117
733,176.3060128835586,3.6233911026784407,221.7983847195585,4.558338507038711,224.26235723386046,4.844560334457234,219.63465419062598,4.839075769914302,44.76656993687475,25.165199672022393,0.5861461675203927,0.4459033611775406,259905.00000000003,1.0,46.183698201258075,26.79249467586747,1184.3985467440853,103.7246262647543,1186.401821175989,101.2479713119626,10.416499730742563,5.183611150742133,222.03929276912532,4.961564409616628,3.120920523104698,1.9497583510264689,259905.00000000003,1.0,3.144778443977769,2.4348125622621177,22.91710632624603,3.630473721183555,22.893248405372958,3.6477460666907455,1366372.6642399055,248430.88702078143,258720.60145325592,103.72462626475506,578495.7435650338,99068.48123299032,259882.08289367377,3.6304737211871787,1045809.5370146686,225187.98274621475
734,175.97946225938153,3.432209177541848,221.38757398852255,4.317826124463216,223.80424091541101,4.477139621604815,219.23187936192954,4.589701953611431,44.80913304249958,25.160281095876513,0.6017327148237128,0.4413470612403777,259905.00000000003,1.0,45.50198243927563,26.4262145236512,1183.1039646324855,105.50386816450037,1184.3985467440853,103.7246262647543,10.150271466271866,4.8757112213628515,221.6351817802669,4.7558010445887,3.1256964094517508,1.9459789473258249,259905.00000000003,1.0,3.1487461056210466,2.431933273467561,22.940156022415326,3.612276345859719,22.91710632624603,3.630473721183555,1360046.9702564043,255731.33936477653,258721.89603536754,105.50386816450002,566639.5092813432,94577.46962753947,259882.0598439776,3.6122763458627176,1041584.0929663337,230642.1874311757
735,175.6464381735276,3.234914444227042,220.96861960822125,4.069623439207717,223.33776478928687,4.080506662509956,218.81774598067938,4.322422238483441,45.135546729619804,25.138382607026315,0.6014186269124878,0.44080710463578904,259905.00000000003,1.0,45.763922479791525,26.448050685274193,1181.8741702554014,107.22005214967552,1183.1039646324855,105.50386816450037,9.935818681457139,4.700215940717159,221.21467971963202,4.511329534111634,3.140156022415324,1.9331210015412899,259905.00000000003,1.0,3.2259390536554515,2.4012307868943474,23.025939053655453,3.5621662261079856,22.940156022415326,3.612276345859719,1358180.4357148004,258497.34444562194,258723.12582974462,107.2200521496759,562930.2218323326,93305.93234924557,259881.97406094638,3.5621662261115423,1043300.8471517552,228327.91740137443
736,175.29033880341575,3.0504881338582486,220.52063596315574,3.8376102927468083,222.85213654226857,3.6478782196744763,218.3915641047587,4.040166610152164,46.69367456745054,26.13400584851455,0.6107202643571438,0.45435053052480334,259905.00000000003,1.0,46.52575775198362,26.406274400272483,1181.431366806511,107.76073239813111,1181.8741702554014,107.22005214967552,9.74716431792335,4.585897701762941,220.79081190386523,4.26994770777317,3.1494687266414845,1.9235943425282631,259905.00000000003,1.0,3.3022145676547274,2.388430217060067,23.178684894668695,3.5395949633442916,23.025939053655453,3.5621662261079856,1360510.1864178774,256017.74603096934,258723.5686331935,107.76073239813218,564337.5616883303,94595.91504084344,259881.82131510536,3.5395949633482493,1049144.2545871178,223519.38489115553
737,174.90578012635018,2.938754412734239,220.03684973275855,3.697047451307393,222.35939599870304,3.350302382218041,217.97490759320752,3.8536215036812047,48.09922218953876,27.289575994857838,0.6183358009870652,0.4611905698175107,259905.00000000003,1.0,46.66105241004732,26.314276948832585,1182.2512007850155,107.06023503699629,1181.431366806511,107.76073239813111,9.360520968296099,4.509372436781146,220.35517416145007,4.064146220205892,3.163135632216495,1.9084516571429608,259905.00000000003,1.0,3.3697153278422083,2.3702608453669614,23.38526459029441,3.5950571462814147,23.178684894668695,3.5395949633442916,1367262.8676054992,249001.16725170816,258722.748799215,107.06023503699761,571305.9990014496,98747.89419751402,259881.61473540973,3.5950571462850758,1063041.3509676105,214185.4749991745
738,174.52691655211018,2.854500261179895,219.56022774689455,3.5910545882281095,221.89428816729787,3.1444034737944833,217.54720446437753,3.706127425838245,49.272076805595376,27.632504103970625,0.6280873576731858,0.46451600274453453,259905.00000000003,1.0,47.38457558050426,26.00038294978144,1183.5106146524333,106.20328485785875,1182.2512007850155,107.06023503699629,9.064072406297969,4.544025468458947,219.8933082619576,3.947770290294021,3.1507004266493754,1.9163451679902845,259905.00000000003,1.0,3.409379176956361,2.354086435433217,23.643943340601396,3.6809810777594882,23.38526459029441,3.5950571462814147,1380094.281536654,231417.7559156455,258721.48938534758,106.2032848578604,587389.5430913072,107464.07785746621,259881.35605665942,3.6809810777621306,1079092.9491489367,195073.59771735416
739,174.18267586823325,2.8174448210603598,219.12716200039733,3.54443851918258,221.4741658957978,3.0774287487611587,217.1413870727478,3.557615563219178,50.44405915059924,27.448222797825654,0.629038291730472,0.464306523946231,259905.00000000003,1.0,48.26088905385052,25.294739676380267,1185.0647464574517,105.37867694626289,1183.5106146524333,106.20328485785875,8.964447617446561,4.647054384302615,219.44770839864574,3.8050292164202104,3.096241869693011,1.9468637485012388,259905.00000000003,1.0,3.4896471443952923,2.345187512659718,24.037348615303678,3.891935453231503,23.643943340601396,3.6809810777594882,1393039.1960284035,212306.86321202898,258719.93525354256,105.37867694626505,606587.6751591807,116407.8210329793,259880.9626513847,3.891935453231281,1094553.0438455853,176899.53227183092
740,173.83918433790123,2.775986001992168,218.69503840569715,3.4922823894842714,221.06219831300618,3.0003951599292993,216.75546952134022,3.4166604774511327,51.97335869460393,27.306350465986487,0.6333333333333334,0.4588509029080926,259905.00000000003,1.0,49.10019066549165,24.584450216208133,1187.3045811532306,104.58972797144287,1185.0647464574517,105.37867694626289,8.825528993784538,4.782555868706702,219.0244403188002,3.6816300437694287,3.061213765221332,1.9716516873083745,259905.00000000003,1.0,3.521190828425778,2.332184261198427,24.497325678508123,4.171766193900915,24.037348615303678,3.891935453231503,1401225.3552026092,200851.56328245133,258717.6954188468,104.58972797144493,617316.1604982486,124844.25569299494,259880.5026743215,4.171766193902508,1102897.4862913454,168537.39958451095
741,173.51669927408545,2.7402753913114735,218.2893413981621,3.4473570311547133,220.6712454109571,2.944006283780268,216.4014456802114,3.30198050138557,53.08978292513051,27.3112416493663,0.6333333333333334,0.4588509029080926,259905.00000000003,1.0,49.612073085211705,24.110693063519538,1190.148957659816,104.21729662184583,1187.3045811532306,104.58972797144287,8.514573918651521,4.890999041415222,218.6081389246499,3.544954972798945,3.026492870637606,1.9889977134476555,259905.00000000003,1.0,3.5148237573306615,2.334674110545447,24.98565656520118,4.458054994298472,24.497325678508123,4.171766193900915,1400195.530309034,201226.50076224486,258714.8510423402,104.21729662184809,626556.3622854671,133319.02905232186,259880.01434343483,4.4580549942997,1104204.9113510237,168558.5372113016
742,173.2338138646735,2.6735094920980815,217.93346169433767,3.3633627984829992,220.30958249075954,2.8578460270464148,216.07078530213323,3.1771822525569675,53.95965467026931,26.804920432731247,0.6142157515798415,0.47315340851406784,259905.00000000003,1.0,50.605140562400386,23.398765513235155,1192.8892560161053,103.90019702736863,1190.148957659816,104.21729662184583,8.255924441706291,5.04753041150844,218.22874356854024,3.38854958706289,3.0136669055750107,1.9923532555864176,259905.00000000003,1.0,3.387872384605081,2.2898103641135874,25.35986204423125,4.771666648884059,24.98565656520118,4.458054994298472,1390386.1087964028,205245.81881754502,258712.1107439839,103.90019702737061,631381.5954588411,137782.9933929895,259879.64013795578,4.7716666488858355,1094383.448489391,169492.01286938105
743,172.96457060859345,2.5937863698287806,217.59474422763574,3.2630679287448925,219.97393067651495,2.8168073657186663,215.7705703419528,3.067670838929545,54.40771575734519,26.634803579605443,0.5985635994737754,0.48570381278572994,259905.00000000003,1.0,51.20621583003432,22.675616806931174,1195.4921923439422,104.04825250898115,1192.8892560161053,103.90019702736863,7.916379396619989,5.119048669770557,217.8926395942715,3.223658638148562,2.8919768856654215,1.951480160477424,259905.00000000003,1.0,3.2814075660244613,2.2674584186127116,25.749292724590287,5.063384470054857,25.35986204423125,4.771666648884059,1373963.1850060914,208303.72526755734,258709.50780765607,104.04825250898267,633500.2198652398,138943.50415206916,259879.25070727544,5.063384470056294,1081235.3499739014,168690.16740622142
744,172.7264959820866,2.4695713414857945,217.29523790224184,3.106800607665912,219.66737550418938,2.7475212365485624,215.4864907750805,2.9140874505205265,54.743453316239794,26.401243490670474,0.5857487011926846,0.49649958893987883,259905.00000000003,1.0,51.93784891994159,22.06915699031825,1197.7120480390479,104.18523774723661,1195.4921923439422,104.04825250898115,7.688158694658894,5.198421228304239,217.58093482919045,3.0401959879255678,2.790810355499337,1.929358818960051,259905.00000000003,1.0,3.1671003408248337,2.2906410470973815,26.125582709915783,5.267156719981894,25.749292724590287,5.063384470054857,1361401.541607327,213206.93597518592,258707.28795196099,104.18523774723819,636141.2404230218,140934.35700186307,259878.8744172901,5.267156719982011,1069893.6494534698,172362.199231652
745,172.50232641068925,2.312995315703085,217.01322450205393,2.909821921945137,219.3904126999139,2.6445000336155866,215.21787532077627,2.6859204095936633,54.41904744447184,26.634751821685185,0.5752567498723895,0.505664699275397,259905.00000000003,1.0,53.18695557609985,21.148455755409476,1198.3688831575473,104.20857760347091,1197.7120480390479,104.18523774723661,7.493729910720134,5.298624493767352,217.29146001687587,2.7877485003277584,2.75225967780789,1.9118851361853246,259905.00000000003,1.0,3.067471192024154,2.32893304614839,26.44079422413205,5.32896323794684,26.125582709915783,5.267156719981894,1346404.5593096183,225736.9439188802,258706.63111684247,104.20857760347252,637003.624096064,141080.19499985164,259878.55920577588,5.328963237946646,1055673.0104082604,184145.5720013753
746,172.31294593653942,2.1808486827376257,216.7749770545854,2.7435766120134195,219.12762395801,2.5011595391372565,215.00268180009226,2.4874688212229277,52.743449202451245,26.72777550974217,0.5953430392969045,0.5162566909607033,259905.00000000003,1.0,54.34247002458417,20.269561805580953,1196.1745192961175,103.83512341526671,1198.3688831575473,104.20857760347091,7.360597267208438,5.403130192907036,217.01892263773823,2.4629138659993215,2.7337723259526623,1.9109370096587714,259905.00000000003,1.0,2.786157792647682,2.1047195190529444,26.493179690827066,5.35551445823684,26.44079422413205,5.32896323794684,1322528.8032174818,247239.78357352715,258708.8254807039,103.83512341526871,637205.5327525786,140932.23959943367,259878.5068203092,5.355514458235673,1033849.0732906666,202634.3138422712
747,172.20685003057872,2.138297886720705,216.64150417173732,2.690045814374671,218.93631852771097,2.447085533435537,214.87072453565133,2.4200600994557777,49.78735193195048,24.167118131043317,0.6188212674560037,0.5153089517088807,259905.00000000003,1.0,55.655570872735574,19.498776027413292,1189.6874790878765,100.57014828552344,1196.1745192961175,103.83512341526671,7.14744143514393,5.514371748320269,216.8083186661356,2.2380281218362756,2.558662543125856,1.747042884654774,259905.00000000003,1.0,2.5120065351866856,1.8779843474791582,26.446523682887896,5.332441561029379,26.493179690827066,5.35551445823684,1290154.6989412324,259170.87227700913,258715.31252091215,100.57014828552578,636777.128429291,141538.27965131376,259878.55347631715,5.332441561028466,1003895.6508830509,208370.4235928854
748,172.10335274365042,2.070458076128611,216.51130081183962,2.604700854378007,218.75524940004033,2.373337154755953,214.78428128956824,2.38622892443144,47.3699777928225,23.0925960974034,0.6284848240008939,0.5153145291184531,259905.00000000003,1.0,54.538167325589086,17.65825354720709,1181.890804731109,98.11036022457182,1189.6874790878765,100.57014828552344,6.923050565865489,5.564598850983667,216.67358136990902,2.1216297383849603,2.323669498238444,1.3820469421493726,259905.00000000003,1.0,2.252831788847397,1.601852320067332,26.37568597349685,5.304919290709141,26.446523682887896,5.332441561029379,1252666.0471269737,268517.64007936604,258723.10919526892,98.11036022457395,627198.2304944746,145959.1831045228,259878.62431402653,5.304919290708124,975005.960991594,223758.3623682614
749,172.02778926219696,2.0151033017656,216.4162394219366,2.5350628461640983,218.61727972899035,2.311106561397266,214.7207635836957,2.3522645082744917,44.778045970249984,21.263572054836978,0.6650730475585412,0.5364889457870592,259905.00000000003,1.0,54.09838061645825,17.114386557063725,1171.9053970373423,95.5126140928134,1181.890804731109,98.11036022457182,6.7096678307858,5.643953723907575,216.56096504911656,2.012028711326418,2.1191888491682174,1.0763735584033054,259905.00000000003,1.0,2.025036354490757,1.3612334154348826,26.28153347881939,5.272985291991774,26.37568597349685,5.304919290709141,1217014.0478938778,285990.41365018615,258733.09460296266,95.5126140928164,621431.1301852551,152087.99070607134,259878.7184665212,5.27298529199097,946152.3939589506,246603.55263370404
750,171.96448621068942,1.9726571616634412,216.33660231433817,2.4816646221598124,218.4924581726478,2.242070242688396,214.63953880044053,2.311617419206854,42.8137472506998,20.297310984090384,0.6950289513856794,0.5416833375176235,259905.00000000003,1.0,53.120902252007376,15.989002030348605,1160.903213084649,93.6210663366994,1171.9053970373423,95.5126140928134,6.602867016598677,5.633021519566783,216.47299748796152,1.9201581486008015,1.9341918401350162,0.8444538033362755,259905.00000000003,1.0,1.8516085004949763,1.2013153716203595,26.19895013917935,5.245170211269069,26.28153347881939,5.272985291991774,1189152.4603489928,287346.48937553656,258744.09678691538,93.62106633670254,619172.2410281412,154230.2172971366,259878.80104986083,5.245170211267881,924543.336260749,254141.04898618223
751,171.8278572689453,1.926539590959092,216.1647190970935,2.423647665370891,218.3562626462923,2.1924001204222026,214.487999111648,2.2866499343250926,42.36847358110967,20.14173600601649,0.6516525778866925,0.4936646229168665,259905.00000000003,1.0,52.23918704224266,15.356217139105588,1150.3808470456293,92.3192696666165,1160.903213084649,93.6210663366994,6.513890737046481,5.563206805451022,216.37351309760126,1.8589392066891521,1.827006571349807,0.6352717727332174,259905.00000000003,1.0,1.77742161032383,1.2027701830218267,26.149365178153374,5.242297101399527,26.19895013917935,5.245170211269069,1175868.9137802557,287114.17566644127,258754.6191529544,92.31926966662151,618057.7004269784,155202.6233738191,259878.85063482187,5.2422971013983615,916414.941599119,255593.952365492
752,171.68721592294702,1.8246840063353023,215.98778835474442,2.2955107648708446,218.21481589501084,2.1168087264394524,214.26306627538523,2.2183575719682826,42.3929581533374,20.131910961688533,0.6161390069460752,0.46524083140872563,259905.00000000003,1.0,52.198794759974355,15.329900424060389,1139.9588714320462,93.10151321292733,1150.3808470456293,92.3192696666165,6.617063984709221,5.6308903515684525,216.20828661972502,1.8112567476424015,1.805073208731364,0.6293199829903502,259905.00000000003,1.0,1.7578896565563475,1.2037530022469256,26.102181625978357,5.241651598441421,26.149365178153374,5.242297101399527,1167460.2836534737,285764.41636581405,258765.04112856797,93.1015132129289,624599.7628904638,151646.8625650045,259878.89781837404,5.241651598440329,906794.6589693578,256783.0416317947
753,171.5304556528618,1.69463282723086,215.79057943779577,2.131902241650909,218.06577639454468,2.007240364821528,214.02331234102235,2.0453960981093,42.60110990608427,20.04158613771106,0.5905794369113871,0.4556748210712346,259905.00000000003,1.0,52.59820603803793,14.985924959985615,1129.3711958631811,93.41862223580924,1139.9588714320462,93.10151321292733,6.8322878306932155,5.713975923374225,216.04559716122714,1.6895099360546444,1.7981112837744173,0.6299733382428608,259905.00000000003,1.0,1.75596417592326,1.2048679259113033,26.0600345181272,5.246205024078594,26.102181625978357,5.241651598441421,1153013.1930826833,280685.8997904388,258775.62880413682,93.41862223581013,626241.8427036473,151340.15575653568,259878.9399654819,5.246205024077661,890926.5588027986,251502.14949074338
754,171.35551802668812,1.5143371538278454,215.5705027746559,1.905085006580843,217.89167515079822,1.8599373690413339,213.78625743269632,1.780812206507537,42.95483339055698,19.71567299353409,0.5591035829505017,0.46295557003307886,259905.00000000003,1.0,52.752462539261025,14.755655237636574,1119.0144631315266,93.28593620884075,1129.3711958631811,93.41862223580924,7.015531177488055,5.72091826460572,215.8894919782227,1.5392836426021885,1.7612091434965846,0.6228660822025149,259905.00000000003,1.0,1.7614206910065193,1.2002790574821902,26.060246065637134,5.246136532122752,26.0600345181272,5.246205024078594,1144939.0614078606,278837.66985295375,258785.98553686848,93.28593620884438,626212.362570327,151349.5365259778,259878.9397539344,5.246136532122075,881605.2233419999,247107.39371976632
755,171.21067709551141,1.3151416974950916,215.3882887454544,1.6544912979114856,217.7297432709093,1.7135526679407231,213.59893399864268,1.5098191850786828,43.125225055152434,19.49997263691057,0.5333333333333333,0.47206019147277983,259905.00000000003,1.0,53.142690010851474,14.013714953355448,1108.4636648424944,92.84503386621422,1119.0144631315266,93.28593620884075,7.134900454053105,5.669803167908893,215.75135748904367,1.41077616321951,1.740555017273471,0.6283458492009656,259905.00000000003,1.0,1.7719304159405513,1.1908528033747419,26.091621464304215,5.230534496764566,26.060246065637134,5.246136532122752,1132863.5699933784,282472.9100863352,258796.53633515752,92.84503386621702,625891.030915875,151580.68751861987,259878.9083785357,5.23053449676384,866815.4617764654,247714.79078061465
756,171.15122425227415,1.2144474930433204,215.31349516313327,1.5278146518231137,217.60568361182447,1.5739755395325405,213.4807313688709,1.2930362341682318,42.629191565442184,20.15929350856497,0.5142157515798416,0.48188739298732886,259905.00000000003,1.0,52.87052686524148,14.320759149561813,1097.7081137911152,93.56511789723375,1108.4636648424944,92.84503386621422,7.239664717041608,5.580209261527083,215.64024384881466,1.2800634773720936,1.6678272722196101,0.6392975091872889,259905.00000000003,1.0,1.7840515335964457,1.1797268679294322,26.20784572568105,5.149978815306192,26.091621464304215,5.230534496764566,1109927.097908059,285596.6808315318,258807.2918862089,93.56511789723481,624745.9595400451,152581.51040448184,259878.79215427436,5.149978815304794,841919.9778107314,247649.2665136151
757,171.1057372429915,1.1802583992843712,215.25627116833076,1.4848037390314925,217.53553742472988,1.48985346206092,213.4334582535573,1.2405750914383855,42.81913684400108,20.03648453961096,0.4985635994737753,0.4909288431009452,259905.00000000003,1.0,51.63243269887132,15.559811333892723,1088.396254336771,93.96251770225415,1097.7081137911152,93.56511789723375,7.247531311299438,5.573475856473638,215.61613404767843,1.2402999642067614,1.6047663480959873,0.587062457112784,259905.00000000003,1.0,1.7331062374765158,1.204807487432285,26.336185615061577,5.031686740579717,26.20784572568105,5.149978815306192,1081661.7842497057,278057.97108894173,258816.60374566325,93.96251770225372,619907.9861856062,156958.79725381263,259878.66381438496,5.031686740576915,819195.5293370368,239983.69292928974
758,171.10085743785646,1.1791762111249815,215.25013193013217,1.483442245183158,217.49266784325906,1.4686957160207983,213.44452956876256,1.242380971786315,42.86103441736254,19.995601766765667,0.4857487011926846,0.498962342052236,259905.00000000003,1.0,50.325764163398524,15.046599398809926,1080.4457758895426,96.40429447368172,1088.396254336771,93.96251770225415,6.817337890656863,5.532663290578038,215.60996521409103,1.2376970949821549,1.548084779029016,0.5733664788822702,259905.00000000003,1.0,1.672278175064973,1.2128191043637488,26.460379011097533,4.906934352585179,26.336185615061577,5.031686740579717,1056768.117731334,268725.72221667966,258824.55422411047,96.40429447367991,615667.109291688,160597.37034580513,259878.53962098891,4.906934352583125,800246.0817655347,234067.68941825855
759,171.08843748490193,1.175841716238138,215.234506916149,1.4792472602584117,217.43087414002966,1.4377562043002756,213.4807351991049,1.2297249435373234,42.737344943955534,20.121428809288158,0.4752567498723895,0.5059423055181638,259905.00000000003,1.0,48.77350776578298,14.416128582455581,1073.9343563178427,100.06890323921343,1080.4457758895426,96.40429447368172,6.312184653377041,5.2934888165743645,215.63633987133693,1.2365869528224203,1.5157437658852209,0.5422367015968935,259905.00000000003,1.0,1.6224763697184958,1.228827257534511,26.56711161493081,4.776408267991437,26.460379011097533,4.906934352585179,1027323.2836980294,249736.73532378764,258831.06564368217,100.06890323921347,606975.0130548117,164306.67945039863,259878.43288838508,4.776408267988353,780161.0963402685,226808.4971213453
760,171.11665367476832,1.1699659122421064,215.27000351959808,1.471855423450241,217.3973688195486,1.4287082255571195,213.54432895870005,1.1930572441670264,41.4607914360046,20.447250504645265,0.4571078757899208,0.5130889704782217,259905.00000000003,1.0,47.510749704609395,14.399511146612685,1067.427290173448,103.92562552242121,1073.9343563178427,100.06890323921343,5.911675436521909,5.184201557638518,215.65062839330295,1.2345482157494236,1.4953074920694305,0.5318335487288679,259905.00000000003,1.0,1.5781856174765196,1.2410016430138213,26.649989740337897,4.661657697493161,26.56711161493081,4.776408267991437,1000293.351002417,226453.04073380574,258837.57270982658,103.92562552242185,603578.8833476864,165445.13788822928,259878.3500102597,4.661657697493529,760570.2245540927,216600.36760933202
761,171.12377101872963,1.168787918400185,215.27895744165684,1.4703734967676423,217.3656529163713,1.4248016729250617,213.61551270713792,1.1438556319096043,40.49894438167559,20.92039573103225,0.4492817997368877,0.5183604781339771,259905.00000000003,1.0,46.19181333646068,14.864023029849106,1061.2851394189258,107.70600575296773,1067.427290173448,103.92562552242121,5.583766223791434,5.1537866219281065,215.70759497445155,1.2033081755627433,1.5022004076789144,0.5302574646964814,259905.00000000003,1.0,1.5323646256623102,1.248201097863456,26.680153958321295,4.618701612759013,26.649989740337897,4.661657697493161,978162.9591097534,222707.04726882826,258843.7148605811,107.70600575296858,600025.4785352327,167689.1723163461,259878.3198460417,4.618701612758812,747316.4674107631,218156.5480482471
762,171.0626122151578,1.136244039543583,215.20201741643933,1.4294317828517602,217.24662404789566,1.3929485737220182,213.62072435275064,1.1437407857671265,39.35554462810362,21.822005333506713,0.5384622593638013,0.6781312940253746,259905.00000000003,1.0,44.14162108879373,13.86996287043178,1055.960600698872,112.06777334770995,1061.2851394189258,107.70600575296773,4.876583143842383,4.145903119942856,215.7036924135676,1.2055941959215366,1.6512257128179586,0.8931439755344666,259905.00000000003,1.0,1.4872720937733168,1.2478575912712349,26.51620033927665,4.905543896409965,26.680153958321295,4.618701612759013,956766.2446526145,216063.4815981671,258849.03939930114,112.06777334770956,593132.6521640035,166175.88334591142,259878.48379966075,4.905543896411385,737615.3837576152,220588.7309441252
763,170.9551592802545,1.0402443811272186,215.06683799154493,1.3086607952494766,217.09835634427148,1.2595299763045806,213.52841272145915,1.101208010696304,38.26844874688712,22.58360197316183,0.611477044233985,0.7498189694283591,259905.00000000003,1.0,42.764689228128454,14.431508830272712,1050.8528831733968,116.55839515836276,1055.960600698872,112.06777334770995,4.569547160761888,3.765357389415077,215.59359232598896,1.2019791138368887,1.7898290692908942,1.186436607586357,259905.00000000003,1.0,1.457386416473672,1.2587032054104772,26.18375768645943,5.600818492704159,26.51620033927665,4.905543896409965,944160.3980427538,212241.933970651,258854.1471168266,116.55839515836111,595364.7155435293,166740.6182258269,259878.81624231357,5.600818492704221,732453.265900199,220916.65948035647
764,170.8465747327428,0.9603602118751441,214.93023496495454,1.208163859963405,216.91329770640382,1.0982155951556063,213.39196512214752,1.0066100778216325,37.288765950991035,23.021759427979337,0.6521389122830853,0.7870689214587625,259905.00000000003,1.0,41.63760218278206,15.192689027202572,1045.8519080293227,120.83074422144863,1050.8528831733968,116.55839515836276,4.297960754434581,3.502054409900266,215.43428489238084,1.1652941270249175,1.884190317961625,1.2876989440528854,259905.00000000003,1.0,1.4233593025151425,1.2712673334425175,25.722926671012946,6.568797778709826,26.18375768645943,5.600818492704159,941355.8660308558,212210.89866326566,258859.1480919707,120.83074422144821,613261.805188779,176903.82768946182,259879.27707332902,6.568797778711481,740827.5474691527,224221.3194441237
765,170.8324741756905,0.9345626410867429,214.91249578929697,1.1757091837973772,216.83649659414982,0.9370880370447706,213.28404001478452,0.9334085505520086,36.91414523201952,22.928703896149567,0.6602701441482571,0.795526484054206,259905.00000000003,1.0,42.20401142001096,15.881608801441912,1039.901771697183,126.38646120699784,1045.8519080293227,120.83074422144863,4.043411756180232,3.2987829908199076,215.2900121395075,1.1400158047201467,1.948371500624433,1.3247552918095253,259905.00000000003,1.0,1.319029930864838,1.229843832399837,25.093585101253353,7.717568986419646,25.722926671012946,6.568797778709826,957920.5105744873,232379.0481286824,258865.09822830284,126.3864612069988,642485.2555213316,229133.858498598,259879.90641489878,7.717568986420036,746886.0883522368,227445.32828440494
766,170.9528945873691,1.2347660722468778,215.06398810820255,1.5533741554346403,216.90617732115896,1.164316288549658,213.3081303310245,0.9841994612584657,35.338093856172726,21.048721238890757,0.666927433736681,0.802523599373239,259905.00000000003,1.0,43.85779470365465,19.54653259170454,1030.7151434159643,135.4579632412093,1039.901771697183,126.38646120699784,3.79676949963722,3.131194425500172,215.26775176439742,1.1103617395894845,1.9974021259933776,1.3301112041147236,259905.00000000003,1.0,1.1893347941077141,1.1368621732618207,24.28551776936769,8.916089256219605,25.093585101253353,7.717568986419646,983649.5635044737,288095.8814393694,258874.28485658407,135.45796324121162,680856.531141656,314161.98041198705,259880.71448223066,8.916089256217866,750266.5801766929,231352.32248999013
767,171.21341131933298,1.7717642006102718,215.3917261081412,2.228934796623001,217.14303667766185,1.7918749780653525,213.46014171753254,1.3291899847159019,33.7538370688787,18.44262005457077,0.6372131349947496,0.8014340450153098,259905.00000000003,1.0,46.30234670433153,22.31160425953634,1017.5294206455168,146.71974954939287,1030.7151434159643,135.4579632412093,3.7027578382989934,3.1477881570691593,215.41175369989332,1.4337703627297318,1.9752389762586526,1.3474017947040975,259905.00000000003,1.0,1.0650224724278003,1.050128826423449,23.375301265536837,9.932892115922115,24.28551776936769,8.916089256219605,1011918.6685838335,346846.66859714704,258887.4705793545,146.71974954939463,717975.7093007367,379019.0525953822,259881.6246987345,9.932892115920918,750497.3817291672,231739.56107598296
768,171.62674124126798,2.6329892972526325,215.84239071563164,3.0388114663044257,217.49012444381253,2.528196573277988,213.73095194881975,1.8676372527611864,32.60608312186749,16.85182816763814,0.6128851248085841,0.8035636076091868,259905.00000000003,1.0,48.642939791040405,25.78917026838187,1000.8796788515352,160.9734029878502,1017.5294206455168,146.71974954939287,4.010218915068845,3.6187344937700807,215.68303931261366,1.888839739530792,1.9153416778327657,1.3947116459681692,259905.00000000003,1.0,1.1257435965866125,1.2096179415992514,22.585703184290683,10.435110476166818,23.375301265536837,9.932892115922115,1042133.8295054649,403046.875963422,258904.12032114848,160.97340298785187,749239.5733913481,427913.93807377096,259882.41429681572,10.435110476166106,746871.157235467,227273.43728850622
769,172.1489610987761,3.577900806496768,216.37359087828148,3.849198265394798,217.94278844218113,3.318721655927534,214.0980357906965,2.5743882884944176,31.799115717832933,15.885666658251525,0.6000000000000001,0.8077954262591214,259905.00000000003,1.0,50.718139927966355,27.59482612058079,981.3606546414018,176.59348707357177,1000.8796788515352,160.9734029878502,4.328313778669872,3.9264544301174524,216.06182939608894,2.58836152465831,1.8828936737539723,1.421544462008243,259905.00000000003,1.0,1.1502979583126727,1.2836236913333914,21.853107468849384,10.543766367561224,22.585703184290683,10.435110476166818,1072991.4517574348,452973.2531758972,258923.63934535862,176.5934870735736,777935.628714234,467830.08601758565,259883.14689253116,10.543766367561398,734829.1117050671,216844.89026836265
770,172.72828449631567,4.3951194205173545,216.93056068195847,4.477785063960581,218.43342777587824,3.986987044822245,214.51756817842772,3.2289139818123904,30.30428605555672,14.000277277628452,0.6000000000000001,0.8077954262591214,259905.00000000003,1.0,51.71818397763819,27.768609358168597,959.3467567193203,191.03029903325557,981.3606546414018,176.59348707357177,4.65665001909469,4.161481874502867,216.53193010571107,3.356734268270507,1.8694027684614223,1.4300160774012018,259905.00000000003,1.0,1.2463271849318245,1.5169391363546463,21.230031885319786,10.380481694264455,21.853107468849384,10.543766367561224,1093879.2787548036,474881.2450954424,258945.6532432807,191.03029903325572,801526.45291323,489682.99036341475,259883.7699681147,10.38048169426246,728330.651661427,209672.79251026994
771,173.31167538091955,5.019100380274866,217.4558324606185,4.880079204689431,218.93103863447575,4.496538428668229,214.94613988993643,3.7399908903300783,28.685298227865747,11.987773335876904,0.6000000000000001,0.8077954262591214,259905.00000000003,1.0,51.995661881924484,27.63968174142444,935.4363930652617,202.08769325581696,959.3467567193203,191.03029903325557,4.977770090571527,4.346916784594737,216.9958613492527,3.8760982093294056,1.877474931165041,1.428931405862345,259905.00000000003,1.0,1.3616492609427702,1.7346033609219547,20.714206215097516,10.077799915469155,21.230031885319786,10.380481694264455,1099273.9995073779,478380.4363282534,258969.56360693477,202.08769325581375,812932.7922217579,495404.9533264987,259884.28579378492,10.077799915467295,716274.7144648167,195981.95300707195
772,173.90795489598653,5.609217566430782,217.9659737950544,5.244061497558653,219.4273243296131,4.9320025127831295,215.38865001057016,4.193343480061434,27.528128125885658,11.385061349463394,0.6000000000000001,0.8077954262591214,259905.00000000003,1.0,51.442386158205984,27.876301941685387,910.9221350329412,210.67792816261888,935.4363930652617,202.08769325581696,5.3860441457939805,4.587129755879004,217.44067553060003,4.278220189201671,1.8971591325371004,1.4393277055549059,259905.00000000003,1.0,1.485734020773256,1.9290285119897734,20.302781103333672,9.740867489232336,20.714206215097516,10.077799915469155,1100445.8193658446,478596.7134743644,258994.07786496708,210.67792816261812,818622.8583842544,496498.5632127214,259884.6972188967,9.740867489229737,704599.2565006312,192821.1823336674
773,174.459284018757,5.992726120409936,218.42120813908156,5.443805863514754,219.95169677383362,5.315099334567652,215.8186749582117,4.536315626613801,26.37701079725664,10.6413046541598,0.6000000000000001,0.8077954262591214,259905.00000000003,1.0,50.95993201030063,28.325789160959207,885.7392138198973,215.21938334345373,910.9221350329412,210.67792816261888,5.590745324048161,4.565849490537187,217.90604265167337,4.69601837754011,1.9560174967644708,1.4696362719388332,259905.00000000003,1.0,1.5275458246525666,1.9584168965705073,19.874309431221768,9.34886924043787,20.302781103333672,9.740867489232336,1101351.2090166886,478618.818267558,259019.26078618012,215.21938334345305,824769.5731695251,496600.8696573629,259885.1256905688,9.348869240434905,698964.6026659639,189335.78477102285
774,174.94998088230724,6.258492610713387,218.80154915607957,5.5619582210622545,220.41605673950716,5.54612092589342,216.18238807829886,4.73004546926981,25.415982569615743,10.503350980709568,0.6000000000000001,0.8077954262591214,259905.00000000003,1.0,49.96579847427236,29.069565835554595,860.5893979152406,216.94126522230522,885.7392138198973,215.21938334345373,5.7633921250456,4.548497584911423,218.3142925951373,4.946265728465673,2.000690166987272,1.4829647844451925,259905.00000000003,1.0,1.5723278822682594,1.9627795236699048,19.445947146502753,8.951751165193745,19.874309431221768,9.34886924043787,1096541.516431549,479360.0393059728,259044.41060208477,216.9412652223046,823196.8894619865,496833.95875539526,259885.55405285352,8.951751165191224,694191.0170322089,187135.06852163514
775,175.3746532359447,6.4024364689238595,219.1009597927543,5.589462422080305,220.82776616077984,5.689977367314955,216.48225087499776,4.845865392828811,24.92905088704242,10.561354932815108,0.6000000000000001,0.8077954262591214,259905.00000000003,1.0,48.47814990871734,29.8857922488263,836.4402988935658,216.85825095094648,860.5893979152406,216.94126522230522,5.940997219827143,4.502687531939498,218.66396658803293,5.112169441444359,2.0146309915212868,1.494938824635983,259905.00000000003,1.0,1.6009687076710233,1.9568479599654416,19.032284862652492,8.631893795651477,19.445947146502753,8.951751165193745,1095533.7078602666,479706.7309236635,259068.55970110645,216.85825095094546,822503.2831948886,497065.97913569276,259885.96771513738,8.631893795649201,694280.2121189268,187141.87100843003
776,175.76315376631973,6.4860767042548355,219.3559767183379,5.581142484631626,221.17423022631638,5.744501227631298,216.71374102070658,4.898098729757597,24.487150811342374,10.746766710739275,0.5617648364930165,0.8081554811293634,259905.00000000003,1.0,47.008022867020706,30.58614523912189,813.3576620013944,215.71770486333082,836.4402988935658,216.85825095094648,6.120135996627802,4.420714314210184,218.9301963836849,5.1811096918283654,2.009453017121779,1.493251111853706,259905.00000000003,1.0,1.6460612395600167,1.9441236677181863,18.66889308509073,8.385867400205784,19.032284862652492,8.631893795651477,1098763.3238976044,477764.8269537179,259091.64233799864,215.71770486333045,823989.6697637488,496258.864399771,259886.33110691493,8.385867400204916,698311.2059585961,185422.60470384924
777,176.11405420812787,6.532397274002708,219.5645930280005,5.558995871801451,221.47205530805465,5.7435702278732865,216.91139111024918,4.91148947299698,23.910553090583548,10.999950408060778,0.530460532280884,0.811217057332049,259905.00000000003,1.0,45.33570879650259,31.026632570340713,791.4020457631945,214.27717459829285,813.3576620013944,215.71770486333082,6.297558474879086,4.326515611871562,219.1520048260794,5.201741423531635,2.020814749349731,1.4919096353648529,259905.00000000003,1.0,1.723740871243391,1.9279003974477777,18.37181920698439,8.187524846708346,18.66889308509073,8.385867400205784,1100990.098770771,476142.27599658404,259113.59795423681,214.27717459829177,828040.5710407225,493482.8353037557,259886.62818079305,8.187524846707054,702257.956174882,182994.41241002423
778,176.41732509848498,6.542925938791313,219.7145669761699,5.528514591524649,221.72126695134372,5.708461060552633,217.07100892998417,4.906211276963239,23.664270936976525,11.11538909528579,0.5048307357187025,0.8155588653334096,259905.00000000003,1.0,43.40816133906795,31.369720582676276,771.1533246253844,212.89170399018892,791.4020457631945,214.27717459829285,6.403593893542448,4.268080110807695,219.3382117247304,5.205008417337867,2.076920246255432,1.4941668579548875,259905.00000000003,1.0,1.7777807837135944,1.9088597674822283,18.072679744442553,8.010357628947025,18.37181920698439,8.187524846708346,1102369.0550048605,474835.72718924674,259133.84667537463,212.89170399018903,828812.4891259483,492847.0120734301,259886.92732025558,8.010357628945458,706438.490371394,178283.18541834652
779,176.63692528751045,6.513192404414842,219.76192477267554,5.509249891560763,221.8888764484771,5.658030705525727,217.14713828379578,4.891055421636025,23.946614015952207,11.187502679374358,0.4551704604478745,0.798698093360114,259905.00000000003,1.0,41.463963981158905,31.567419454834873,753.1808041997298,211.1635061138784,771.1533246253844,212.89170399018892,6.540728131686094,4.17349224328712,219.46731257336154,5.189750544941227,2.1515319146190888,1.490827916125429,259905.00000000003,1.0,1.8602600854535758,1.8932836193939688,17.78140791527704,7.844858573374474,18.072679744442553,8.010357628947025,1108456.5952008835,468891.5815806668,259151.8191958003,211.16350611387898,829214.6520873822,492476.9179036785,259887.21859208474,7.844858573372811,716423.2915691512,165428.0388335989
780,176.80759901754493,6.463580672348491,219.74965987577403,5.516458319069811,221.9848963635973,5.612255416357518,217.13931196392116,4.8954743713302555,24.133499505890605,11.238813599976393,0.41451206587732964,0.7894267453254709,259905.00000000003,1.0,39.93870788687104,31.87639113406112,736.961083752872,208.8688537651252,753.1808041997298,211.1635061138784,6.737051953522348,4.265813262737314,219.50362322959384,5.177007406167808,2.286563283476115,1.511489255900529,259905.00000000003,1.0,1.9816246888949602,1.9182198477756671,17.476469320695884,7.6613275016238145,17.78140791527704,7.844858573374474,1117967.4434545722,464699.7749632498,259168.03891624714,208.86885376512546,834433.9938917272,489093.7356029982,259887.52353067932,7.661327501621606,728601.7218764726,164431.51881387364
781,176.98044350956812,6.357070771376518,219.74241630881326,5.5237641998846,222.0167567066232,5.586592870300929,217.13015541677206,4.904396289746047,23.923077618764886,10.933359382258955,0.39528971845569355,0.792357524703965,259905.00000000003,1.0,38.633919507694934,32.235602043323006,721.8549521454862,204.87086677216146,736.961083752872,208.8688537651252,6.937558636051909,4.531768548591271,219.5006636967088,5.179071831350861,2.362398936928608,1.5362851393413814,259905.00000000003,1.0,2.0704401741294998,1.9175072448865493,17.184510557896775,7.501409035573871,17.476469320695884,7.6613275016238145,1126991.0119630503,464719.61445340514,259183.14504785454,204.87086677216212,841628.0112768132,485141.2112690768,259887.81548944212,7.501409035571434,739958.5026978299,177527.21764134892
782,177.0018564675608,6.337146573389839,219.54986628288435,5.786532867734583,221.9321972528493,5.679240067841886,216.9295015383716,5.246978438208137,25.134199234334794,13.825374533532466,0.37955179147525087,0.7954612807014069,259905.00000000003,1.0,37.13312876837656,32.19314576196785,709.4764708199692,199.75856075622406,721.8549521454862,204.87086677216146,6.939764689793965,4.534163402656984,219.4663200365759,5.217851163113457,2.4652489076816333,1.5895089776472437,259905.00000000003,1.0,2.096897357380263,1.9136400448772353,16.816159007595406,7.349420335667022,17.184510557896775,7.501409035573871,1150736.4563354286,480688.57220723847,259195.52352918006,199.75856075622315,853314.2634078311,484310.0020982202,259888.18384099242,7.349420335666047,761039.0268109491,211435.65936166293
783,176.97672031723252,6.364569659005672,219.30091581329066,6.151259463918912,221.73320374941486,5.943061960500352,216.60299284822716,5.83407145022338,25.979972423846455,15.287353127027519,0.3666666666666667,0.7984690213926396,259905.00000000003,1.0,36.79206703304906,32.15265550669584,698.2977095440999,193.78870627882955,709.4764708199692,199.75856075622406,6.980796674403803,4.587445689246111,219.24982408963268,5.536586122976607,2.5379152366909805,1.600276768232467,259905.00000000003,1.0,2.1603103131004784,1.9094031469379844,16.438554084004902,7.209372603658033,16.816159007595406,7.349420335667022,1187862.1846196284,513700.05379899696,259206.70229045593,193.78870627882816,873735.6061275618,487158.4863045364,259888.561445916,7.209372603657932,790691.8601768411,264485.1643878216
784,176.9258049592521,6.424678029706697,219.0208451536267,6.56023106527109,221.4764519810459,6.311833386254498,216.22371355032206,6.4528971937463195,26.894561546105216,16.343827618148364,0.3666666666666667,0.7984690213926396,259905.00000000003,1.0,36.953229241440916,32.147859987730364,687.8723751820976,186.9604483614128,698.2977095440999,193.78870627882955,7.021968298817866,4.619809414371868,218.9561084681096,5.978860013039006,2.5964187379029258,1.587104617387667,259905.00000000003,1.0,2.226838892138381,1.8973717567894377,16.068974238240358,7.06885181341578,16.438554084004902,7.209372603658033,1227705.4001885916,550841.1482698658,259217.12762481792,186.9604483614127,897578.3024481281,489744.6285909977,259888.9310257618,7.068851813416049,822569.9568591045,324059.3953504519
785,176.8135671106014,6.559916261579504,218.66524791307324,7.050227783953849,221.15027300906175,6.788989303212044,215.79392411196156,7.062914923303685,28.27270881627086,17.578603324733034,0.3666666666666667,0.7984690213926396,259905.00000000003,1.0,36.94873043396313,32.14853393471115,678.8296868977387,179.80645416323284,687.8723751820976,186.9604483614128,7.016995464773704,4.620461715234546,218.62631192837208,6.454303725072725,2.6101431841090506,1.5770825333232061,259905.00000000003,1.0,2.250650199002473,1.884425419214795,15.70948125313378,6.922830090442899,16.068974238240358,7.06885181341578,1278779.4153446762,586965.0095742348,259226.17031310228,179.80645416323247,921967.1772803555,488298.3380008466,259889.2905187469,6.922830090442834,871461.830777306,398140.7919719391
786,176.64652206707376,6.738609076990671,218.2410540285097,7.530673766958805,220.77730596978506,7.280611955429957,215.30948212194562,7.646660769894397,30.147866127946575,18.53211726288491,0.3666666666666667,0.7984690213926396,259905.00000000003,1.0,37.34290149024321,32.1769422287712,671.2679848687753,173.2821660509632,678.8296868977387,179.80645416323284,7.269030092161354,4.6623742112574895,218.24560367968596,6.958604639328612,2.6450045317477633,1.5404434980618242,259905.00000000003,1.0,2.4135271113542704,1.9734498100563524,15.478003832740287,6.735243070906338,15.70948125313378,6.922830090442899,1339938.653123727,623346.2391611171,259233.73201513125,173.28216605096142,947247.0503117669,484223.9588796281,259889.52199616728,6.735243070904949,929634.1170944008,461638.3995592248
787,176.6310689617848,6.751773031024858,218.00308585063885,7.729757103075097,220.47969775146703,7.5626259548582695,214.89968092725152,8.03300065218268,30.398418529724225,18.622768245577657,0.3666666666666667,0.7984690213926396,259905.00000000003,1.0,38.890288393287875,32.39118228287986,662.4094483385451,165.1707248849371,671.2679848687753,173.2821660509632,7.505491767734849,4.604665768002333,217.80535778023076,7.424295750564626,2.6272878032930223,1.5607795354234832,259905.00000000003,1.0,2.653016805168569,2.151941061680443,15.503732834615834,6.768971332874503,15.478003832740287,6.735243070906338,1395866.7216581106,643036.6128554862,259242.59055166147,165.17072488493469,977921.0901108804,478417.10089037794,259889.4962671654,6.768971332872602,980026.4606608339,501709.3919807849
788,176.6220361063302,6.759351673188811,217.77299079283898,7.908156506513419,220.26993866442908,7.731305805919133,214.57087561313682,8.27768272729381,32.030785298136145,20.177307749871154,0.3666666666666667,0.7984690213926396,259905.00000000003,1.0,39.38430369721749,32.47724747085574,654.689263272797,157.11441905127256,662.4094483385451,165.1707248849371,7.688540765513182,4.4472474407543645,217.52557095148902,7.648442777331685,2.647501253724166,1.5409259652400222,259905.00000000003,1.0,2.8254696610787713,2.1916913812879284,15.68170124197044,7.04910355823505,15.503732834615834,6.768971332874503,1441547.7230632706,647532.5237908459,259250.31073672723,157.11441905126884,1001630.1707306873,467440.5853524137,259889.31829875807,7.049103558232423,1023129.151163239,522772.50184969365
789,176.65244811861433,6.736193076628178,217.59109334671683,8.026671251892589,220.09513211208667,7.86042520484101,214.28525472439497,8.458617130700844,33.334267391125955,20.710805562003102,0.3666666666666667,0.7984690213926396,259905.00000000003,1.0,40.49775327830145,32.78823034383641,647.1591107189549,148.85549267783966,654.689263272797,157.11441905127256,7.875653115760101,4.2917374987854995,217.26222833523016,7.837573430655809,2.6509753536952023,1.5385187548687975,259905.00000000003,1.0,3.051700578498003,2.29353236953642,16.082426466773242,7.750480707808521,15.68170124197044,7.04910355823505,1480011.5750015262,640001.6097110079,259257.84088928107,148.85549267783838,1022378.4616117504,454077.8896014077,259888.91757353325,7.7504807078072115,1058322.2417589675,526700.0883827126
790,176.68908170652657,6.70895627022972,217.41668698502346,8.130127745782847,219.9529540859742,7.95104740730981,214.04026497672888,8.57899796110406,34.941116647538074,21.33630857467088,0.4049018301736503,0.8077156825685302,259905.00000000003,1.0,41.51540768317919,32.904966639039365,640.1799178531401,140.55937218011098,647.1591107189549,148.85549267783966,8.019288960311206,4.1399440453246426,217.0614059686173,7.955613197462221,2.6573361888267697,1.5338262172889152,259905.00000000003,1.0,3.2308804796554393,2.3059645513632447,16.65597075760191,8.741259410378975,16.082426466773242,7.750480707808521,1506712.743816422,627526.7752433238,259264.82008214688,140.55937218010973,1035252.8248281118,444149.7266598629,259888.3440292424,8.7412594103805,1082441.9511977136,520964.56507853145
791,176.67913405894484,6.717836783227559,217.1857863352964,8.29277353140264,219.77837905113032,8.072961038546412,213.76289257044928,8.71818322089712,37.56906882261105,23.73464012316824,0.43620613438578276,0.809678280515082,259905.00000000003,1.0,42.24463332960094,32.70131176265377,635.0681472117644,133.02238622010742,640.1799178531401,140.55937218011098,8.02535125587843,4.129875041981766,216.84535464547312,8.075697621046288,2.697262681025214,1.5177565654807388,259905.00000000003,1.0,3.3152745444995806,2.255116497502798,17.27398262107628,9.647632345089258,16.65597075760191,8.741259410378975,1535789.4346087151,608492.3446252177,259269.93185278826,133.02238622010677,1046125.1361115309,433103.53600539506,259887.72601737894,9.647632345089049,1109014.9374410769,512094.5605622476
792,176.59867480919976,6.804957430063999,216.86923236414654,8.562578007480937,219.54387300379315,8.289235282563066,213.44444622658173,8.894318029723973,40.283684772775366,24.694762001178518,0.3662480221805052,0.6711746858870563,259905.00000000003,1.0,42.76975528866875,32.476566341041824,632.2158286736906,128.15743710165802,635.0681472117644,133.02238622010742,8.104259145122812,4.012527411773035,216.58387446774154,8.263489660797049,2.6162368945909473,1.4257661513197093,259905.00000000003,1.0,3.377882106934854,2.2097175463037195,18.035627833420182,10.421441700051645,17.27398262107628,9.647632345089258,1560610.9801780265,588607.778263787,259272.78417132632,128.1574371016547,1051120.2877666575,427760.2716782227,259886.9643721666,10.421441700049916,1134706.1531801678,501993.57570809266
793,176.51445647879686,6.90009445763659,216.54864615358852,8.838120281351634,219.24370783729591,8.57623684425488,213.12005710242983,9.09792274142075,41.93546512239267,24.073636989350494,0.3089711642907643,0.5604198269293407,259905.00000000003,1.0,44.17339970045194,32.24339626593875,629.6689229313405,123.75437271526627,632.2158286736906,128.15743710165802,8.04459917930996,4.075292172711444,216.27195112629127,8.535154319042313,2.5071562882305996,1.2816765998383939,259905.00000000003,1.0,3.470892489828858,2.1458826145202092,18.99936403501844,11.042147137762717,18.035627833420182,10.421441700051645,1574142.3650463722,575615.9003244917,259275.3310770687,123.75437271526104,1047076.183062396,432054.8702451369,259886.000635965,11.042147137759933,1148774.428226698,493612.72241765657
794,176.44305828407855,6.980615551219474,216.24414846210792,9.088321090274242,218.97856354699726,8.824192372026985,212.8390917242147,9.258612755852702,43.322101027216085,23.55536254137893,0.30987079368048576,0.5631140501090081,259905.00000000003,1.0,45.61382473062739,31.887323700159385,627.0673284342488,119.14683298013239,629.6689229313405,123.75437271526627,7.987730108218084,4.148315264897222,215.99212840538908,8.767419151610472,2.4309239147617467,1.2235551101696085,259905.00000000003,1.0,3.5405544968298552,2.0782446937830428,20.10899461708655,11.427944830739127,18.99936403501844,11.042147137762717,1587349.248271268,564115.7222719477,259277.93267156577,119.14683298012748,1035469.3589578812,438900.6324527331,259884.89100538293,11.427944830737083,1152980.8864980377,492371.47552336555
795,176.30134320254243,7.109513061984792,215.85092046323814,9.317406561947486,218.61958588496748,9.089417395403633,212.55544353870494,9.403170962401788,43.440036976626736,23.53145737420485,0.2965414173441756,0.5362565972282795,259905.00000000003,1.0,44.88995495880159,31.59064094162121,625.3208690347298,116.23525810699154,627.0673284342488,119.14683298013239,7.944686133462199,4.208361812862178,215.69534981797756,9.005871355467628,2.3685101262226707,1.2091106677491008,259905.00000000003,1.0,3.620222988682209,1.9932632565082005,21.36070747954609,11.586022164802719,20.10899461708655,11.427944830739127,1578256.7048055916,568425.3626016068,259279.6791309653,116.23525810698865,1007532.8057507281,440449.9359813748,259883.63929252047,11.58602216479932,1153957.073352589,491985.8995769551
796,176.0852521629399,7.237952880059367,215.36313056990952,9.445149424331646,218.15708889732875,9.302580690456715,212.18252989847494,9.4991385346491,42.738504252668136,24.0129524708635,0.27606945614154266,0.49596608976786694,259905.00000000003,1.0,42.64615551929195,29.433177360831465,625.1371483119643,115.9986606162255,625.3208690347298,116.23525810699154,7.912961190240856,4.2554549915706605,215.29635707053393,9.236065039896488,2.303344107545575,1.2347588727542402,259905.00000000003,1.0,3.7080840974125775,1.8894492547983301,22.765447469413093,11.542326739555536,21.36070747954609,11.586022164802719,1546912.7024757809,575864.1238927512,259279.86285168806,115.99866061622252,964391.9564582511,421176.478390629,259882.2345525306,11.542326739554541,1144947.2096824227,496305.7906748056
797,175.80911669572978,7.320478666944824,214.79868752977984,9.422580364288391,217.60983745427606,9.407216973641379,211.75389122570846,9.508277065279538,41.74067743337496,24.650407197894722,0.2944732583892474,0.5045505678283603,259905.00000000003,1.0,40.101389609810916,27.096624775505664,626.4819628771392,117.24184360248208,625.1371483119643,115.9986606162255,7.871930415940552,4.3218060252328145,214.8086267957025,9.350458429212726,2.3052637492738848,1.232132570323013,259905.00000000003,1.0,3.769469241191623,1.7922393793337745,24.22965296133083,11.33917122238344,22.765447469413093,11.542326739555536,1507435.3058401772,580083.612749596,259278.51803712288,117.24184360247871,918383.3813012979,396725.8556682012,259880.7703470387,11.339171222380505,1130868.0469693847,502712.17205458134
798,175.4060777646978,7.297500635215885,214.14357741267546,9.229669703929208,216.99193201932326,9.381153269666505,211.2607834290657,9.40980871104432,40.7918841720218,25.27521226699268,0.31909980813975486,0.5172576785430741,259905.00000000003,1.0,36.831033580947235,23.106970393959006,630.1237136600739,119.10570660536801,626.4819628771392,117.24184360248208,7.434788362389389,4.3977937207990445,214.2897729516,9.351689914767217,2.3269436578065252,1.195344576761008,259905.00000000003,1.0,3.6431617706969126,1.8444050386609738,25.536312283344472,11.290416619268917,24.22965296133083,11.33917122238344,1464843.909812291,577846.4204115042,259274.87628633995,119.1057066053647,872363.6448676396,368498.598118471,259879.46368771666,11.290416619264827,1123223.9856464635,507006.5767840152
799,174.89688521513952,7.124854514058414,213.41148647297584,8.861615274207098,216.27848933632927,9.21406917888288,210.6703922335441,9.164320228542577,39.834005435442776,25.881051966925586,0.32167990853264045,0.5166158407187288,259905.00000000003,1.0,33.79560522204464,19.82835542646735,635.8404339649395,120.12108408063776,630.1237136600739,119.10570660536801,7.025576282653648,4.48356805178017,213.66445981746847,9.198691933260722,2.3316183921233575,1.187338160919269,259905.00000000003,1.0,3.490965348814384,1.9041855897723687,26.67827437310572,11.368485953015766,25.536312283344472,11.290416619268917,1424975.9404881846,567263.5845493167,259269.1595660351,120.12108408063379,828712.0008746015,330931.20372188423,259878.3217256269,11.368485953011918,1128287.7200922535,503859.16324377403
800,174.34752160888144,6.823189124159119,212.67466318581057,8.379421084020715,215.55165922645116,8.920551000406507,210.0430944308108,8.7876107035331,39.310971028952224,26.307570543074508,0.3237923160703244,0.5159292950653442,259905.00000000003,1.0,32.006670239756424,18.760465235252376,642.8209424380649,119.4577148707813,635.8404339649395,120.12108408063776,6.633189023182523,4.528558071181342,212.9703351861311,8.855393222541329,2.3258869499942714,1.1953330176733619,259905.00000000003,1.0,3.3402069106652115,1.8835533912328222,27.668802017706334,11.59429520811433,26.67827437310572,11.368485953015766,1398237.9529600777,564602.7301669954,259262.17905756197,119.4577148707778,793861.803469834,303868.6817362302,259877.3311979823,11.594295208114245,1130134.8727777828,502948.60983376676
801,173.8013593922544,6.451123133724623,211.9784659247782,7.86817413361389,214.85056841346199,8.536019329098522,209.43079899962896,8.32449085420674,39.26698125876994,26.34063183749452,0.34815587348396376,0.5173673834973223,259905.00000000003,1.0,31.290231032765295,18.713764666934928,650.4495367905856,117.36910886483051,642.8209424380649,119.4577148707813,6.264135552353793,4.526508935669364,212.31464360744022,8.451026668676215,2.4358999325846526,1.293916821428785,259905.00000000003,1.0,3.1715082122674714,1.8636435067445347,28.37537200565868,11.69557111124198,27.668802017706334,11.59429520811433,1391083.3954746097,564938.5906286071,259254.55046320942,117.36910886482919,776076.5428448931,293681.8906500108,259876.62462799437,11.695571111241877,1141061.5115578203,498261.55418111756
802,173.2118298969326,5.930146727296784,211.25944060824804,7.232760218561819,214.13709538632978,8.053183942849506,208.7902977380448,7.7460019336784915,39.302731936681546,26.309562388955353,0.3681030671928914,0.5150119544582219,259905.00000000003,1.0,30.896522255359372,18.823453507189083,658.4876434047148,113.89278721308958,650.4495367905856,117.36910886483051,5.843758153089182,4.381317674498752,211.66399554810909,7.983779712990209,2.493778089392981,1.3535366038691035,259905.00000000003,1.0,3.04294819076176,1.789085766660552,28.891208773694125,11.75410091036875,28.37537200565868,11.69557111124198,1395445.716525093,563939.0113987102,259246.5123565953,113.89278721308744,767614.9448470147,290851.5629986664,259876.10879122632,11.754100910368503,1161041.8275402607,487137.46795460884
803,172.6871966975504,5.3998545015079635,210.61956673927003,6.585983989390761,213.41524290101046,7.41904596382191,208.16191750508577,7.087113647788591,39.22576639356268,26.381652919974815,0.3809179654739821,0.510298178203279,259905.00000000003,1.0,30.9812004672795,18.772135012326146,666.351291365524,109.44911755627008,658.4876434047148,113.89278721308958,5.617062978391136,4.436203036520899,210.96292210923684,7.348170350750518,2.4994130701504336,1.3583575598709516,259905.00000000003,1.0,2.9974723525208713,1.7955919483333775,29.35593472273123,11.752058778015765,28.891208773694125,11.75410091036875,1401929.2923314197,561845.946449382,259238.6487086345,109.44911755626845,764486.5451495292,289637.2050050585,259875.6440652773,11.752058778014682,1173902.4777395534,480453.84164776054
804,172.1893012987242,4.861199997833326,210.0123037392773,5.929008803145373,212.737840332609,6.774921199060097,207.57790755615096,6.443078082195353,39.51533857599922,26.129750188339457,0.3914099167942773,0.5054086373859282,259905.00000000003,1.0,31.093717572307597,18.68167609755609,674.3815024524215,104.13648635749759,666.351291365524,109.44911755627008,5.40124912613779,4.482380527092976,210.31687017149633,6.705208582249005,2.536219457465812,1.3890822573284745,259905.00000000003,1.0,2.9838646066918493,1.8017628554373981,29.770246538623933,11.682061752519559,29.35593472273123,11.752058778015765,1411211.638775839,556489.9384148278,259230.6184975476,104.13648635749466,767544.2272472255,289736.3262145708,259875.2297534614,11.682061752518543,1183214.177871193,473790.925138092
805,171.7089720379121,4.382511668099031,209.42646553663846,5.345171652346387,212.08023852199116,6.096062325193707,207.00055789357808,5.792035563094499,40.08093559945131,25.799428658416403,0.4,0.5006947275971839,259905.00000000003,1.0,31.118927250304182,18.654497398612087,682.9435108015686,98.61167347310898,674.3815024524215,104.13648635749759,5.197860629850091,4.527334484581824,209.70757015072851,6.022895614439315,2.560311670439878,1.411616796431352,259905.00000000003,1.0,3.027550446377314,1.783447248319366,30.204151981228037,11.532290170938932,29.770246538623933,11.682061752519559,1417560.124639101,551776.5155125496,259222.05648919847,98.61167347310604,769442.6418606307,289137.4248239219,259874.79584801878,11.532290170937733,1189539.0748238966,468483.98908398463
806,171.23045669943053,3.893208906456458,208.84283963109527,4.748388727221272,211.43659463085137,5.443513316772254,206.4412411572661,5.155439059337438,40.454113896128014,25.48460177909528,0.4,0.5006947275971839,259905.00000000003,1.0,31.00079083137429,18.791990501516995,691.9968338663223,92.46729978247299,682.9435108015686,98.61167347310898,5.001128671963394,4.585685877314628,209.12335758638287,5.398484743276276,2.5378389143593063,1.419516868467436,259905.00000000003,1.0,3.0678245265091406,1.7675914055112687,30.70080426004454,11.351136080686755,30.204151981228037,11.532290170938932,1420868.9682437484,548651.9750881897,259213.0031661337,92.46729978246904,771796.921886216,287867.249890781,259874.29919573996,11.351136080685432,1191033.0829774903,466871.5742305332
807,170.76928367630325,3.3511939874529273,208.2803656557723,4.087314733190839,210.83580378865182,4.758124706928898,205.88031984888272,4.49086541194721,40.86325797511927,25.08980742446759,0.4,0.5006947275971839,259905.00000000003,1.0,31.08667659585734,18.713758968801397,701.3734152455842,84.88068477073192,691.9968338663223,92.46729978247299,4.834462005296728,4.615378336230472,208.52419862900385,4.787052417443423,2.5299892257877583,1.4231530547144104,259905.00000000003,1.0,3.07816409006549,1.7648137624499625,31.215645790988937,11.17031480347439,30.70080426004454,11.351136080686755,1437041.480690596,536657.7943375651,259203.62658475444,84.88068477072913,789492.6864470055,290635.8267738503,259873.78435420903,11.170314803473579,1206999.9096979653,455787.2978605053
808,170.36937345605244,2.7450295010926427,207.79261134439955,3.348000466678826,210.29877442811295,4.006044188243363,205.3631298839984,3.729501617092153,41.019047248092726,24.93826306013088,0.4,0.5006947275971839,259905.00000000003,1.0,31.950918066723283,18.30491034496986,710.0415444269537,75.48548173511554,701.3734152455842,84.88068477073192,4.6964717112602985,4.65183834167304,207.96334545276883,4.070465008515786,2.518510793182703,1.4210481667403072,259905.00000000003,1.0,3.1248645722294612,1.7512648799922226,31.788666236702362,10.9270078944906,31.215645790988937,11.17031480347439,1457320.4136263935,518520.68907326885,259194.95845557307,75.48548173511288,811066.847939214,288374.1591165686,259873.21133376332,10.927007894490494,1220991.5167960636,441795.1107516261
809,170.11839880944115,2.2272414933832856,207.48650786278313,2.7164759749762717,209.90151283988573,3.2584998003797563,204.98765839881608,2.976422476585491,40.41626434786091,25.408061713540267,0.4,0.5006947275971839,259905.00000000003,1.0,33.99068755152027,19.183610793071644,716.0671212232943,65.74150919488324,710.0415444269537,75.48548173511554,4.610636018013206,4.656153056552769,207.50784808193788,3.278264367619391,2.555916344734251,1.45316289487707,259905.00000000003,1.0,3.2456123284053753,1.844038256588132,32.44502888704015,10.65268938349174,31.788666236702362,10.9270078944906,1478951.263981127,501303.5327740964,259188.93287877672,65.74150919487974,837422.9400019756,285320.9892411027,259872.554971113,10.652689383491987,1228125.9334918736,433868.66249046626
810,169.98936249670865,1.8709181498452494,207.32912750181035,2.2818829707500856,209.62697930322358,2.588381893743107,204.79738129723614,2.501504474883171,39.640687595142495,26.088682983401604,0.4,0.5006947275971839,259905.00000000003,1.0,35.924294708354324,19.76470816387009,719.3835141100825,58.12577471173825,716.0671212232943,65.74150919488324,4.338089919304949,4.474628862269774,207.20727852646672,2.600692658511332,2.6569694389085803,1.6785416081582007,259905.00000000003,1.0,3.2599782803844772,1.8527426739047863,33.01470439518272,10.279991996192063,32.44502888704015,10.65268938349174,1491192.5927075092,495089.84552254516,259185.61648588994,58.12577471173734,858057.1517386932,290096.31913863745,259871.98529560483,10.279991996192143,1229699.4868643591,432692.11179193633
811,170.0007884922255,1.9074850032401112,207.34306352910895,2.3264827109395108,209.53241847777247,2.303603071380269,204.7486744134014,2.3588887882194003,38.62587324683445,26.80036182621121,0.4,0.5006947275971839,259905.00000000003,1.0,37.61551702285412,19.745402150749833,719.9938703340628,56.41926287686578,719.3835141100825,58.12577471173825,3.960472224109704,3.9485803237888644,207.0617341820374,2.1820988573420923,2.730145923926043,1.7812781727462572,259905.00000000003,1.0,3.2848154005897667,1.8588835825757613,33.536040538513106,9.824494751597568,33.01470439518272,10.279991996192063,1492293.1223074012,494591.9413799521,259185.00612966597,56.41926287686319,872488.4250473417,292067.1704452393,259871.46395946151,9.824494751598849,1220825.435115958,438239.6625920251
812,170.18991375850482,2.3105489253600013,207.57373187900558,2.818083028562217,209.6164090439196,2.53439969673534,205.01282129058916,2.8541777110763267,36.5207223734188,26.627536373149955,0.4,0.5006947275971839,259905.00000000003,1.0,38.67878870072647,19.411378850147315,717.4358040067551,62.90925679047388,719.9938703340628,56.41926287686578,3.6784462082537353,3.666702759576696,207.10849011300425,2.3302442665025986,2.7422638082282607,1.796582054036069,259905.00000000003,1.0,3.340859652641994,1.8506842979332792,34.101303049593504,9.152574381529805,33.536040538513106,9.824494751597568,1467221.8255967274,497388.5503949571,259187.56419599327,62.90925679047069,868852.4598390985,291238.8566395617,259870.89869695043,9.152574381530734,1195931.218633393,450564.5515419819
813,170.43835692959627,2.654958378139573,207.8767481298865,3.238145375441522,209.8408150728734,2.9600945948868067,205.421203753937,3.287150351144706,34.76081839823703,26.59145697283015,0.4,0.5006947275971839,259905.00000000003,1.0,38.539553889841166,19.44962063497053,713.257068515151,71.90303408841297,717.4358040067551,62.90925679047388,3.3398703106754684,3.184845549470967,207.37031319425486,2.8666318647640363,2.768776848937497,1.8187676741838703,259905.00000000003,1.0,3.3440025021161204,1.850088745345924,34.6431953694388,8.34048623295696,34.101303049593504,9.152574381529805,1426572.4186845045,489127.13312327757,259191.74293148489,71.90303408841018,855912.3019132144,282898.63403807895,259870.35680463057,8.340486232958739,1164572.6933376668,451890.71825445484
814,170.72572117659715,2.933523653670503,208.22723465442502,3.57790039346048,210.15106104120534,3.3567823055076715,205.87680216297994,3.5913283288386966,33.12791546470548,26.63091624558514,0.4,0.5006947275971839,259905.00000000003,1.0,37.79338511732352,19.88114113582549,708.1915988625329,80.78930720166316,713.257068515151,71.90303408841297,3.0400337466776564,2.83119845494185,207.70438376149926,3.29198518523777,2.7598262039709396,1.8177527754260128,259905.00000000003,1.0,3.295809724065283,1.881724737951833,35.14584555619981,7.41502481250413,34.6431953694388,8.34048623295696,1381367.9000359713,469315.32184942527,259196.8084011375,80.78930720165937,841821.8331475317,270557.7729579886,259869.85415444383,7.415024812506775,1129900.7895370647,439897.5266292374
815,171.06846302435247,3.1512418970002107,208.64526292449426,3.843442873621893,210.53460796186388,3.647723006427651,206.3577593724768,3.778601376565344,31.344171904746624,26.355534613645048,0.4,0.5006947275971839,259905.00000000003,1.0,37.11367931188006,20.419261473380857,702.0220914553995,89.03423871404128,708.1915988625329,80.78930720166316,2.961456549584401,2.7679109741980366,208.082548979714,3.626721984538836,2.7374414480315985,1.8354006435059045,259905.00000000003,1.0,3.2905269839976308,1.8868590879313822,35.665597758832504,6.28764233657373,35.14584555619981,7.41502481250413,1329805.3001409818,436419.2679675227,259202.97790854462,89.03423871403758,828214.8736690874,259486.31956952234,259869.3344022412,6.287642336576645,1084725.854605264,403971.959889989
816,171.3715929771917,3.2177577124788272,209.01497816762532,3.9245695123059687,210.92438154673914,3.8123196725540556,206.82778108502086,3.8011336689573954,29.734145293495597,25.616976758130985,0.4,0.5006947275971839,259905.00000000003,1.0,35.888612416007796,21.00530711833016,695.4676243328873,95.51476088749742,702.0220914553995,89.03423871404128,2.683214734036068,2.229532166794079,208.4988463417785,3.867118787666244,2.770424796973656,1.8224845593053671,259905.00000000003,1.0,3.139303496446526,1.8608839451968193,36.00114312497204,5.502826700445786,35.665597758832504,6.28764233657373,1270717.0412879272,378166.9833803939,259209.53237566713,95.51476088749442,814525.8621710483,247684.34195740733,259868.99885687506,5.502826700445864,1039393.7843612768,343123.4741026617
817,171.57220247352262,3.3683609675988153,209.25965344339923,4.108254381481035,211.20959925374618,4.0068297486486575,207.2202781583122,3.8727075794876544,28.82531578318828,25.70430067963532,0.4,0.5006947275971839,259905.00000000003,1.0,34.36879488910997,20.41912525203064,689.5241452269656,101.62139143349975,695.4676243328873,95.51476088749742,2.442334329331638,1.773198041519805,208.88576669051815,3.9873595211737998,2.815011692322081,1.7847886792857226,259905.00000000003,1.0,2.957148774278966,1.6651667602451843,36.1099468735956,5.294540476016242,36.00114312497204,5.502826700445786,1216140.149316944,319895.6592479987,259215.47585477305,101.62139143349664,798597.7670673389,227638.5882194366,259868.89005312644,5.294540476015962,995549.9338209134,284463.9715994164
818,171.77711595988916,3.516823364991878,209.50957799483137,4.289327924892583,211.43135258399636,4.190950806912623,207.55881303327135,4.0169808387127075,26.721801129311384,24.469722000200015,0.4,0.5006947275971839,259905.00000000003,1.0,33.16484106641153,20.40792370162183,682.6811052898655,107.27708408503572,689.5241452269656,101.62139143349975,2.287315925938395,1.5931113422802305,209.14579122815616,4.153680180250288,2.8097647085751105,1.7891109734968658,259905.00000000003,1.0,2.8281213402367906,1.5845054095925644,36.09497017192394,5.316594045279598,36.1099468735956,5.294540476016242,1167063.3055799936,279663.7859229795,259222.31889471016,107.2770840850328,785180.3118799271,218897.20341622224,259868.9050298281,5.316594045277032,954363.2429331146,235759.73772228108
819,171.96122913509004,3.676682142169691,209.73413325998482,4.484301046436853,211.64542314900845,4.38041868336022,207.87805503120538,4.1852510977585595,25.03004994765901,23.812113747684254,0.4,0.5006947275971839,259905.00000000003,1.0,31.438494643402795,19.762732158925278,675.8726605941217,112.4840728214933,682.6811052898655,107.27708408503572,2.1100778118188472,1.3128376374820248,209.3982285729061,4.312999658124645,2.7898677425130853,1.8054675259505253,259905.00000000003,1.0,2.6434864593970318,1.3498345733642891,35.91525555547455,5.464480157591538,36.09497017192394,5.316594045279598,1125905.346259567,255469.94688550592,259229.1273394059,112.48407282149077,774132.0982204012,214093.4528373632,259869.08474444455,5.464480157588528,919264.9813916391,209338.99730808055
820,172.1470932865572,3.836500287034936,209.9608242304088,4.679224550974217,211.8418865656517,4.572184828866925,208.1684260838808,4.379815180452247,23.076190329659905,22.700473136468116,0.36176483649301644,0.48523766781803795,259905.00000000003,1.0,29.817314162715682,19.33654266049565,668.7697719245729,117.19352650366618,675.8726605941217,112.4840728214933,1.9619955459877585,1.119081261957898,209.62181998510957,4.49712299241092,2.760502210982399,1.8315538890767995,259905.00000000003,1.0,2.498362512593366,1.2046165429520173,35.619782523752185,5.54541332147411,35.91525555547455,5.464480157591538,1093393.3139187368,254107.14214923308,259236.23022807544,117.19352650366277,765792.9608515892,214411.99977106246,259869.38021747625,5.545413321471736,892578.1004041604,208606.99522017888
821,172.45046780605142,4.074007325133678,210.33083820731397,4.968902059946483,212.1522105610257,4.877670136667839,208.53827580839277,4.6129810666606375,20.033475730554365,18.351554689489838,0.33046053228088396,0.4769275851796551,259905.00000000003,1.0,28.830754883814404,19.34497302737125,659.642032239032,120.78109634306281,668.7697719245729,117.19352650366618,2.0861159008519126,1.260677535764582,209.90732813459607,4.747843491904911,2.7093185431309386,1.8551107854635391,259905.00000000003,1.0,2.4418511049040776,1.2097995956305747,35.318981752191995,5.585178611985203,35.619782523752185,5.54541332147411,1066089.725938762,245396.1772531789,259245.357967761,120.78109634305947,764529.6735052596,214479.7889403508,259869.68101824782,5.585178611982968,864338.43122254,204990.50723441257
822,172.83208308719605,4.21102905473507,210.79627947417958,5.136020954547501,212.58136174935322,5.136608185241028,208.98275595662778,4.810615243511493,17.359159520245708,13.254912519638534,0.3048307357187025,0.47319936302000015,259905.00000000003,1.0,27.856172925841673,19.65830674955333,648.8401880977173,121.711964575944,659.642032239032,120.78109634306281,2.1243419989709387,1.3178478735434673,210.31670633819402,5.020903584028731,2.638736527575382,1.8815360885731387,259905.00000000003,1.0,2.374930727252206,1.2487339362989112,35.02184261853549,5.6231916039486896,35.318981752191995,5.585178611985203,1040265.2532274951,243597.34232148223,259256.1598119023,121.71196457594301,765359.1855464705,214183.3846650268,259869.97815738147,5.623191603947781,839507.7914489226,193366.02251860793
823,173.27676161319545,4.364040356071052,211.33863626815787,5.322642044620831,213.12290618543057,5.388705569707974,209.51624711624868,5.003060057984046,15.676978753498064,11.069819918895723,0.2838468330781122,0.4722617008424913,259905.00000000003,1.0,26.39354611792654,18.851631983402186,637.8397739002107,122.18922171398732,648.8401880977173,121.711964575944,2.146080090194416,1.339139601692788,210.86519141652323,5.275923192333863,2.585456000533121,1.903589193271863,259905.00000000003,1.0,2.2975068916615218,1.2565907151372433,34.700560176330555,5.624690361165728,35.02184261853549,5.6231916039486896,1024628.9577952758,246036.48536529322,259267.1602260998,122.18922171398665,773916.0965541578,210255.59952725106,259870.2994398237,5.624690361164499,823702.996445193,193584.26643497453
824,173.73181488960705,4.487743351157606,211.89364638960404,5.473516760061677,213.6910940622652,5.642838301250774,210.05042806814748,5.210836741449961,14.039558593867753,8.387743601175732,0.21887271228293717,0.35468987846076094,259905.00000000003,1.0,24.866595222640647,17.967572762535468,626.7938645591549,122.25809068637355,637.8397739002107,122.18922171398732,2.175417838991617,1.3467927023673723,211.4390618106156,5.544652590571452,2.558425350672189,1.9142628214633082,259905.00000000003,1.0,2.2370895876260457,1.286342284640914,34.34589107995107,5.616113689491435,34.700560176330555,5.624690361165728,1006981.7922222662,244648.45757993197,259278.20613544088,122.25809068637342,778737.3137365968,208226.600044126,259870.65410892008,5.6161136894896675,807957.8607412359,191780.03342151182
825,174.18918994102816,4.58704930749917,212.45148788555426,5.5946354641096905,214.26071524886976,5.806078587112156,210.58391086140512,5.370511004408343,12.862048991982554,6.8844957694442135,0.1797423320177716,0.307280234939684,259905.00000000003,1.0,23.67116212004289,17.636332646139202,615.8050090990768,121.92932946194826,626.7938645591549,122.25809068637355,2.1888881082199263,1.3437467390239453,212.0359695132535,5.731499234479185,2.5493697998781184,1.9189262488421106,259905.00000000003,1.0,2.1649900183946347,1.321026654009476,33.92817796513426,5.576535430075115,34.34589107995107,5.616113689491435,992094.1267755368,246897.43872485144,259289.19499090096,121.92932946194885,783396.8075142412,205141.3480430901,259871.0718220349,5.576535430074077,794217.3867243067,193771.20462858543
826,174.59963505832596,4.64156211714145,212.95209038270178,5.6611219937408634,214.78755389718654,5.874407031052087,211.08819486101393,5.481303790463311,12.620596511556402,6.868839013823396,0.1477050863150448,0.2709613753893269,259905.00000000003,1.0,22.62506659396231,17.65893102719297,605.6528339303558,121.58311857373117,615.8050090990768,121.92932946194826,2.1567281830759497,1.3749462811427582,212.60877319285188,5.802787981223837,2.6123837607401863,1.8935478593644204,259905.00000000003,1.0,2.0833258193817,1.357887342304336,33.36578669044244,5.502640786653267,33.92817796513426,5.576535430075115,982493.222776512,253649.41435670652,259299.34716606967,121.58311857373255,786290.7030259594,201956.7068385008,259871.63421330956,5.502640786651047,786050.2169078968,199247.1469870062
827,174.9493633915764,4.655075993734455,213.37863916421588,5.677604190146636,215.2589846711665,5.873893887130866,211.52204186871833,5.525776697717559,12.563669612128026,6.879118091622933,0.12147520801430693,0.24366406130413268,259905.00000000003,1.0,21.893654222835846,17.869387611067104,596.2013741116336,120.97879930523307,605.6528339303558,121.58311857373117,2.1836896144962115,1.35053343622171,213.11206689900862,5.831296411868151,2.6840834671859954,1.8591211964733054,259905.00000000003,1.0,2.0305307588083776,1.397814926600915,32.678900648731485,5.42453828847715,33.36578669044244,5.502640786653267,977076.6298525707,257719.8835473033,259308.7986258884,120.97879930523541,787925.6955327373,199417.91140827513,259872.32109935128,5.424538288479183,780495.7588297435,203797.32154637284
828,175.2485688248079,4.611918343453804,213.74356723429986,5.62496668399832,215.6619219215341,5.802421388230537,211.88640758426587,5.505130199969937,12.549254664164886,6.882648425084507,0.09044120912325411,0.19048878196184452,259905.00000000003,1.0,21.339699086759957,18.21599982520071,587.3204884799154,119.72532261863628,596.2013741116336,120.97879930523307,2.218839041069741,1.3147795167119984,213.52147840154845,5.799932889084376,2.7367439136091094,1.8215240333996363,259905.00000000003,1.0,2.013456366151899,1.4128014460426919,31.93183855881769,5.343660069538756,32.678900648731485,5.42453828847715,973077.8828163623,260249.80400883715,259317.6795115201,119.7253226186394,790876.3564088973,194564.7962969922,259873.0681614412,5.343660069541463,775921.9309712457,206303.3863750742
829,175.51587129040743,4.521357847657582,214.06958463790883,5.514514149995657,216.02636383096362,5.648396820835535,212.20894341680636,5.421644277900571,12.659538938512572,6.871968720622768,0.08261513307022099,0.18917253105444562,259905.00000000003,1.0,20.990466071622212,18.495619963589068,578.9069462137355,117.52765874734004,587.3204884799154,119.72532261863628,2.2511334402045575,1.2745676451026982,213.8864415848962,5.705535608464853,2.7954597396740075,1.7722265388790148,259905.00000000003,1.0,2.0291440654854394,1.3987924122597177,31.14957441822557,5.234915649503572,31.93183855881769,5.343660069538756,967145.6264348206,261784.80620270938,259326.0930537863,117.52765874734324,793036.1772449272,191405.77770707925,259873.8504255818,5.234915649508233,769028.8476368245,205536.16952189268
830,175.75169335794774,4.411419176303937,214.35720704549055,5.380426785259608,216.3441826503401,5.4790509850153075,212.48465189273918,5.312530843570192,12.753794693747073,6.870043465272281,0.07620768392967563,0.18858646222388945,259905.00000000003,1.0,20.54907178252613,18.745496268965802,571.0354614410268,114.72345797778704,578.9069462137355,117.52765874734004,2.287132648805153,1.2364523032400514,214.1880954310915,5.578815952851233,2.849574500396452,1.7282660802945633,259905.00000000003,1.0,2.01078586915989,1.4108319051972327,30.301244769725997,5.04518745852754,31.14957441822557,5.234915649503572,961672.6923565948,261384.9180350601,259333.964538559,114.72345797778962,794079.8476275204,189984.0576265585,259874.6987552303,5.045187458531449,763434.020626536,203644.06310117245
831,175.99885710920006,4.298989833723189,214.65866241785946,5.2433014604038615,216.66684427103195,5.333768845926473,212.73460131672405,5.211696492073807,12.497496121450327,6.751931312124988,0.05184412651603625,0.14272593105839151,259905.00000000003,1.0,20.32250243314591,18.767387057627317,563.1586110028152,111.51979715596413,571.0354614410268,114.72345797778704,2.380001361464139,1.2361900154937644,214.46532943584106,5.464416994832341,2.725882677522101,1.693403465207685,259905.00000000003,1.0,2.0601411598096186,1.3978889179150158,29.631208210410655,5.01523813002578,30.301244769725997,5.04518745852754,953849.5758612419,255542.00946390387,259341.8413889972,111.51979715596522,794969.8512285603,189510.67390661399,259875.3687917896,5.015238130031202,750939.7207364314,194068.89224296683
832,176.29962976495304,4.17521075432242,215.0255025993199,5.092333192576415,217.0213796304603,5.172620032274572,213.03663792987658,5.100396328188109,12.23436484718868,6.6955467651869345,0.04145572368385454,0.10890665013850141,259905.00000000003,1.0,20.16315368614897,18.789333207576803,555.188366440171,107.91478660787111,563.1586110028152,111.51979715596413,2.435927593702032,1.2204700282820111,214.7617959859819,5.337645338138226,2.6115371047078373,1.6746330785951757,259905.00000000003,1.0,2.081432272338162,1.4049815380110124,29.10110337804098,4.978017741529521,29.631208210410655,5.01523813002578,939072.1906986268,245438.57539498876,259349.81163355985,107.91478660787118,792372.6986932434,190827.47328915788,259875.89889662198,4.978017741534966,731187.5204317848,177776.79260432842
833,176.57479398956622,4.058041276509807,215.36110912966942,4.949426573418449,217.38338874678493,5.006749784581958,213.3352842135813,4.9691768274782735,12.572350394644044,7.04774313461662,0.03646690145579693,0.09522108977642832,259905.00000000003,1.0,19.935468523364246,18.817743227354907,547.788781409995,103.80089958123992,555.188366440171,107.91478660787111,2.5833463369371685,1.339585751697775,215.10065468807076,5.182197012041449,2.607464468303207,1.6720349172605193,259905.00000000003,1.0,2.0822722047637545,1.4049944874251354,28.575911114501526,5.050811946982151,29.10110337804098,4.978017741529521,927404.6729461462,234780.1772283151,259357.21121859003,103.8008995812389,783528.7807754446,195215.38805580666,259876.4240888855,5.050811946987808,717978.7342366115,162129.19435489638
834,176.83579352583408,3.891274281956849,215.67943958740787,4.746027489974598,217.72284048509135,4.790077411254342,213.6298918175117,4.7980620327499235,13.23746349974222,8.684089964730866,0.03238239927604715,0.08494582483673838,259905.00000000003,1.0,19.775652371217493,18.853566733025882,541.2182101392436,98.46023381493873,547.788781409995,103.80089958123992,2.704042595603882,1.3868783604531167,215.41813131618048,5.002376927192053,2.5588619468336242,1.6457813621543713,259905.00000000003,1.0,2.066368127102325,1.4086761254575972,28.083417294770225,5.234377410104791,28.575911114501526,5.050811946982151,913996.1797255534,228061.92870901446,259363.78178986078,98.46023381493893,770946.3386692078,204656.27650363848,259876.91658270525,5.234377410111511,705353.7535761596,154948.04464669005
835,177.09839361883255,3.613916894022339,215.99972202084533,4.40774609517714,218.02393863829025,4.495569157781298,213.92646755407802,4.532910966258298,13.767401611115092,10.304869862545765,0.03859708260721785,0.10616788525544421,259905.00000000003,1.0,19.74282134110554,18.868373131290543,535.204193326646,90.87379996730833,541.2182101392436,98.46023381493873,2.799343851709763,1.3843209002321997,215.70475425350506,4.7904141806685905,2.486876712553094,1.6196401053585696,259905.00000000003,1.0,2.010060154945144,1.4065387139736867,27.597041946285533,5.470604550691872,28.083417294770225,5.234377410104791,907395.373268062,224981.02542317507,259369.79580667338,90.87379996731012,758403.1470655535,219589.24236866276,259877.40295805375,5.470604550698091,700332.3452642555,150838.6698899623
836,177.34293396244036,3.231782635379838,216.29797787535608,3.941672284277699,218.2921495462789,4.0830997631498915,214.20982114651375,4.164592066123512,14.36060898211895,11.422629853971756,0.050718200263112356,0.1212902316147729,259905.00000000003,1.0,20.148166836536795,18.742564159207745,529.365917271965,80.98230286569033,535.204193326646,90.87379996730833,2.871872124122017,1.3343357618259704,215.9860014913531,4.471624607875407,2.4902462180470257,1.6181176626950824,259905.00000000003,1.0,1.9428601906205298,1.4069528045649025,27.032271051929257,5.671766133209874,27.597041946285533,5.470604550691872,905144.6127211887,224705.90498475576,259375.63408272807,80.98230286569232,744111.3069281862,239563.74732406938,259877.96772894808,5.671766133216454,701462.0930824181,151154.66579405026
837,177.54940000991874,2.7958206263518477,216.54979577541522,3.4099476961845645,218.50728410818434,3.6561681178317587,214.48514744424392,3.658785379747551,14.885511920280623,12.17996035386961,0.05712564940365771,0.12357435746361124,259905.00000000003,1.0,20.56859060274343,18.783540838751847,523.6257129400985,68.64979446374296,529.365917271965,80.98230286569033,2.9156521521060665,1.3134145792974157,216.27619500797425,3.9801869656528392,2.477403836710093,1.6254635352201134,259905.00000000003,1.0,1.866198105884011,1.4229285551437114,26.39727300503285,5.82963293314835,27.032271051929257,5.671766133209874,899983.2941850411,217398.84708855627,259381.3742870599,68.64979446374606,716687.7440691584,245635.83338699563,259878.60272699498,5.829632933154599,696880.3614239687,139374.61566323656
838,177.69433904977438,2.427785218776962,216.72657206040873,2.961069670277388,218.65429887183691,3.3098458915990983,214.70935182146587,3.146074219960365,15.423233720952483,12.745391872893686,0.06237162506380529,0.1244033863629694,259905.00000000003,1.0,20.119326460828766,18.56114498725836,518.8672485751586,56.09364013281871,523.6257129400985,68.64979446374296,2.922373689157837,1.3064818696527487,216.5158650443614,3.4817832220457805,2.3970058768457005,1.677784726396443,259905.00000000003,1.0,1.787831400407673,1.405360032444845,25.75906023686435,5.83968413241368,26.39727300503285,5.82963293314835,902730.3769797736,223013.61252259568,259386.13275142486,56.09364013281541,688663.5058983706,248974.99063305717,259879.24093976314,5.839684132421681,706021.9448632279,165760.9070813279
839,177.7365205249804,2.3241060885464893,216.77801908536546,2.8346164101662685,218.7035179598823,3.1972920098387463,214.82176841995872,2.8742831760976926,15.986953451825398,12.99285760612019,0.06666666666666667,0.12440004612644613,259905.00000000003,1.0,18.35339079799842,15.836943122976349,516.4341445623188,49.46951996009817,518.8672485751586,56.09364013281871,2.9183180273733287,1.3059721594281448,216.68093725845938,3.1173476398642848,2.2783359890668193,1.665057415702638,259905.00000000003,1.0,1.6029223698651056,1.1235960969656107,25.050313284329302,5.639482756946611,25.75906023686435,5.83968413241368,909424.2585321905,240769.2231825609,259388.56585543772,49.46951996009803,656528.7292835446,244549.99140190304,259879.9496867157,5.639482756952541,726461.2841602088,215820.05907037007
840,177.69808355786623,2.403267340746032,216.73113925777733,2.931165808001737,218.6832181687281,3.2394016533131307,214.84744032162615,2.820158369619384,16.84138921461577,13.19231620995225,0.06666666666666667,0.12440004612644613,259905.00000000003,1.0,16.625852887749126,12.534195051074455,516.5830142225188,49.82844176199312,516.4341445623188,49.46951996009817,2.8958799505927764,1.304516801861111,216.7507105890063,2.9651049934495646,2.0483448872647836,1.3694811232769561,259905.00000000003,1.0,1.4726305559141417,0.988464300197052,24.44126561964533,5.552295029254089,25.050313284329302,5.639482756946611,918538.1607758405,264894.70932039473,259388.4169857775,49.82844176199502,623258.8746092655,232623.66426087476,259880.55873438038,5.552295029258832,747197.7067555053,261938.57507302714
841,177.5612575721916,2.6105426799333054,216.564258135858,3.1839711323060005,218.55771185033933,3.4423024464591134,214.78171117779033,2.935450901805731,17.624989853910023,13.223297395462867,0.06666666666666667,0.12440004612644613,259905.00000000003,1.0,14.892258478068175,9.209071828797837,519.2490789316939,54.89179045755344,516.5830142225188,49.82844176199312,2.832241078293606,1.2873530288273787,216.72713094947954,3.0099524351557183,1.8565276166391564,1.1644214902004917,259905.00000000003,1.0,1.3755154318349185,0.8569716426892201,23.926920101507754,5.484207538491704,24.44126561964533,5.552295029254089,929937.2170089899,287873.79179474025,259385.75092106833,54.891790457555096,594195.5500631217,222652.97312838948,259881.07307989852,5.48420753849486,770150.7426191503,297155.9663373927
842,177.3795508781082,2.8128746402974008,216.3426381513366,3.4307467453486646,218.35310267797104,3.6952427354696282,214.61324039876902,3.1450909632929136,18.43761537415193,13.367089380205615,0.06666666666666667,0.12440004612644613,259905.00000000003,1.0,13.418629013284699,6.968002713965558,524.2013986258945,62.451495531980925,519.2490789316939,54.89179045755344,2.7967297326198426,1.2896140573422885,216.5753145969019,3.2231957045974817,1.7065138834984974,1.0117873455049067,259905.00000000003,1.0,1.2778773684700728,0.7156849908887821,23.464950253145997,5.41676484571947,23.926920101507754,5.484207538491704,943483.3956772352,302897.7076209873,259380.79860137412,62.45149553198045,574623.9378206731,222436.97999822954,259881.53504974686,5.416764845722584,794003.6066956714,313165.9309666787
843,177.20479335460578,2.97198737971646,216.1294935277666,3.6248098941048714,218.11515483740808,3.9321764071225624,214.42652357954424,3.3143901807298275,18.919981414854362,13.304460256003035,0.06666666666666667,0.12440004612644613,259905.00000000003,1.0,12.87272316152855,6.101420573157467,530.1819902125537,69.48017959129204,524.2013986258945,62.451495531980925,2.7450214374340463,1.3062219979406724,216.36174453542083,3.4457840158284845,1.5690825847460166,0.8736207770606427,259905.00000000003,1.0,1.1954122577375748,0.6432404980435943,23.05794659280422,5.380627221529251,23.464950253145997,5.41676484571947,953383.154514543,307399.1035324964,259374.81800978747,69.48017959129156,559481.6910988057,218676.4794172804,259881.94205340723,5.380627221533042,806589.1169748128,316470.8129440033
844,177.05054727294626,3.073886489651174,215.94136568461175,3.7490921211333146,217.87881104935727,4.11381023818053,214.2464623904897,3.4431064987826114,19.23556539428306,13.168441814322321,0.06666666666666667,0.12440004612644613,259905.00000000003,1.0,13.17210718241622,6.4684700787418965,536.1787817577539,74.81511450049139,530.1819902125537,69.48017959129204,2.6966439577454664,1.356018505440876,216.14085244508877,3.6534755041116087,1.4811787325439965,0.8751131288608001,259905.00000000003,1.0,1.1736098099230532,0.6466875674267074,22.717044336849945,5.353524236861835,23.05794659280422,5.380627221529251,955981.280908331,307514.666897446,259368.82121824226,74.81511450048983,544827.0083807094,211642.97794836306,259882.28295566316,5.353524236865812,808885.060581389,316492.9977509931
845,176.86318773614727,3.1890631406537873,215.71285062101924,3.889568497165146,217.62944236211257,4.287633874434072,214.05097454746019,3.5791715086218217,19.945929431937834,13.196225409936797,0.06666666666666667,0.12440004612644613,259905.00000000003,1.0,13.506124810508686,6.653224564820831,542.5519197125163,79.85370101854923,536.1787817577539,74.81511450049139,2.587598465646077,1.3787928268434386,215.91067217471507,3.84108988670726,1.4715151759991063,0.881946065246921,259905.00000000003,1.0,1.1462006845281807,0.6522509572558989,22.358396512045687,5.289460754712549,22.717044336849945,5.353524236861835,957016.4473203543,307237.5836698456,259362.44808028752,79.85370101854753,530080.9931187246,205742.71878259213,259882.64160348798,5.289460754715766,809096.3081708786,316457.24818162917
846,176.73614523516645,3.2809913963438153,215.55790198325926,4.001689706660331,217.3995721475643,4.443626940508486,213.8803240076495,3.710272015428338,20.14472853477746,13.209443422960083,0.06666666666666667,0.12440004612644613,259905.00000000003,1.0,13.937489254032537,6.739572810906094,548.6924923265946,84.3958126633833,542.5519197125163,79.85370101854923,2.4932679166103413,1.4228872878257295,215.66986623158581,4.017067909020766,1.4062505798112213,0.8712789025912634,259905.00000000003,1.0,1.1298022988831617,0.6555269051682002,22.048614897784294,5.24764771224311,22.358396512045687,5.289460754712549,956544.3439308311,307494.63773517887,259356.30750767342,84.39581266338128,515272.3654987252,199499.9794425676,259882.95138510223,5.2476477122452945,802233.8170709788,317394.2463748426
847,176.6038488922717,3.3545654816536974,215.39654516031618,4.091425199706564,217.19522472312735,4.558226406634897,213.73226210166123,3.8096436335071466,20.709059056642893,13.26685876044838,0.06666666666666667,0.12440004612644613,259905.00000000003,1.0,14.460192999926587,7.760981140066545,554.8746917166443,87.84122784124466,548.6924923265946,84.3958126633833,2.422078903390788,1.4692737340606865,215.4791994542518,4.1503107842914355,1.3623752387017296,0.8741379217761288,259905.00000000003,1.0,1.0982495115625504,0.6270366559035955,21.75115583731178,5.168744261243756,22.048614897784294,5.24764771224311,954253.0861587076,309068.9342848219,259350.12530828337,87.84122784124246,499425.7942051748,190098.07784965198,259883.2488441627,5.168744261245826,795547.181057372,320291.3574832274
848,176.4546824689334,3.4277057793564083,215.21461291571595,4.180631361279705,216.99040244025178,4.660666095307002,213.55819366031614,3.9105715466085464,21.358208633221437,13.224146291725866,0.06666666666666667,0.12440004612644613,259905.00000000003,1.0,14.809347210566404,8.05752834067846,561.3568864726326,90.77891874752508,554.8746917166443,87.84122784124466,2.3708272342786882,1.513200886607695,215.3112331563963,4.252941771213478,1.337002595571638,0.8866464227488174,259905.00000000003,1.0,1.066373966007103,0.6067956575703027,21.447193874413912,5.035185503163059,21.75115583731178,5.168744261243756,950952.6993866487,312464.81463281205,259343.6431135274,90.7789187475239,484186.21258942795,189197.2598939092,259883.5528061256,5.035185503164776,789919.1192414472,324313.5732171902
849,176.26963392129645,3.5098335755938326,214.9889168093402,4.280799154028835,216.73866033457782,4.783350028439063,213.3263559465094,4.050544115911132,22.609122496254503,13.83165240539357,0.06666666666666667,0.12440004612644613,259905.00000000003,1.0,14.953462171619128,8.074959392264535,568.9458801306013,94.55735327230433,561.3568864726326,90.77891874752508,2.752969197852867,2.4877185324474325,215.1004878827623,4.390445703669059,1.3831407684913808,0.9081930871080851,259905.00000000003,1.0,1.030717685712974,0.5954125043445326,21.061437458302173,4.875676586205412,21.447193874413912,5.035185503163059,965788.9394971653,309767.7862682242,259336.05411986943,94.5573532723051,481635.99367937696,186617.28945769594,259883.9385625417,4.875676586206364,804918.4068293947,324306.58089830464
850,176.092099840993,3.5555443841293526,214.7723857565233,4.336550754535143,216.48245462364903,4.8678994554449035,213.09726827699276,4.137113846092407,23.472614966578988,13.665798846015324,0.06666666666666667,0.12440004612644613,259905.00000000003,1.0,15.581585921325171,8.500881110165777,576.7702425091885,97.64682799521088,568.9458801306013,94.55735327230433,3.065296064010511,2.8653777835627507,214.8808686931188,4.488422142339399,1.4173990269055918,0.9037615216108186,259905.00000000003,1.0,1.0623940204022897,0.6510464021712575,20.673099118465537,4.605737844563032,21.061437458302173,4.875676586205412,982041.9919364398,304411.6563042474,259328.22975749083,97.64682799521314,484126.13460614585,189241.35190489658,259884.32690088154,4.60573784456581,819909.5583660052,320632.9852801618
851,175.83062997641107,3.55864129583149,214.45348150275757,4.340327765015175,216.14562876628392,4.883500792127458,212.81686814642538,4.17353752534447,25.357643178783402,14.780984318104844,0.06666666666666667,0.12440004612644613,259905.00000000003,1.0,15.913786979690848,8.64523789806191,586.1474320416144,101.66512192088608,576.7702425091885,97.64682799521088,3.1846587764870806,3.0272936614898716,214.60794844247738,4.54263505940857,1.4856637942457624,0.958334246212189,259905.00000000003,1.0,1.0752531362344653,0.6639838182879069,20.229355127120908,4.281486867780691,20.673099118465537,4.605737844563032,991308.2198163101,301231.330658121,259318.8525679584,101.66512192088723,480960.1430613857,185658.58594137512,259884.77064487291,4.281486867782949,833594.3724218201,314345.14941398427
852,175.55156422205957,3.5646197369463852,214.1131163745824,4.3476193403992704,215.76317721025964,4.8807987981958165,212.4818769809875,4.191872335739226,26.88160675090811,15.246665265996118,0.06666666666666667,0.12440004612644613,259905.00000000003,1.0,16.27893065142561,8.51513073928183,596.6834414744302,106.76242256280807,586.1474320416144,101.66512192088608,3.3266621717001703,3.18879346511729,214.25166782492633,4.572716833926269,1.5475965668496077,0.9815515216254991,259905.00000000003,1.0,1.0963307377616953,0.6621293963016929,19.74475596469966,3.9445726198362507,20.229355127120908,4.281486867780691,1002999.849922841,295576.92618210585,259308.31655852558,106.76242256280982,476681.26076470106,181795.35724255687,259885.25524403533,3.9445726198409794,844644.2353485927,310548.696282594
853,175.2085916417896,3.501750132296698,213.69480666916448,4.270939373925559,215.30085126119766,4.794133089763483,212.0792841363282,4.1274510848135595,28.251159415653152,15.20331291971155,0.06666666666666667,0.12440004612644613,259905.00000000003,1.0,16.26398007435749,8.517027940106127,608.6039541490592,112.32168255378826,596.6834414744302,106.76242256280807,3.442924718402614,3.266238976023654,213.8210952031678,4.5102182707175995,1.5887440415270153,0.9860815058604663,259905.00000000003,1.0,1.1457804736094117,0.7122052102323724,19.268459063448724,3.499015030632935,19.74475596469966,3.9445726198362507,1012188.3129232241,292057.7422576081,259296.39604585097,112.32168255379013,467363.54821026785,171310.96774260193,259885.73154093657,3.499015030635163,855597.1457046291,307104.45620912424
854,174.86113230962738,3.3713878809809943,213.271024743644,4.1119418035563,214.8176302347096,4.580078365568327,211.66886541658332,3.9502260950629036,29.133877991773144,14.605942914001155,0.06666666666666667,0.12440004612644613,259905.00000000003,1.0,16.588278571944244,8.574636420094093,621.0828869022214,116.63299467265189,608.6039541490592,112.32168255378826,3.383387204394543,3.2919105491124596,213.36815566916334,4.31694696599833,1.5882585750580769,0.9861619490806841,259905.00000000003,1.0,1.2089005574790237,0.7588353844746933,18.855767712536338,2.9593307644856157,19.268459063448724,3.499015030632935,1012941.5745965632,291439.38731056923,259283.9171130978,116.63299467265284,455039.2652150654,162334.51959882068,259886.14423228748,2.95933076448769,856656.9906510428,306249.18288528215
855,174.46360530636707,3.2282985603933003,212.78617738223917,3.937422057769343,214.32586989956033,4.333775836997865,211.21709765857554,3.752349256552536,30.714896701140344,14.493829211649693,0.06666666666666667,0.12440004612644613,259905.00000000003,1.0,16.657859353980125,8.53699923721332,635.073257582715,121.70645196754572,621.0828869022214,116.63299467265189,3.354750249529106,3.307249655479047,212.90420887727484,4.052971978992888,1.6165374813606064,0.9946022446407212,259905.00000000003,1.0,1.2777151789108483,0.7866754498792918,18.483612076753246,2.3613932552845562,18.855767712536338,2.9593307644856157,1016274.3598262875,288773.94619282166,259269.9267424173,121.70645196754508,440720.33562064794,157141.28049371747,259886.51638792327,2.361393255283583,861904.6379979656,302457.31741580967
856,174.06774461350662,3.106782357986887,212.30336270888571,3.7892144033157686,213.8295948124533,4.1353017228248445,210.7473003432388,3.549547125101857,31.62251224862961,13.965714488045224,0.06666666666666667,0.12440004612644613,259905.00000000003,1.0,16.85360363763701,8.37581121241173,649.7754995270409,126.67483784448258,635.073257582715,121.70645196754572,3.384051533596446,3.2841250014825656,212.4297149363262,3.82570946146586,1.5657457901846528,0.9715698675054868,259905.00000000003,1.0,1.34713109926126,0.7906430001238833,18.23166405249652,1.8991805345301038,18.483612076753246,2.3613932552845562,1021345.8236401305,283833.7006852318,259255.22450047298,126.67483784448127,428423.8816151125,157731.05509527717,259886.76833594753,1.8991805345268575,866576.2688316668,298372.8142116538
857,173.6602745438061,3.0770635290507906,211.80638808784423,3.752968658200026,213.33039094333768,4.005834799610333,210.2632370033831,3.465029998869929,32.54831105891324,13.430145168726572,0.06666666666666667,0.12440004612644613,259905.00000000003,1.0,17.005395734453657,8.218627810668401,665.2517481848338,131.7889942294841,649.7754995270409,126.67483784448258,3.409576564490483,3.270976166739089,211.9410387403846,3.6619427369268536,1.5206445879720483,0.9406750044338672,259905.00000000003,1.0,1.4135228388820997,0.7795549467438115,18.09120897007324,1.649297696520829,18.23166405249652,1.8991805345301038,1033398.0414346826,277894.63563428,259239.74825181518,131.78899422948194,420583.4985361375,159353.46381849737,259886.90879102994,1.64929769652081,880062.6277259605,292199.95396577276
858,173.2620401255995,3.142464899663891,211.32067741936768,3.8327376946754845,212.8272540217991,4.02170839088548,209.7798013197906,3.523063145487606,33.43065366331615,12.800791534239696,0.06666666666666667,0.12440004612644613,259905.00000000003,1.0,17.410741789999438,7.760246614323422,681.2049933914839,136.83160589410244,665.2517481848338,131.7889942294841,3.535621391900902,3.2644396541444034,211.4490469742167,3.6685575829008896,1.5063529111193037,0.9327464154043382,259905.00000000003,1.0,1.4573303499219914,0.7675577117642727,18.008853075542593,1.5215360089504866,18.09120897007324,1.649297696520829,1051736.7838648057,277157.5653059212,259223.79500660853,136.8316058940982,418368.6452807628,158376.2014924446,259886.99114692447,1.5215360089498104,898106.9345637604,291084.75048096303
859,172.8412765828815,3.339478556944743,210.8074889002737,4.07302825686533,212.31512693678872,4.187108838276554,209.27979243298373,3.7383616356636034,34.14250524035369,12.242452302369614,0.06666666666666667,0.12440004612644613,259905.00000000003,1.0,17.64568472574872,7.365464079189668,697.6351472394222,142.17967035603135,681.2049933914839,136.83160589410244,3.686612122751948,3.2555661050833598,210.9329694971334,3.838121663896698,1.5459623127966506,0.9863993649428878,259905.00000000003,1.0,1.467046359380638,0.7639697706162134,17.896603788793247,1.452741628842207,18.008853075542593,1.5215360089504866,1062941.3340156942,274069.4207858641,259207.3648527606,142.17967035602896,413239.5510357346,156395.35975348097,259887.10339621123,1.452741628843397,908710.6255973832,289076.06995474105
860,172.42432084024853,3.555771228705345,210.29894462395757,4.336831661017841,211.79338575861513,4.412251838293851,208.79714449751214,3.977655896300323,34.430479987298526,11.847167770559736,0.06666666666666667,0.12440004612644613,259905.00000000003,1.0,17.793762260727362,7.121426702380024,714.2051982993266,146.867010797286,697.6351472394222,142.17967035603135,3.816275185760153,3.243910825915318,210.4205739564751,4.116887193434703,1.5487247183693855,0.9885810533039442,259905.00000000003,1.0,1.4704940154143267,0.7613367013871013,17.785039752504854,1.4843786309297615,17.896603788793247,1.452741628842207,1064929.9844970915,273066.89761234506,259190.7948017007,146.86701079728334,406560.78049273085,154259.40268810678,259887.2149602475,1.4843786309322908,911507.4071550515,287882.9490609145
861,171.983681755398,3.6997559580730277,209.7615145482215,4.512444907211852,211.2391086652523,4.519856994437742,208.3143723204863,4.160596651158145,34.66625376873211,11.445138824343363,0.06666666666666667,0.12440004612644613,259905.00000000003,1.0,17.606144613214617,7.262533871466035,731.1986407881775,149.9021499645799,714.2051982993266,146.867010797286,3.836405205092546,3.245186972032084,209.9086671048141,4.312948899771437,1.5660429724095952,0.990407328534888,259905.00000000003,1.0,1.412447489528655,0.7528007098785393,17.59811093629058,1.5308723455615676,17.785039752504854,1.4843786309297615,1059877.0508098044,275186.8757802337,259173.80135921185,149.90214996457814,396601.495516074,143222.25411600372,259887.40188906374,1.530872345567137,913515.9772296298,286687.4339568731
862,171.5158147719131,3.6725131187245954,209.19087598929633,4.479217959501837,210.65945633033684,4.4919230122593845,207.7998008963336,4.185617683731548,34.8382884843482,11.092002041235364,0.05710787578992077,0.11774408061920506,259905.00000000003,1.0,17.406277489515496,7.407745740902211,748.5735439072203,150.89755316539643,731.1986407881775,149.9021499645799,3.836294514811261,3.245219607456288,209.37853810464105,4.409462369736205,1.5706631687051862,0.9890634015805554,259905.00000000003,1.0,1.3327301584004687,0.7222647325845793,17.32684459265253,1.4895760654983732,17.59811093629058,1.5308723455615676,1058218.2762772639,276391.31175150763,259156.4264560928,150.89755316539498,391561.9660586432,136060.39483540034,259887.67315540736,1.4895760655022334,918920.6841997391,281925.88418211695
863,171.06484175817752,3.567447356763948,208.64084257830496,4.351073022525709,210.08995844727937,4.296032401938234,207.30698840501714,4.114166396082767,34.42131060898583,11.715722984470942,0.049281799736887656,0.11324402673047308,259905.00000000003,1.0,17.380078049597227,7.420248701574271,765.565494666872,150.33686411323572,748.5735439072203,150.89755316539643,3.701934671400315,3.2479508204701624,208.8365112252094,4.3526788088838675,1.4813837823149063,0.9198647768819002,259905.00000000003,1.0,1.2674631278525221,0.7374098053081533,17.07959060485681,1.5930069769170023,17.32684459265253,1.4895760654983732,1049815.277003016,282912.93241823907,259139.43450533316,150.33686411323535,389332.7097060614,133686.61156689972,259887.92040939516,1.5930069769219335,915825.2141210067,284669.5707070503
864,170.64522290127474,3.4416006027905963,208.1290503872058,4.197583303723863,209.54613366666914,4.074644476938029,206.82896946705247,4.001877629394516,33.64977240961998,11.98645607356038,0.042874350596342294,0.11027657854020433,259905.00000000003,1.0,17.342036006253956,7.4443658529302645,781.8303567196417,149.852640983505,765.565494666872,150.33686411323572,3.5743477223909714,3.271493990933434,208.32825307360832,4.226784380340217,1.3907055898311926,0.9275696847012467,259905.00000000003,1.0,1.2306187589496078,0.7517815592366346,16.886170440641894,1.6898934138784725,17.07959060485681,1.5930069769170023,1046759.2628405315,285830.8112209391,259123.1696432804,149.85264098350478,389935.83567197627,133979.83755667842,259888.11382955938,1.689893413884046,916832.944505881,283599.1495445344
865,170.26798441595156,3.331019651988776,207.66894795341346,4.062712470009303,209.05502577130503,3.9049277535790567,206.38294763217945,3.896915640861288,32.52960136684941,12.022217550663456,0.02806958405944882,0.0802824840612673,259905.00000000003,1.0,17.433618928333157,7.3808459533857524,796.8982695740984,149.8623397808563,781.8303567196417,149.852640983505,3.4568130900228717,3.3133473982617843,207.85143115635154,4.09419451891206,1.3234975303032754,0.9533685990943531,259905.00000000003,1.0,1.1969366584050298,0.773427920733236,16.73583502628706,1.782550478271294,16.886170440641894,1.6898934138784725,1041965.1025628613,289321.13706615986,259108.10173042593,149.86233978085704,395069.9011361677,134648.72534661798,259888.26416497375,1.78255047827506,913379.8331085255,286337.2326892427
866,169.94048933554586,3.258877167962145,207.26951551103917,3.9747233870555685,208.62894529123616,3.839874832619574,205.97795632446275,3.8319980190308804,31.56468893104199,12.331332786108065,0.01594846640355432,0.049371964443921175,259905.00000000003,1.0,17.276020999144386,7.366148945209837,811.1709890395925,149.41811737246618,796.8982695740984,149.8623397808563,3.3731146340120097,3.3562529677829915,207.4229811153129,3.9927004038345872,1.26242991688234,0.9780276307495603,259905.00000000003,1.0,1.1713414009834993,0.7939692138839198,16.628798043984666,1.8652959005377352,16.73583502628706,1.782550478271294,1035700.671846571,294509.73195229354,259093.82901096044,149.4181173724653,401893.0965876784,130959.16402129794,259888.37120195603,1.8652959005406695,907707.5705777069,291152.6694721336
867,169.65268508253692,3.2333924738234883,206.91849254363544,3.9436408677016876,208.2686847008548,3.8056801980170474,205.60930686952818,3.8113100685359456,30.85521676694119,12.502513287753093,0.009541017263008957,0.036502219292503635,259905.00000000003,1.0,17.023717103559722,7.095497502914616,824.992947685711,147.97769340428815,811.1709890395925,149.41811737246618,3.3176634076135305,3.3773501481605255,207.06682280072502,3.901335184803714,1.2159484664035545,1.0043197954893206,259905.00000000003,1.0,1.1609352245375806,0.8054471040105795,16.564243784855684,1.9271747304948643,16.628798043984666,1.8652959005377352,1018362.8637298605,304064.34169109585,259080.00705231432,147.97769340428658,404774.1420695148,128825.32806827604,259888.43575621516,1.9271747304985865,889663.9611427636,302340.062253672
868,169.39863605355896,3.229437893727727,206.60863907065388,3.9388176835486326,207.94874227627142,3.8103083634406683,205.27194677561363,3.8169869053418086,30.195603349013545,12.747424857363267,0.013853832479607288,0.05665327656620274,259905.00000000003,1.0,16.80065475481741,7.0208919779373495,838.3740424474275,145.9048781006251,824.992947685711,147.97769340428815,3.3265461914788172,3.373334329397883,206.73463793638388,3.847456152218282,1.209541017263009,1.0116626030165672,259905.00000000003,1.0,1.1332977861058595,0.8265986701202503,16.48370551209567,1.9832478786187597,16.564243784855684,1.9271747304948643,988461.6002313265,311530.2781817301,259066.6259575526,145.90487810062157,405043.60199642065,128506.77030354037,259888.51629448793,1.9832478786213796,858017.7834042115,311330.68779353384
869,169.18749156026786,3.2129824530598876,206.35111458206728,3.918747699854838,207.6691147949576,3.793446003915854,204.99063885776357,3.8119714464630325,29.536594342258212,13.278093749668344,0.017384866929779016,0.06651138002884802,259905.00000000003,1.0,17.32889375757348,7.70754988104629,850.5643581651825,142.2681380114435,838.3740424474275,145.9048781006251,3.2764660545417965,3.389184817663657,206.4271325241866,3.7774274463566235,1.1851774598493696,1.0321799269150005,259905.00000000003,1.0,1.1167124735562441,0.8387445439245722,16.415240525802545,2.023400816861918,16.48370551209567,1.9832478786187597,949725.5768140712,304907.0704873694,259054.43564183483,142.26813801144095,407610.39492035256,125487.5229799227,259888.5847594742,2.0234008168649797,817324.9123528405,307731.14818304835
870,169.00034808547824,3.180649217356632,206.12286284022878,3.87931210658292,207.41496610368452,3.752960018337088,204.7303349459813,3.7656424219631495,28.723604362965787,13.84490360099282,0.02379231607032438,0.07365431592850825,259905.00000000003,1.0,18.047696854808347,8.69463339279705,861.2164733572696,137.40971393261773,850.5643581651825,142.2681380114435,3.2389803889591136,3.4025184900743324,206.16801398252812,3.6939455791669475,1.174789057017188,1.0398290158058154,259905.00000000003,1.0,1.1126923589992095,0.841382444156415,16.353143827784567,2.0527511043026507,16.415240525802545,2.023400816861918,905263.4576883552,288915.77487317746,259043.78352664274,137.40971393261597,409288.88529767096,123257.23944288358,259888.64685617224,2.0527511043068514,771769.5612165966,294656.1707936796
871,168.84172743058687,3.149237946539538,205.92939930004908,3.8410010683179516,207.1924993850381,3.698842472571577,204.51716694532715,3.699008057262972,27.94174380593046,14.449137062412339,0.02903829173047195,0.07741014401074406,259905.00000000003,1.0,19.08427883834202,9.507068973160742,870.0449000331275,132.04288946955953,861.2164733572696,137.40971393261773,3.205763896162252,3.4173646087438274,205.94147829453303,3.6014516529950282,1.1698002347891303,1.0441018664807296,259905.00000000003,1.0,1.0877575602422551,0.850505599214139,16.271101153237694,2.067898439519851,16.353143827784567,2.0527511043026507,862551.1290905481,271700.00059210544,259034.9550999669,132.04288946955788,409181.58920331585,123403.55522086799,259888.72889884678,2.0678984395231357,727675.1901152934,277688.3007224764
872,168.70398253897187,3.104261474392833,205.7613967762964,3.786144878372677,206.9954763431687,3.639279601035221,204.3413276518956,3.6271793523659297,26.928371533474724,15.167041309665152,0.06200970596357105,0.19137622135854523,259905.00000000003,1.0,20.613071341257005,10.611542776025832,876.2981905193817,127.21293207918418,870.0449000331275,132.04288946955953,3.1559344676005643,3.443297942706358,205.7471661705552,3.523397244903954,1.1561569417326347,1.054406922848999,259905.00000000003,1.0,1.067342673678126,0.8609137167518416,16.182286885183185,2.0689347882559783,16.271101153237694,2.067898439519851,825130.7528591624,264268.6733846074,259028.70180948064,127.21293207918146,407524.3233034306,125333.47816085738,259888.81771311484,2.0689347882592655,688591.8570474031,271283.4872226778
873,168.52662024527194,3.053646943629617,205.54507486370625,3.7244121398322214,206.8114842723942,3.5690058861071536,204.12688541304897,3.538167449857036,28.009807787722735,16.09690454973411,0.08548793412267039,0.22394086852515485,259905.00000000003,1.0,21.690701228564556,11.614405075862559,882.5318091444173,122.35162733387382,876.2981905193817,127.21293207918418,3.1176634076135303,3.4675717536744557,205.5772059723581,3.437828972240673,1.1545455490107723,1.0554925313698245,259905.00000000003,1.0,1.0767789252729907,0.8568921645589569,16.1045202614454,2.0568509569366418,16.182286885183185,2.0689347882559783,802441.1702933548,257345.60225488167,259022.4681908556,122.35162733387102,403960.16510417394,127270.023709313,259888.89547973857,2.056850956940136,666776.1796200321,265899.8099140014
874,168.29002091502375,2.978484287838877,205.25650419769804,3.6327391085106346,206.58031298460654,3.4808308230165954,203.8607295168168,3.434340520718507,29.197925511715052,16.66080944211782,0.10471028154430648,0.2404882215354133,259905.00000000003,1.0,22.121594424399408,11.97416556203248,889.5034299501885,116.53917720517292,882.5318091444173,122.35162733387382,3.116987400602071,3.4680671875134186,205.38191531589524,3.3604009709637968,1.1602592175261215,1.0505559890215126,259905.00000000003,1.0,1.1096645646317134,0.863180166340501,16.053925608550994,2.0222507130591607,16.1045202614454,2.0568509569366418,794342.2351330934,254497.5111010551,259015.49657004984,116.53917720516885,403622.0254885739,127205.98319849814,259888.94607439148,2.022250713062824,660443.533227819,263759.27257267735
875,168.07689951328504,2.9106994731004656,204.9965686146086,3.5500647011402995,206.34699154312798,3.3952089659858706,203.59096455096662,3.345290182572867,29.657274562738184,16.893269314103886,0.12044820852474919,0.24870777971459077,259905.00000000003,1.0,23.10996400441997,13.12046593352032,895.930292299982,110.55214843983505,889.5034299501885,116.53917720517292,3.106875141995747,3.4756999700307594,205.15835754043806,3.2910678511639073,1.1518619001297732,1.0551032184171172,259905.00000000003,1.0,1.142631357140065,0.8627727282094568,16.044695065561285,2.013310831218877,16.053925608550994,2.0222507130591607,795016.0919677371,254792.94875414402,259009.06970770005,110.55214843983042,408877.7690193601,130145.54326976868,259888.95530493447,2.0133108312221575,660003.1362177858,263597.62314216624
876,167.7963841222754,2.861754200800583,204.6544354263469,3.490367768158761,206.09229679441472,3.3037592225935835,203.2581430851854,3.3161054381048136,30.961997274912797,17.912152226033665,0.13333333333333333,0.25224063654383294,259905.00000000003,1.0,23.751818210641442,13.503779464840383,903.00713803092,103.94002203297835,895.930292299982,110.55214843983505,3.1403475710446678,3.45442429686668,204.92599479167438,3.226529795791231,1.173663130764264,1.0500180355763604,259905.00000000003,1.0,1.1801717319350296,0.8702775231731898,16.051203666732054,2.020967618860537,16.044695065561285,2.013310831218877,805862.7960974225,261323.06361015915,259001.9928619691,103.94002203297292,417249.9063431103,136361.38867132596,259888.94879633328,2.0209676188649373,669451.4114854563,268662.02701648464
877,167.46605140385148,2.82380126825901,204.25154216766268,3.4440779944401054,205.76577147062832,3.2035487314895468,202.8515565878603,3.317076720379718,31.876085840794254,18.559610256487126,0.15245091508682515,0.26327928333035555,259905.00000000003,1.0,23.586414171546824,13.381780604496484,911.1443587850806,96.0166555170449,903.00713803092,103.94002203297835,3.2416969795164854,3.4180611199092117,204.59511929862495,3.201804316519739,1.242822905769409,1.0835749141705402,259905.00000000003,1.0,1.2109071912617404,0.8871380287472882,16.019287952224385,1.9837113475028105,16.051203666732054,2.020967618860537,824479.3991449348,274292.4775721069,258993.85564121493,96.01665551703836,430514.22895581333,151288.24854347354,259888.9807120478,1.9837113475062926,687968.8096789744,280118.43368100113
878,167.09407949502057,2.847577528861842,203.79786293077154,3.4730766034660197,205.35527635603404,3.1937233609826965,202.35963957352382,3.483745254284598,32.10928721200401,18.578237050863855,0.1681030671928914,0.26782222218764323,259905.00000000003,1.0,23.774902664941823,13.461863082151307,919.3106402649499,86.94273422273272,911.1443587850806,96.0166555170449,3.5218929828042764,3.5194480988637746,204.17452492991256,3.2422782590482937,1.315047239549555,1.107713104934636,259905.00000000003,1.0,1.2672734552374556,0.9250589411504532,15.971514167912284,1.9205522438588312,16.019287952224385,1.9837113475028105,855583.8204177129,299045.9182850209,258985.68935973506,86.94273422272684,450574.7717715907,168721.25901626467,259889.02848583212,1.9205522438645999,716651.5349263592,301895.6248099052
879,166.71481716717784,2.914999589155547,203.33529183550417,3.5553080732178186,204.94794659575098,3.2457677372282228,201.8921848367092,3.685581938843438,31.547696058458186,18.362914262891557,0.1809179654739821,0.26869755613019936,259905.00000000003,1.0,24.209847043294292,13.479166349326295,926.4675713146398,78.72427602203534,919.3106402649499,86.94273422273272,3.3271947863626985,3.100792700031997,203.7710112161613,3.3320023724654773,1.3072679865987078,1.1002089395964365,259905.00000000003,1.0,1.3028728010524495,0.9229913716182091,15.967118982366026,1.9172030383717087,15.971514167912284,1.9205522438588312,864452.3682304583,311053.44072250725,258978.53242868537,78.72427602203206,456254.918947282,177552.34417754185,259889.03288101766,1.9172030383778034,722107.4846772915,309004.4863588332
880,166.32714897521984,2.8730692764533368,202.86246873114828,3.504166681357187,204.5243630823645,3.2270614995597073,201.40377405690072,3.7795364726766962,31.347133169137276,18.37438275057502,0.19140991679427724,0.2675323042832586,259905.00000000003,1.0,24.594028560750772,13.813583474565961,933.0292660062321,69.13710373744169,926.4675713146398,78.72427602203534,3.1713058680131723,2.821122240368456,203.33670915964112,3.370412133680097,1.3139741464946346,1.1039281314119957,259905.00000000003,1.0,1.2998262249843933,0.9187723715800182,15.952971060855784,1.901447464629166,15.967118982366026,1.9172030383717087,868568.5702288777,315337.70316454844,258971.9707339938,69.13710373743965,457563.2027130576,179631.66316673945,259889.04702893918,1.9014474646356354,723910.9151573983,310599.9216908639
881,165.96287211235162,2.8215289044192264,202.41817505945392,3.441304413770648,204.08796744998992,3.200195686559796,200.92534712433718,3.7941323896019656,30.238088353302484,17.517961525847628,0.2,0.26530241333806687,259905.00000000003,1.0,25.03129889673082,14.011213918343852,938.0360554628038,61.439269893210465,933.0292660062321,69.13710373744169,3.239902285200715,2.9825737030515347,202.8862632024058,3.382093453435558,1.251562492637977,1.0452854849850424,259905.00000000003,1.0,1.3451258538496136,0.9808491835067868,16.04653442206742,2.0169293755433078,15.952971060855784,1.901447464629166,871837.9638372024,317518.54752333113,258966.96394453722,61.43926989320689,458750.61871010053,180992.5308851632,259888.95346557794,2.0169293755492768,723790.5741641157,310533.6401456585
882,165.64373516863802,2.721347120236262,202.028936838393,3.3191159910413925,203.6986579598478,3.134327110490073,200.51167943554586,3.7396391232267976,29.13573473559206,17.04337227958983,0.2,0.26530241333806687,259905.00000000003,1.0,27.230885138645533,17.671279401673264,939.7409050597503,58.04063818362688,938.0360554628038,61.439269893210465,3.2140961577205642,2.9357653940199917,202.50204203537817,3.3518563848487166,1.1733229481682674,1.0129554694887721,259905.00000000003,1.0,1.3822140531045888,1.0016809880493913,16.255425527003744,2.2656600803991416,16.04653442206742,2.0169293755433078,875664.8141767854,320208.6324706183,258965.25909494027,58.04063818362425,465209.0715259353,188581.12832898716,259888.744574473,2.2656600804075113,721569.9372438525,309458.33245784196
883,165.42362444789245,2.5461708813109536,201.76047695064256,3.105459850044737,203.42058093103202,2.9700573847297984,200.16861454440698,3.604429322084795,28.062234715148623,16.850565437381665,0.2,0.26530241333806687,259905.00000000003,1.0,29.755348540260147,20.966464094986417,937.8477912346387,62.47235192348938,939.7409050597503,58.04063818362688,3.224268451612667,2.950569075124752,202.16297767836363,3.2674383263166473,1.1309092343423177,0.9909833890509189,259905.00000000003,1.0,1.5036600714710777,1.3174276562711937,16.628176364132504,2.9823685887925717,16.255425527003744,2.2656600803991416,877856.5442398554,321570.5815760417,258967.1522087654,62.472351923488496,477018.3770423654,202953.84533949426,259888.37182363588,2.9823685888004023,712726.9062451542,307359.93062647415
884,165.28913737445455,2.3355237671131848,201.59644897837893,2.848542112528675,203.22857087080675,2.7176882845020085,199.9073004950829,3.33598851740795,27.49990903898581,16.989221850142563,0.2,0.26530241333806687,259905.00000000003,1.0,31.955135143258033,23.51420719016634,933.1925651303666,74.1137657884093,937.8477912346387,62.47235192348938,3.473351175766719,3.082188305597165,201.90922305626358,3.0360080904262614,1.1207992010028478,0.9894438892261442,259905.00000000003,1.0,1.6222092433000874,1.561490509063235,17.12958640642974,4.095695089202029,16.628176364132504,2.9823685887925717,888065.3971953712,323617.3749466217,258971.80743486967,74.11376578841141,495021.59047053783,218663.5671458537,259887.8704135936,4.0956950892116835,709924.3480667578,308495.13792711473
885,165.26312726124144,2.2868439748915694,201.56472592424964,2.789170040208097,203.13268170310562,2.5390141061960287,199.7760411718027,3.1480787041196865,26.194825634866294,16.48763663337918,0.2,0.26530241333806687,259905.00000000003,1.0,34.150256557136494,24.743977005651807,925.0371342080963,91.60038746934526,933.1925651303666,74.1137657884093,3.715518025599065,3.1836695569562745,201.7650352867739,2.8073526997157408,1.0707701596401844,0.9647557128300406,259905.00000000003,1.0,1.7298185439664597,1.7315842621780397,17.788634790756017,5.470586332893268,17.12958640642974,4.095695089202029,903165.8750152973,331778.7810969007,258979.96286579192,91.60038746934649,523660.6010909224,245393.53488124002,259887.21136520925,5.470586332900799,703901.512551786,309942.8589721641
886,165.29066293170266,2.3410559115863787,201.59831041643508,2.85529096871879,203.1507036755189,2.5783551977416392,199.7429657742334,3.0910096951698094,25.488708160847164,16.472321633517883,0.2,0.26530241333806687,259905.00000000003,1.0,35.918347447189426,25.07058127145622,914.407494921754,110.69489595240768,925.0371342080963,91.60038746934526,3.9224539726112737,3.222413600227028,201.75307249944896,2.783291421172452,1.060467531682379,0.964313218051089,259905.00000000003,1.0,1.8098979653859195,1.8169601702479943,18.538065224459558,6.903394036678277,17.788634790756017,5.470586332893268,914993.2041115044,335213.21526182035,258990.59250507827,110.69489595240898,557704.7279198886,274239.23083162744,259886.46193477555,6.903394036684672,707072.0778414911,310180.68665261776
887,165.40288893742405,2.545680971334148,201.73518865663425,3.104865395827024,203.24792227087798,2.7799872738269884,199.83004690813192,3.2433497625747463,24.895334750210637,16.314317028653157,0.20955879087674592,0.26300403660716226,259905.00000000003,1.0,37.01819951460958,24.655538738728836,902.0750713664784,128.03990824329668,914.407494921754,110.69489595240768,4.103418901346811,3.2713713786884004,201.84134274899418,2.9611648694613657,1.0364313542283232,0.9619688524348445,259905.00000000003,1.0,1.8945790321442149,1.8956481898463238,19.39621290237545,8.411754012332057,18.538065224459558,6.903394036678277,915279.4044494409,335357.61095017224,259002.92492863355,128.03990824329725,587088.0608471137,289712.40231935977,259885.60378709764,8.411754012335773,699135.0961571124,306912.72839892906
888,165.57210871337986,2.810088784973011,201.9415800772876,3.427353977281024,203.43491839416737,3.1005790638694704,200.0298420758415,3.57274935629331,24.36569036472517,16.15887533075187,0.21738486692977904,0.26002960630750444,259905.00000000003,1.0,37.740528999883516,24.28944582473527,888.4828478643902,143.13861952081425,902.0750713664784,128.03990824329668,4.11731123585757,3.2770663536895945,202.05518675577542,3.348702325660006,1.082673075636179,1.0308856549827237,259905.00000000003,1.0,1.9061111348430575,1.8966572886051922,20.219650961582328,9.52636252960982,19.39621290237545,8.411754012332057,905497.8762159237,327735.0834924499,259016.51715213564,143.13861952081552,605957.0631934487,299030.58138605044,259884.78034903842,9.52636252961163,684644.299194328,295309.3985198641
889,165.79542262430965,3.0421375869427663,202.21394753886915,3.710374546128719,203.70448160285468,3.4481855600773934,200.28170321170603,3.8629208779062054,23.78317455821335,16.078187511986055,0.2715862704540539,0.36245198303936343,259905.00000000003,1.0,38.55088226229914,23.687590534754197,873.4435538898505,156.3126971652559,888.4828478643902,143.13861952081425,4.125713346169705,3.2815597475214844,202.30547483471025,3.6329082692076273,1.0536210588908341,0.9747582066046447,259905.00000000003,1.0,1.9085198566782295,1.8959521695406223,21.074549759369724,10.356048300927359,20.219650961582328,9.52636252960982,906658.9815665741,328698.70923292235,259031.55644611016,156.31269716525603,628768.3769683306,308540.91956933995,259883.92545024064,10.356048300929485,680893.8792675997,291736.34782002575
890,166.08491230560338,3.3290349805519317,202.5670266726326,4.060291687771996,204.0854271667564,3.9041871676809023,200.5759692840883,4.161468312064879,23.615701426117155,16.116797256748626,0.31596262637936706,0.4068342143019032,259905.00000000003,1.0,39.974290115655094,23.088844974050808,856.7690025739331,169.16295357501772,873.4435538898505,156.3126971652559,4.424407789744824,3.7737698292534043,202.61026535773817,3.885619279638854,1.0725775825567692,1.0057293430881122,259905.00000000003,1.0,1.9200507421970412,1.8910139028633421,21.922022919009997,10.930872334079536,21.074549759369724,10.356048300927359,926865.7019266204,350058.6474188729,259048.2309974261,169.1629535750156,664045.9229689207,335783.73609205545,259883.077977081,10.930872334081867,679573.5223813017,291112.7183844761
891,166.46114912424616,3.7490381738288576,203.02590808364266,4.572552242479275,204.55003659639976,4.479259440803018,200.94972638234827,4.574589653797095,23.524943174278995,16.15196322013569,0.35229491368495525,0.4258686904009468,259905.00000000003,1.0,41.719247660205816,22.69333642436086,838.2224031743214,182.52571876566174,856.7690025739331,169.16295357501772,4.656427354412674,3.9761325947432704,202.9755520627016,4.22229600024777,1.1036989705610005,1.0464154712176603,259905.00000000003,1.0,1.9546513227657396,1.8769556361267266,22.772975271214733,11.321868912966629,21.922022919009997,10.930872334079536,966568.7310161961,406947.1814849261,259066.7775968257,182.52571876566083,711986.4338603312,395795.03702551476,259882.2270247288,11.321868912968874,676662.5474784229,290537.38806256227
892,166.87399411595413,4.22712034557685,203.52943835382763,5.155648786150387,205.06880601953202,5.08909342573452,201.37224572765035,5.0573479348129755,23.458115713294674,16.19266345682367,0.3785247919856931,0.4276514294564986,259905.00000000003,1.0,43.20237720468454,21.947013166437596,818.0996168909458,195.85735086308551,838.2224031743214,182.52571876566174,4.869022971721513,4.049354268771507,203.42508753312038,4.68852759788204,1.136211973290561,1.0695306919289014,259905.00000000003,1.0,1.9759469168596615,1.8628659524323776,23.612710214783835,11.551178159374949,22.772975271214733,11.321868912966629,1007070.2111309847,451952.0149636733,259086.90038310908,195.85735086308463,756671.8290425966,444874.1040376932,259881.38728978523,11.551178159377045,678650.78723006,291296.2226361277
893,167.32568379271046,4.749380260501943,204.08034572177803,5.792627617849061,205.62867366800523,5.7659106839793415,201.83419289566433,5.601522880056088,23.406373987020558,16.233345801704886,0.4,0.42414958552524,259905.00000000003,1.0,44.2371236268752,21.222044731640622,796.8401908784609,208.81536283474367,818.0709405183155,195.91994978867723,5.202510649439673,4.1881012362553065,203.91997533726556,5.222786373593235,1.1442582982088105,1.068615204105318,259905.00000000003,1.0,2.029091612571683,1.8316769755945674,24.497543529146707,11.715509022954839,23.612710214783835,11.551178159374949,1048432.0862057211,480480.45874277165,259108.15980912157,208.8153628347414,802791.4545486693,486656.86394541373,259880.50245647086,11.715509022957908,685045.8077465895,292254.97840437625
894,167.82052629390546,5.302084839999519,204.68388503444504,6.4667381308413185,206.24081195068484,6.445745616090545,202.37846835889687,6.254688216408154,23.07516803821465,16.4381850172857,0.41911758175349184,0.41838484902762574,259905.00000000003,1.0,45.0708792911012,20.396735080919555,774.3732074430316,220.64142802610374,796.7880362776716,208.92079707425088,5.464997819022054,4.171628801407051,204.48995739953224,5.894300982334134,1.175461450390723,1.0475095450859184,259905.00000000003,1.0,2.0630440184373406,1.810050458679885,25.385126097193325,11.84483050903544,24.497543529146707,11.715509022954839,1096986.2162893724,520192.68886293273,259130.62679255698,220.64142802609973,859500.1788561309,541550.8893709347,259879.6148739028,11.844830509036708,690483.4504052151,292898.96176246944
895,168.32060914070317,5.786203416035395,205.29381574386233,7.057197484646029,206.85728757276559,7.011107974961978,202.9448804004743,6.849269459788426,22.756205587941146,16.673035086431067,0.4347697338595581,0.4108807289651901,259905.00000000003,1.0,45.290663421479856,20.081148269271516,751.3326029274223,230.4675449845022,774.3018304948206,220.77492951821947,5.576935483251908,4.0811924102534425,205.08521677384974,6.509610434045895,1.1904589827369911,1.033223204120048,259905.00000000003,1.0,2.0873254146145275,1.7894477318671087,26.281992529070862,11.933867850428884,25.385126097193325,11.84483050903544,1132198.0726667242,532897.371722566,259153.6673970726,230.46754498449715,903466.5917960256,563322.6126056043,259878.71800747095,11.933867850430602,694657.1593523346,293118.76540903543
896,168.8256118964755,6.212487666478937,205.90974687061586,7.577118331109037,207.4803354621159,7.473804101570062,203.44668063146634,7.220837565513822,22.459896394365003,16.914878636221456,0.4475846321406488,0.40276831888937303,259905.00000000003,1.0,45.0840437708712,20.42552194653233,728.173756043584,237.98662756171186,751.2454880522308,230.61814251105938,5.7666960257367865,3.968110256320333,205.67930498076055,7.024149659262101,1.2243813310273763,1.0092178093221382,259905.00000000003,1.0,2.096655892454425,1.7799300670923222,27.15426709049791,11.939897059059618,26.281992529070862,11.933867850428884,1167429.0264860648,539003.5560324212,259176.82624395643,237.98662756170754,946491.0173011466,575191.166709836,259877.8457329095,11.939897059062114,710896.009753918,300438.1228635926
897,169.36392062286907,6.623524414386168,206.56630006149618,8.078442994083188,208.12837717908144,7.9359844462768825,203.99896964444125,7.6086275112607975,22.240923666625275,17.0211875447042,0.45807658346094393,0.394726250797101,259905.00000000003,1.0,44.676997159733304,21.037355809778536,705.179605967015,243.04607704287406,728.073756043584,238.14662232851165,5.9819373884351155,3.8904571827643752,206.27270657262957,7.514469996536516,1.2521546007893372,0.9855485267639966,259905.00000000003,1.0,2.1234126233563533,1.7556402782174698,28.025525113064926,11.890738902908943,27.15426709049791,11.939897059059618,1202773.8980529953,535778.5897488846,259199.820394033,243.04607704286968,988752.302295992,576697.8947586706,259876.97447488696,11.890738902911107,727509.6817297251,299302.07081984275
898,169.8938242731084,6.953253654008415,207.21260189805457,8.48059974495419,208.80594557369878,8.361988941555046,204.56694015739612,7.95258408441491,22.03395824477044,17.135795671576222,0.4571078757899208,0.39519655114081964,259905.00000000003,1.0,44.47899545619342,21.343767886187667,682.1774608798022,245.80253389743544,705.079605967015,243.19296244721355,6.093330255259002,3.819116130064588,206.9264152395549,8.013682325179436,1.2713769482109731,0.9657081345156608,259905.00000000003,1.0,2.1347697338595584,1.7433517026627678,28.888917898713512,11.7770484347719,28.025525113064926,11.890738902908943,1236295.3261225435,520272.33205876936,259222.8225391202,245.80253389743268,1025094.3646356243,563516.8917953649,259876.1110821013,11.777048434774334,746713.4348403516,290259.8677228687
899,170.44634744512055,7.312748776325516,207.88649222922226,8.919061522416284,209.49889716073085,8.786531674968888,205.1367048201703,8.291630189336251,21.99714497256129,17.164032662175238,0.4492817997368877,0.40201692464183936,259905.00000000003,1.0,43.84201616555305,21.93672484248528,659.7833078870735,247.78517202311633,682.0774608798022,245.93809795113128,6.184531021001238,3.737838340862298,207.5729140024582,8.440890559681973,1.296673666068162,0.9408764772341068,259905.00000000003,1.0,2.2718489135383457,1.7546735728345944,29.864093146183695,11.737397865216874,28.888917898713512,11.7770484347719,1272055.4375915686,500057.583310926,259245.21669211294,247.7851720231122,1061618.1374987704,550281.9286080614,259875.13590685383,11.737397865219389,768546.099076642,276193.55820473784
900,171.0231561934195,7.689647644574663,208.59000307464973,9.37875026248308,210.21147640576538,9.208010762388064,205.7459013163531,8.685439985328918,21.965469645958798,17.191998932039137,0.44287435059634234,0.40774629172193655,259905.00000000003,1.0,42.96123020616079,22.642142816222684,638.2446729762752,249.40528957000672,659.6833078870735,247.9103074801706,6.255683409972655,3.665758956237102,208.25097737445716,8.912463975292173,1.3078260760530331,0.9304177662224161,259905.00000000003,1.0,2.3745210626713256,1.73876913948307,30.930788132801986,11.749099588505562,29.864093146183695,11.737397865216874,1306204.5967206615,469968.6299502184,259266.75532702374,249.40528957000237,1095113.9935172,530921.3586473266,259874.0692118672,11.749099588506821,789924.5959362283,254196.19933976565
901,171.5895349413476,8.013286482160332,209.28079289530902,9.773479775571492,210.95270536300953,9.64556518140428,206.3689826867745,9.108733865598614,22.082917945106736,17.091164009051038,0.4376283749361948,0.4125304066292724,259905.00000000003,1.0,41.940166288638935,23.41081181317694,617.8497962578068,250.67803557759368,638.1446729762752,249.52068306373798,6.303933122502627,3.6066622542173414,208.95840014527772,9.40024801236776,1.449789312291734,1.0747617342339508,259905.00000000003,1.0,2.4681406995278508,1.7055883666444427,31.949139520038102,11.61827616947068,30.930788132801986,11.749099588505562,1335640.7113160042,434486.4574813713,259287.1502037422,250.67803557759171,1123166.6140033752,506111.0352409244,259873.05086047997,11.618276169471594,809287.1397369574,228079.5851027947
902,172.13480612774632,8.290789347247268,209.94583877840353,10.111938947484713,211.68821901954567,10.026400066858574,206.98386830338504,9.504133289074945,22.18511878774659,16.97629247652577,0.40465696070309565,0.40641392928778486,259905.00000000003,1.0,40.540122830914505,24.16787696957115,598.9901352539357,252.3171547484131,617.7497962578068,250.78443074176457,6.32838005833275,3.5697173346972235,209.68458563483634,9.85928278125044,1.566018979606833,1.1215968477483007,259905.00000000003,1.0,2.547315800899003,1.658328586075955,32.93043634133027,11.366605675443273,31.949139520038102,11.61827616947068,1362026.5229529329,393678.6032443364,259306.00986474607,252.31715474841226,1148362.5911554513,478890.7926045016,259872.06956365868,11.366605675443555,827934.0442707118,193930.78228802703
903,172.7331080725781,8.536838196639533,210.6755641702681,10.412035383792126,212.4233374505368,10.358072691414847,207.65818775618146,9.881870041356247,20.46668942460865,15.94144121355455,0.3811787325439963,0.40884161797069113,259905.00000000003,1.0,39.199716407711094,24.883780688863116,579.7759295382893,252.21826392447932,598.8901352539358,252.41512982175976,6.345869690930673,3.541064066094422,210.40503384336108,10.271609859386063,1.6516209917809812,1.130980922831126,259905.00000000003,1.0,2.7077268000370904,1.7210257180399868,33.986542149586384,11.140388854801898,32.93043634133027,11.366605675443273,1376640.4117740062,369930.7887453377,259325.22407046173,252.21826392447926,1168962.9413846761,453111.5417426311,259871.01345785044,11.140388854800024,834264.8804487352,182747.23615260024
904,173.36969136693338,8.71116070627394,211.45197928402638,10.624649516160815,213.18680867085004,10.597400583852387,208.39852685886714,10.21665490834101,18.798154621697254,14.902830572181097,0.3619563851223602,0.4128700160730914,259905.00000000003,1.0,38.08242562246958,25.684306640317498,560.0297021523946,249.92146247407285,579.6759295382893,252.30839955652056,6.350630200121882,3.5332305344739283,211.1766023402014,10.625727724224149,1.7373070907807922,1.1274061455531432,259905.00000000003,1.0,2.7933459437652535,1.7353361841589352,35.04258100257084,10.941969555143636,33.986542149586384,11.140388854801898,1379900.8507120872,364738.75051900855,259344.9702978476,249.92146247407112,1181306.77234489,436812.15681800916,259869.95741899745,10.941969555141181,829316.7220767695,189643.7479520396
905,173.9984303458544,8.832688611750825,212.21882675456797,10.772871700285235,213.96393440084012,10.767849013869819,209.16023009541775,10.476145471472226,17.419989249511318,14.342852064988037,0.34621845814191754,0.4174978778841985,259905.00000000003,1.0,36.70359495148247,26.046450476386067,540.2998779922816,246.5703991967909,559.9297021523946,250.00425558081648,6.3545277753970355,3.526528879512102,211.9507987686236,10.846763563148421,1.8109774177892337,1.1144816250866971,259905.00000000003,1.0,2.85740266155697,1.7256026228127086,36.08900624633858,10.735281876743178,35.04258100257084,10.941969555143636,1376493.6812694964,369697.17643005715,259364.70012200775,246.57039919679025,1193150.5897702486,423860.1280914136,259868.91099375367,10.735281876740101,827113.2909413795,191010.1358177446
906,174.66610567460222,8.824754586442083,213.03316314957996,10.763194588913477,214.73262658753666,10.822645393894472,209.91223441833807,10.510129686855613,15.407280830508455,11.720437454482907,0.33333333333333337,0.4221492363717631,259905.00000000003,1.0,35.62230110051591,26.541574672272414,519.6515243889407,240.51360758721043,540.1998779922816,246.64604219573195,6.452316091843409,3.4264318348073015,212.62677946124307,10.864967952276192,1.9332518309311277,1.2447103349326776,259905.00000000003,1.0,2.887213801954782,1.7160474591800698,37.04296821736224,10.378459523742219,36.08900624633858,10.735281876743178,1372615.1906375606,373147.55335321807,259385.34847561107,240.51360758720998,1204310.0497340015,412904.2770556307,259867.95703178266,10.378459523739664,822780.3108016852,189729.15062739886
907,175.40628714200412,8.742679318415574,213.9359323831932,10.663090342460576,215.60835187924062,10.819447736027403,210.74007349043495,10.431599485075445,13.574281041587664,8.836888828002106,0.31421575157984155,0.42387956949098876,259905.00000000003,1.0,35.07424712589647,26.813524187685225,497.73734255305214,231.12915132919971,519.5515243889407,240.58227642993424,6.452391584149797,3.4263650134460053,213.3896267508677,10.75283348533257,1.9760089080244836,1.29462244267521,259905.00000000003,1.0,2.9941337346274977,1.7659608333533634,38.06109304396525,9.915080225063868,37.04296821736224,10.378459523742219,1370783.904751488,373778.57204671315,259407.26265744696,231.12915132919863,1220228.2917274735,405085.6271693267,259866.93890695606,9.915080225060333,818130.6505053677,183795.99666009774
908,176.21555687381013,8.534651373003909,214.92296584501318,10.40936635425791,216.5968683555958,10.648176592994924,211.7092692121644,10.181238005926676,12.416680556945675,7.89729660067342,0.48018062613194745,1.0292458738171624,259905.00000000003,1.0,34.45590770646921,27.098750172632723,475.1179347773966,219.3116593657488,497.6373425530521,231.19080198635726,6.255235266257006,3.456773406129503,214.2713883492594,10.510204237287438,2.004973133721806,1.321202476800121,259905.00000000003,1.0,3.0082723816565737,1.765005854287876,39.06439229190002,9.29486076386523,38.06109304396525,9.915080225063868,1363061.3239856688,372829.0674213062,259429.88206522263,219.31165936574823,1234315.8482371452,400013.8764010386,259865.93560770812,9.294860763860674,803304.5697217827,155496.31715959162
909,177.0824267208198,8.22150824703724,215.98025193464275,10.027437702519983,217.64328401837113,10.361722702092512,212.72981225954754,9.833794125142742,11.50650972657315,7.323701491455471,0.6160611728584859,1.259499480743987,259905.00000000003,1.0,33.939997051203996,27.312618227824647,451.9683862799073,204.9159278265174,475.01793477739665,219.3659645095983,6.106892599157317,3.5018367463144986,215.20776644600545,10.184385056663402,2.0312128616240175,1.3334604323744372,259905.00000000003,1.0,3.019848126786193,1.7577092496434314,40.053027557062194,8.439958459940929,39.06439229190002,9.29486076386523,1364959.4788680174,373127.8966765146,259453.03161372012,204.91592782651696,1252617.3078576352,391879.45310620044,259864.94697244297,8.43995845993529,789098.9635604738,137793.56436820017
910,177.95209207817985,7.833318346509472,217.04094749279903,9.553977974241818,218.70238484478585,9.95558165897557,213.76773038007815,9.380916259831835,10.749240260731172,6.775096164593265,0.7273107552085527,1.3741476395080763,259905.00000000003,1.0,32.91104521496562,27.592269054080308,428.9792705704643,188.16369740999758,451.8683862799073,204.9623632931483,6.004557477362684,3.548231347675731,216.20896898839442,9.775752958903924,2.1482840425774157,1.4772340489624989,259905.00000000003,1.0,2.994606864452633,1.770990939540743,40.89935037893741,7.332196021038103,40.053027557062194,8.439958459940929,1366575.8766717308,372687.7819033222,259476.02072942955,188.16369740999812,1264764.6379683383,381296.8561584206,259864.10064962108,7.3321960210308985,777628.4235539233,132564.0435749525
911,178.8228278915848,7.327574478090476,218.10294850209786,8.937142071283203,219.7819255241874,9.366323817942106,214.83569817923862,8.846850491702007,9.99547007055214,6.0614080616487644,0.8279530004223796,1.4471915021151995,259905.00000000003,1.0,31.985553556494356,27.898710905264604,406.0612340840997,167.8795068117072,428.8792705704643,188.2016300246724,5.671797857634895,3.547530035422485,217.28583017945044,9.269887023819821,2.201936026970976,1.475441473655525,259905.00000000003,1.0,2.9331800776419334,1.793280892011011,41.630594429608365,6.147470855011706,40.89935037893741,7.332196021038103,1369428.4740729607,371085.4293255057,259498.93876591593,167.8795068117053,1288198.88234462,365106.99610476184,259863.3694055704,6.147470855002055,781933.2732969971,138227.53314048625
912,179.61340772814182,6.685322438521853,219.06718618871133,8.153812837270332,220.78694628088937,8.598048894725865,215.8231710577007,8.184169686764564,9.684118177292,5.743083470953279,0.917384866929779,1.4768573606495294,259905.00000000003,1.0,29.353855916545445,26.44998747492305,385.3741114779165,148.49087202970682,405.9612340840997,167.9079023320918,5.427489184749316,3.631026743078935,218.31052363677927,8.64985642087683,2.2765202433104617,1.4399497301141801,259905.00000000003,1.0,2.851239734403141,1.8702420722159137,42.205313920701045,4.905080567823024,41.630594429608365,6.147470855011706,1377215.7998453006,368718.46212923445,259519.6258885221,148.4908720297031,1311288.1514141054,352819.4917797181,259862.79468607932,4.905080567814997,797124.0347697195,166376.23495385496
913,180.3072352292226,6.090403203343235,219.9134191287433,7.428214243781113,221.6678324874001,7.834702825962861,216.7221553876525,7.447055280833022,9.558324008092024,5.653317411726671,0.9237923160703244,1.4731523159855227,259905.00000000003,1.0,26.700513465939313,23.954920351447935,367.20812970399885,131.68771454551865,385.2741114779165,148.50856487095848,5.215283178689762,3.6905317766781742,219.2462469803269,7.86447917227839,2.3124247449375943,1.4207798366023996,259905.00000000003,1.0,2.6452779320318895,1.8309626239600951,42.538167107795346,4.10492481742815,42.205313920701045,4.905080567823024,1382794.3597100724,365670.5324159767,259537.79187029603,131.6877145455152,1325848.71464279,343229.12273649685,259862.46183289224,4.104924817420113,816502.152230992,182368.2479319407
914,180.91257004219665,5.609208360640331,220.65172092154006,6.84132097711045,222.44153894044965,7.152019767712939,217.4742024087523,6.762314764923804,9.409519812948957,5.554504420684524,0.929038291730472,1.470026105130027,259905.00000000003,1.0,24.107009093141816,21.039666382651976,351.4816021320755,117.95545488336418,367.1081297039989,131.6933956093593,5.085821067278669,3.6344622640736963,220.06710385373296,7.1477584268648195,2.3287455910709083,1.4093758297987555,259905.00000000003,1.0,2.4384155069641924,1.7641662850525828,42.64783702368862,3.84957275852561,42.538167107795346,4.10492481742815,1390526.9684525225,361887.13359080197,259553.51839786794,117.95545488336435,1340097.972281379,335174.6310380861,259862.35216297634,3.8495727585179655,842875.1160828979,198777.40974430376
915,181.45140193495124,5.193078193854558,221.30891220297195,6.333784466989692,223.1367805683789,6.533581153554395,218.14693139821168,6.186126770536596,9.246928253106608,5.502091534729632,0.9333333333333333,1.467403988270737,259905.00000000003,1.0,21.792504169502536,18.446937504463232,337.9026928823463,107.1380248402666,351.38160213207556,117.94800488909235,4.934558326508992,3.5816858745649958,220.7903995328906,6.555172831741567,2.3069431432563867,1.438416996919599,259905.00000000003,1.0,2.2448816449820437,1.6992663237977699,42.585775525414284,3.957417558068002,42.64783702368862,3.84957275852561,1386944.1938197976,363411.42387332197,259567.09730711768,107.13802484026638,1341541.3575154739,334412.43024259247,259862.4142244746,3.9574175580605737,864209.1113204358,200015.7451656326
916,181.9510547203835,4.76618471280831,221.91831806757443,5.813120581800183,223.7564635987475,5.986750877199827,218.7499408804551,5.666477901383731,8.998362809163675,5.372303105524134,0.9333333333333333,1.467403988270737,259905.00000000003,1.0,19.87283406598357,16.59067392800868,325.9948882921931,98.25299098670638,337.80269288234626,107.11670951700124,4.7924895782908,3.560772753664859,221.41041721334884,6.068884588365527,2.28909280873826,1.4589980105895008,259905.00000000003,1.0,2.0848943518918768,1.6762294389092494,42.3815770685679,4.20118563332517,42.585775525414284,3.957417558068002,1385551.457913749,364310.40837577195,259579.00511170784,98.25299098670719,1336052.0446603862,337067.65290914493,259862.61842293144,4.201185633318474,874743.3310586937,203476.2751300921
917,182.44705580514363,4.3822954140958155,222.52327003979946,5.344907435770656,224.3575221133787,5.4413475612691675,219.3318012687732,5.239942002825481,8.458414007109424,4.974598667689286,0.9237745424565875,1.4726855274361552,259905.00000000003,1.0,18.775571176090835,16.025969790657886,314.65395658075505,89.4359480028688,325.89488829219306,98.21720646201226,4.6283795706895425,3.5414370026344435,221.9938950473388,5.632078186571232,2.270961708269528,1.4816192220815851,259905.00000000003,1.0,1.925231462307019,1.6373616561449833,42.03584682260539,4.412472281381049,42.3815770685679,4.20118563332517,1383400.0547320235,366343.9071783192,259590.34604341927,89.43594800287076,1330465.6215070484,341502.5602948795,259862.96415317743,4.4124722813753765,879193.3934364417,201124.16728272112
918,182.92768181658172,3.9769545365971086,223.10946970278735,4.850530422067896,224.96745221420596,4.892525382635206,219.87195393777242,4.893517867493072,7.974589671626996,4.3499900043149,0.9159484664035544,1.4770904399346507,259905.00000000003,1.0,17.833626391659024,15.793798543186186,303.77897139431946,79.66173944022523,314.5539565807551,89.3835096808978,4.640371494913591,3.5455041526710422,222.57712361500398,5.3175334324171954,2.1901963396526996,1.4958375884609172,259905.00000000003,1.0,1.8507742668147933,1.6732446276567208,41.69642474976749,4.649761322389383,42.03584682260539,4.412472281381049,1388614.0402961776,361983.7690493544,259601.2210286057,79.66173944022918,1338054.9848401402,336865.37664674467,259863.30357525026,4.649761322385345,886942.8440633899,198749.49520962403
919,183.37900962449075,3.4201608575150626,223.65993577896572,4.171432203772647,225.5230089433123,4.235577998163375,220.42746222709974,4.432244412865224,7.698671096369556,3.9713341895417953,0.8617470628792795,1.4799660261340746,259905.00000000003,1.0,16.921820605249984,15.672476149698722,293.5940748225598,68.70739209781026,303.6789713943195,79.58872873347401,4.556136911820373,3.543511159551674,223.1651505689013,4.802477847473546,2.137146522105181,1.5124100330337455,259905.00000000003,1.0,1.8038798016614164,1.7055183214122736,41.36315802932372,4.918680495540504,41.69642474976749,4.649761322389383,1397281.5469660505,360093.18360161025,259611.40592517747,68.70739209781497,1347822.4780361285,333414.3624005009,259863.6368419707,4.918680495537654,896751.7630213415,206369.85167888997
920,183.76509303973756,2.854066580565824,224.13082588873687,3.4809906190641096,225.97845401690472,3.6298411327858813,220.94197862813888,3.8968255749537737,7.39476257792343,3.5095098919753838,0.8173707069539664,1.4853507966246562,259905.00000000003,1.0,15.402275177000481,14.402552201164164,284.66919151652877,58.43197446223511,293.49407482255975,68.60737219621555,4.166679718067194,3.0323463075050308,223.70453275934995,4.140974752139027,2.065036632403613,1.5257357233374982,259905.00000000003,1.0,1.7604342097217591,1.7350527572712997,41.05855560664187,5.204484710785135,41.36315802932372,4.918680495540504,1389844.9135564622,358776.0376031522,259620.3308084835,58.431974462237534,1344232.3923492164,333234.01752798556,259863.9414443934,5.204484710783303,908078.6198139994,209803.27313074755
921,184.0317715488635,2.418463207308451,224.45608256941395,2.949703532449721,226.32677470940212,3.1372408923495665,221.3482216239188,3.436645789159604,7.190568579223091,3.140386102829344,0.7905972105251241,1.4875051112611544,259905.00000000003,1.0,13.504117830466685,11.510943342630137,277.46504505476,50.54047629086098,284.56919151652875,58.29849828908588,3.8734251721173907,2.730293597140283,224.16684347954123,3.500472852292842,1.9868804663503867,1.543995161510471,259905.00000000003,1.0,1.703220560176871,1.7646023526327155,40.77489570046835,5.48545931421051,41.05855560664187,5.204484710785135,1365569.194116559,335280.4457466935,259627.53495494527,50.54047629086603,1321970.3169237794,320357.58960499906,259864.22510429955,5.485459314209099,922143.9293109736,208822.07185077193
922,184.22275936820145,2.0719373315609078,224.68902281432273,2.5270597420204512,226.5833775655159,2.7224103104951833,221.67186016130321,3.039891787548277,7.067023267305739,2.9737467437348455,0.7721934082774193,1.4909639067481875,259905.00000000003,1.0,11.842267145586646,8.753913015940354,271.8176077682017,44.93516777847205,277.36504505476,50.37130625518141,3.650911070098426,2.5391554516436874,224.5077100145261,2.9762782593056754,1.922891609659941,1.5686630942590556,259905.00000000003,1.0,1.666927433736681,1.788707361413061,40.51893152454509,5.753046385498283,40.77489570046835,5.48545931421051,1339561.4757246966,309149.1819802678,259633.18239223183,44.93516777847788,1298176.9805267148,305901.0820738866,259864.48106847546,5.753046385496733,930676.1234472322,209513.43282647678
923,184.38249695171797,1.8156348804463176,224.8838483334987,2.2144580455229637,226.77746815336877,2.4359479485012234,221.93012145811156,2.732003169956829,6.97993885162444,2.9124141142711357,0.7571256494036578,1.494581175911974,259905.00000000003,1.0,10.739103359198655,6.1905163684764934,267.22999398385406,41.529560205168075,271.74628414083196,44.81986340991434,3.3118286495088736,2.0624262871284103,224.76123107676148,2.5424738496339145,1.898633826001269,1.586657246997971,259905.00000000003,1.0,1.6085367623645122,1.8142531461338167,40.22883446090834,6.0236304145478,40.51893152454509,5.753046385498283,1319100.295182332,286197.5837971513,259637.77000601616,41.529560205173134,1275053.7953319226,286021.4485332738,259864.7711655391,6.023630414546627,937138.8751372667,208973.22860567542
924,184.4925076258925,1.660771996379526,225.01802419768015,2.0255776098331224,226.9354346123971,2.2391497640440963,222.11046409178638,2.5797315813012816,6.892592917685706,2.9043394695395883,0.7432540433103135,1.4982705964870076,259905.00000000003,1.0,9.843289986629035,3.642044300261457,263.48819747238974,39.83053197670276,267.1821485846434,41.45630408005289,3.071902095988926,1.774331487823214,224.9341762519686,2.3087785384877733,1.8752567498723896,1.606371804636281,259905.00000000003,1.0,1.5607305240192473,1.8377492747207878,39.914308235055195,6.281452515563235,40.22883446090834,6.0236304145478,1280268.305848217,238004.92724321512,259641.51180252765,39.83053197670566,1233572.8683194818,239240.68621411573,259865.08569176498,6.281452515560778,934272.1403630988,211454.48306163392
925,184.57518593569245,1.5247189666265943,225.11886382459173,1.859638886666326,227.08014463666635,2.0230701277530327,222.26195407337565,2.4483638743728684,6.970950432394816,2.920797979843009,0.7318969328071087,1.501704135113651,259905.00000000003,1.0,9.43283192145874,3.0604380866774834,260.2657959987297,38.63718544335325,263.45957442060075,39.78728983679937,2.9889849498758077,1.7886241092404687,225.0843891022541,2.108806866859936,1.866666666666667,1.614922869486425,259905.00000000003,1.0,1.528623051789027,1.856863212740049,39.576264620177554,6.521188266039002,39.914308235055195,6.281452515563235,1252477.5933676674,220030.6894209972,259644.7342040013,38.63718544335477,1201543.6773034376,223868.90569673365,259865.42373537985,6.521188266035071,931556.6965669796,214141.52932428216
926,184.67278457725246,1.377458372107876,225.2379012504571,1.6800302663316533,227.24844763525203,1.7532643747180998,222.48486489869987,2.1179595393915074,7.113555780558473,2.921310088967374,0.7190820345260179,1.5064043619937233,259905.00000000003,1.0,9.518505784303212,3.0968951463490595,257.12887883565037,37.520218729956106,260.2529108739211,38.61703096563078,3.106231641699721,2.095341704564018,225.2383521077057,1.8776437203548322,1.9335782028038881,1.6201103153330159,259905.00000000003,1.0,1.5128851248085842,1.8680931235623335,39.15557154218225,6.897047118805969,39.576264620177554,6.521188266039002,1227051.2069694805,201705.29855195037,259647.87112116438,37.52021872995724,1175749.2903620307,205656.43623904936,259865.84442845784,6.897047118802362,918863.465875614,216576.80830331807
927,184.83272912095154,1.322682513757179,225.43297925760186,1.61322203056539,227.5012202222814,1.6381751328262029,222.7292779144861,1.877352052695245,7.085394132978831,2.8853804908576928,0.7085900832057228,1.5104083485959112,259905.00000000003,1.0,10.257666606058184,4.965519599566624,253.2480162793653,36.74110616205114,257.12887883565037,37.520218729956106,3.4220773041577717,3.2258999996310975,225.41774728918907,1.6734335367065865,1.9979195260518658,1.6132169825824392,259905.00000000003,1.0,1.4904412091232542,1.8789767506160022,38.64809322525364,7.3755908728504265,39.15557154218225,6.897047118805969,1230662.0719677897,210640.62073026947,259651.75198372066,36.74110616205186,1182828.2553214303,224331.9910551485,259866.35190677477,7.375590872847631,924129.6330345317,219228.95215819668
928,185.0546614920408,1.3306342448233606,225.70366155637583,1.6229195713038447,227.81787593510043,1.7677587558110064,223.03128883969205,1.7041380276195126,7.119690071308509,2.9257097904316276,0.7000000000000001,1.5137901121964705,259905.00000000003,1.0,10.822177679070661,5.81449935478255,248.84552867160315,36.33625384782484,253.2480162793653,36.74110616205114,3.713308862113863,3.754427204845133,225.65872556439905,1.7048858914881697,2.0601565369654624,1.5923766861280855,259905.00000000003,1.0,1.482615133070221,1.8838580007561903,38.07055182135839,7.931450795225979,38.64809322525364,7.3755908728504265,1246910.207842249,246741.6071681425,259656.15447132842,36.33625384782441,1207864.9429790038,279109.2514600972,259866.92944817868,7.931450795224505,939203.8741645387,232045.0673329594
929,185.29969212460657,1.5817402780170218,226.0025153899716,1.9291834785401187,228.14733665130686,2.050533322780842,223.35403414187638,1.648139739129047,7.131177454555913,2.9329881905509754,0.7000000000000001,1.5137901121964705,259905.00000000003,1.0,11.150983328323731,6.3233022417135185,244.12572279783532,36.78177094403311,248.84552867160315,36.33625384782484,3.9769089848635533,4.058813708794938,225.96017793172004,1.8647352908690276,2.101553100903328,1.5734115179945676,259905.00000000003,1.0,1.3423846116552332,1.8145747916061334,37.3113833321103,8.461915543376811,38.07055182135839,7.931450795225979,1263304.9788904893,279159.8089907402,259660.87427720218,36.7817709440301,1244246.8696737182,363019.5629784763,259867.6886166679,8.46191554337354,968795.4120169347,279729.65925717424
930,185.52980778480165,1.879148280169965,226.28317780786503,2.2919202231262816,228.5129364360947,2.5208089266287517,223.6389283964631,1.7623147171416085,7.251325390768746,2.994059872602232,0.7000000000000001,1.5137901121964705,259905.00000000003,1.0,11.42117728221428,6.570440259692777,239.2558709063898,37.712302035821075,244.12572279783532,36.78177094403311,4.253595739780343,4.311678831698613,226.2975716959634,2.3378222122106567,2.173680904378001,1.5526763034556361,259905.00000000003,1.0,1.227573571252622,1.7752319477205818,36.36527599898492,8.968130652058361,37.3113833321103,8.461915543376811,1290147.9396974237,326322.66721900174,259665.74412909363,37.712302035818425,1291130.0681933835,448409.68813983025,259868.63472400105,8.968130652054649,1012548.4483480462,351667.17863740283
931,185.7380269190332,2.057346186587367,226.53713399355053,2.509261407312174,228.81330406321197,2.8583996677125443,223.85865866494652,1.8618674384377545,7.424183213956431,3.2689938945501535,0.7000000000000001,1.5137901121964705,259905.00000000003,1.0,11.63644943919247,6.640505012793681,234.34360468115375,38.17347505521707,239.2558709063898,37.712302035821075,4.499343642616555,4.428496045754739,226.5957220097155,2.743835835775813,2.1412072405753757,1.5121396712793997,259905.00000000003,1.0,1.1240154508053797,1.7444030526232226,35.348084209214925,9.630130477279744,36.36527599898492,8.968130652058361,1317835.345207811,355464.5181098569,259670.65639531886,38.17347505521589,1336007.9988080186,492446.9792575757,259869.6519157908,9.630130477276529,1057071.8204870555,401641.35921023163
932,185.9066950686671,2.120772922436356,226.7428513457835,2.5866206289629026,229.0213105519175,2.967655970747005,224.02300667696002,1.8808621279230173,7.6637225981994925,3.3593759597246424,0.7000000000000001,1.5137901121964705,259905.00000000003,1.0,11.610278549446681,6.657653490103272,229.69704872990656,37.83488949377625,234.34360468115375,38.17347505521707,4.610107116437961,4.390760096337922,226.80741091254833,2.941978280987485,2.168456315969515,1.5477547934657445,259905.00000000003,1.0,1.0331869246335346,1.729047421744585,34.2032560270022,10.52762793329645,35.348084209214925,9.630130477279744,1332820.1572604126,356553.04787611123,259675.30295127013,37.83488949377757,1364495.2009156367,496999.587001669,259870.796743973,10.527627933292122,1092633.709781559,418097.938796498
933,185.99658734301292,2.127341393025479,226.85248892057749,2.5946324410743786,229.15369813621612,2.9872568521873823,224.11838681096592,1.8832007708359497,8.001241407681258,3.596407825576508,0.7000000000000001,1.5137901121964705,259905.00000000003,1.0,11.534024717500637,6.723849162215221,225.46426542008717,36.49737629034042,229.69704872990656,37.83488949377625,4.7043090614193055,4.339966335670966,226.94984636783053,3.0248560628123227,2.187249489341625,1.561712949014018,259905.00000000003,1.0,0.8441173264789459,1.4991284568277818,32.84273899720974,11.420362919011414,34.2032560270022,10.52762793329645,1347778.958373867,350992.0098910626,259679.53573457993,36.49737629034401,1385460.4683952478,490120.5998661654,259872.1572610028,11.420362919006195,1127899.926829842,420115.18779663567
934,186.0559921252334,2.1200439054078273,226.9249424172552,2.5857321618217863,229.2399983698697,2.9731715614130265,224.1743879069719,1.8899539686084177,8.281094919392261,3.5916422222690243,0.7000000000000001,1.5137901121964705,259905.00000000003,1.0,11.678271911025774,6.610315314135905,221.36708842845366,34.458538857302436,225.46426542008717,36.49737629034042,4.770885642837257,4.292964989750715,227.01470607276985,3.0467503805546037,2.187034939221818,1.561607229685296,259905.00000000003,1.0,0.7003158255348719,1.354761302638601,31.33222756745247,12.264237901238852,32.84273899720974,11.420362919011414,1359372.9380231004,339953.84239382314,259683.63291157156,34.45853885730392,1395981.717290413,480237.1740030299,259873.66777243256,12.264237901235253,1152938.9193166872,403886.8468274854
935,186.1386777195597,2.115887675789103,227.02579089650672,2.5806629899243427,229.30845063823756,2.9552488026837103,224.2252893776475,1.8948468620942613,8.482632246080975,3.4628656442719223,0.7000000000000001,1.5137901121964705,259905.00000000003,1.0,11.723417680042042,6.604094474092212,217.4263029944926,32.45190207002349,221.36708842845366,34.458538857302436,4.804295041602862,4.26272856777313,227.07038371635545,3.045470811513879,2.163234558979861,1.5591306099607891,259905.00000000003,1.0,0.5825811143731862,1.2495778108501105,29.722535831115323,12.987003559168562,31.33222756745247,12.264237901238852,1364482.508264623,332489.6383561275,259687.57369700554,32.45190207002461,1393203.9825583068,483375.9842185562,259875.2774641689,12.987003559166077,1159292.202378132,397659.3486850952
936,186.24578454171538,2.0980264519725464,227.15642485798588,2.5588783158278163,229.44173252674398,2.9198914414555244,224.39023760140293,1.843834329289346,8.564678272490298,3.3467854479236094,0.7000000000000001,1.5137901121964705,259905.00000000003,1.0,11.863545295028638,6.573585666378482,213.42743597195425,30.62914297337319,217.4263029944926,32.45190207002349,4.656618136848812,4.351939402329997,227.281761570169,2.9510764964613383,2.024981971111717,1.4884760294531465,259905.00000000003,1.0,0.4897045682863725,1.1818476861239295,28.153925094956644,13.646129985535685,29.722535831115323,12.987003559168562,1360946.1721097622,337065.9847161775,259691.57256402806,30.629142973374805,1386694.477222606,490546.45912125363,259876.84607490507,13.646129985534529,1157310.1292420463,399581.4605277631
937,186.3728855746101,2.1472456176447565,227.3114451097601,2.618909117430579,229.57123500223832,2.952025374959517,224.57736380614853,1.8549982572516517,8.627344737772159,3.2479023114237995,0.7000000000000001,1.5137901121964705,259905.00000000003,1.0,12.038150653618834,6.709548322280847,209.31663005610758,29.98811545027083,213.42743597195425,30.62914297337319,4.64437369569752,4.355757653549542,227.50135416119716,2.8585908763512458,1.89069142985538,1.4831914367752668,259905.00000000003,1.0,0.31203346676724064,0.7513024725770527,26.541933798535172,14.0279304550691,28.153925094956644,13.646129985535685,1348693.103775811,348848.0915079505,259695.68336994393,29.988115450270723,1369215.4892122545,504476.8293951716,259878.45806620148,14.027930455068697,1144014.4041768957,412087.7956143406
938,186.54644702693616,2.3043134190507364,227.52313116233586,2.810478296216143,229.73109892413976,3.0554980362009956,224.76226731142611,1.983827252185501,8.6379890768564,3.2265526474395716,0.5183829733418279,1.2234399984338842,259905.00000000003,1.0,12.14133509831842,6.755973046508645,205.29490106130373,30.910552437263835,209.31663005610758,29.98811545027083,4.634348795172704,4.36029418153748,227.73497763123444,2.8683154204248207,1.7711848430045833,1.4863836753505417,259905.00000000003,1.0,0.20876646377243085,0.5377149506536242,24.94618208596969,14.239077423571388,26.541933798535172,14.0279304550691,1331178.4089271342,364454.70191231737,259699.70509893872,30.910552437262464,1347804.4978365984,520944.0961023414,259880.05381791404,14.239077423571855,1129767.5636855455,427853.2220764036
939,186.7508391654693,2.57667876389194,227.77242004206065,3.1426712642661094,229.95883525486792,3.3220270817135664,224.99138673735516,2.2934940568499145,8.675380297241094,3.1642053332261915,0.3696875283341987,0.9732564744587421,259905.00000000003,1.0,12.04880385534537,6.7265203654268655,201.55178997486524,32.82576536752504,205.29490106130373,30.910552437263835,4.626141100816489,4.363835128156772,228.03491553308498,3.068887928610627,1.6708152995697294,1.5013588700092326,259905.00000000003,1.0,0.13828452322643187,0.4003392931123944,23.380317976293057,14.31569315073832,24.94618208596969,14.239077423571388,1320125.6332949905,365776.2212002205,259703.44821002515,32.82576536752485,1334785.7369374628,525800.0215243666,259881.61968202374,14.31569315074092,1121974.9866933299,436858.54003638966
940,186.93223138324728,2.7851113328159567,227.99365678192262,3.3968880612990198,230.2268119706116,3.657295243306423,225.2197348465825,2.591828254902346,8.915296381492281,3.1254521790510355,0.24794599466383685,0.7516984318037332,259905.00000000003,1.0,11.991618751394151,6.744956074642609,198.22752161029956,34.428419132023286,201.55178997486524,32.82576536752504,4.609862418158446,4.37110837068344,228.34590946788902,3.393797477222716,1.4870094506890252,1.3438871043865843,259905.00000000003,1.0,0.08057879096480858,0.2645626573810667,21.940553983235507,14.425964987146935,23.380317976293057,14.31569315073832,1318895.5752811248,365936.55707697384,259706.77247838973,34.428419132021276,1331584.9904770385,527471.5622852484,259883.0594460168,14.425964987151271,1122101.771213672,436723.6407318618
941,187.14429329622266,3.0364590162063227,228.25230027156508,3.703446662489828,230.5053729184148,3.970843896948498,225.41959184966885,2.8641858184881848,9.110187889303344,3.050422432354311,0.13871366624428708,0.4883118730736451,259905.00000000003,1.0,11.956438019033648,6.760135830395486,195.24255781432495,35.78725805579827,198.22752161029956,34.428419132023286,4.658840590613634,4.335661226477136,228.5767311550049,3.636770708976618,1.389269189304968,1.341781470046838,259905.00000000003,1.0,0.03333333333333333,0.07929507613443851,20.551284793930538,14.466443440246097,21.940553983235507,14.425964987146935,1319039.3834362729,365892.66823937726,259709.7574421857,35.787258055795824,1318838.8113814474,530901.2859286033,259884.4487152061,14.466443440251526,1111053.3968658387,443624.23085410916
942,187.38538404134343,3.190747472562992,228.54634921306388,3.8916258242899606,230.80111845338675,4.159390615825243,225.65770993720503,3.083722192559924,9.323587822876462,3.3921793923155485,0.05884059061363356,0.09691173046615731,259905.00000000003,1.0,11.89346030213547,6.829313026263981,192.6138447444523,36.137643105376036,195.24255781432495,35.78725805579827,4.679376799279614,4.317681156448768,228.82635812383094,3.841919446186354,1.299687440619214,1.3418334121267983,259905.00000000003,1.0,0.03333333333333333,0.07929507613443851,19.251597353311325,14.504139801816939,20.551284793930538,14.466443440246097,1312221.5374051833,366594.6151958577,259712.38615525558,36.137643105374345,1298314.806475102,537064.943381179,259885.7484026467,14.504139801821067,1093134.6823582426,446982.45374528825
943,187.63271967688968,3.2913274499928864,228.84801453521698,4.0142991877539425,231.10818463996844,4.250744209424188,225.90726838521118,3.208739801661609,9.424360409768326,3.5070930766474504,0.06025921752612131,0.09921567094530734,259905.00000000003,1.0,11.710056750400428,6.923581390281368,190.2678891862941,35.97397860338927,192.6138447444523,36.137643105376036,4.696190424866078,4.304408925227782,229.0956656220211,3.9275041896496736,1.2298605907016964,1.3534845364376362,259905.00000000003,1.0,0.08112728771706285,0.2674311810225242,18.06953071699336,14.461564219469805,19.251597353311325,14.504139801816939,1303534.0074909083,370700.9885646352,259714.73211081373,35.97397860338695,1278479.161289522,547303.9123378485,259886.93046928302,14.461564219473999,1074072.2005905167,452809.9010410946
944,187.84598161686273,3.3349004267705467,229.10812166805513,4.067443370905066,231.40391582482243,4.282922500906176,226.1916255538757,3.23990393725236,9.458081414278901,3.5260763076808086,0.0614206910065191,0.1005863021699644,259905.00000000003,1.0,11.519583778878664,7.023194440702023,188.1449661306878,35.49729566233965,190.2678891862941,35.97397860338927,4.595250766683503,4.3386682571820945,229.3587243661701,3.9518738026653484,1.1762076839296758,1.369718031152917,259905.00000000003,1.0,0.12025766798222842,0.3329970258617765,16.98024736771258,14.350327080554974,18.06953071699336,14.461564219469805,1285976.8595897278,381685.58009403147,259716.85503386933,35.497295662337265,1252967.9964612473,560973.4262952792,259888.0197526323,14.350327080557385,1051668.0085716664,455821.2261563501
945,188.05215819713897,3.3588539474587082,229.35958679604272,4.096658726179241,231.65866916843024,4.2597116766385765,226.46420784474995,3.2660849467773407,9.404810736838114,3.5512804922966144,0.06237162506380529,0.10137750581826557,259905.00000000003,1.0,11.367154182109662,7.115056759261855,186.12025106035244,34.89173919234851,188.1449661306878,35.49729566233965,4.516124846970262,4.372203851273743,229.58244371088682,3.936453192884495,1.170961708269528,1.3740491964236854,259905.00000000003,1.0,0.15229491368495524,0.3656602501650644,15.928247239794672,14.129105970421376,16.98024736771258,14.350327080554974,1270039.4152064773,395734.2545510904,259718.87974893968,34.891739192345014,1230508.4361418982,576781.7133862667,259889.07175276024,14.129105970423494,1030527.1539114646,464069.52327928215
946,188.20244361027048,3.322101722510094,229.54288414818487,4.051833698687885,231.87207214366123,4.199031755315194,226.6931985844643,3.2232236579917126,9.903521649369837,4.332024320839412,0.06666666666666667,0.10137340688573189,259905.00000000003,1.0,11.230815278556276,7.21213981754816,184.72629076449934,34.00974344749223,186.12025106035244,34.89173919234851,4.457384331366187,4.401668858001132,229.79757940094154,3.888220683451827,1.1953430392969044,1.3666535267018571,259905.00000000003,1.0,0.1785247919856931,0.38220775103113674,14.878095659150127,13.85285260356297,15.928247239794672,14.129105970421376,1258105.5589989314,405130.0396371139,259720.27370923554,34.0097434474887,1207885.0565285643,595117.7736036562,259890.12190434086,13.852852603564555,1016295.1369582008,468657.7028062289
947,188.28985342653164,3.3024942231689547,229.64949462279688,4.027919277315143,232.02343925655148,4.138311547223115,226.83117733246328,3.188137730578961,10.300291505355817,4.347377943512919,0.06666666666666667,0.10137340688573189,259905.00000000003,1.0,11.208736025912913,7.21395245116128,183.7511795772756,33.35468538860702,184.72629076449934,34.00974344749223,4.440493863004433,4.4097953220759685,229.92646816355239,3.8291960010158266,1.2188212674560037,1.355587997924138,259905.00000000003,1.0,0.24779395438372953,0.514241090735537,13.873735012744518,13.469759983683284,14.878095659150127,13.85285260356297,1252775.709991023,409421.25968622416,259721.24882042274,33.354685388604295,1196672.8389617896,602504.8382304806,259891.12626498728,13.469759983684883,1013532.2816756202,469973.1408139814
948,188.30659790013846,3.2943136539279507,229.66991754375627,4.017941603815945,232.07270526411986,4.1137069608766055,226.88607363013054,3.16180484863225,10.850489175279609,4.896021058490886,0.06666666666666667,0.10137340688573189,259905.00000000003,1.0,11.266040366858494,7.194107670266025,183.26896171903005,32.92104900618421,183.7511795772756,33.35468538860702,4.369312371862299,4.401381989618735,229.9573304544686,3.8183478712061776,1.2667199875078776,1.3643855057616197,259905.00000000003,1.0,0.2869243346488951,0.538811885054855,12.860606026552203,13.06301302471131,13.873735012744518,13.469759983683284,1246509.2231161983,412163.9361884411,259721.731038281,32.921049006181434,1176955.3731559964,610402.481558412,259892.13939397348,13.063013024713984,1010506.2227183639,470753.9718850399
949,188.30733289579354,3.2936711679889368,229.67081424530633,4.017157765345934,232.07837136166802,4.108532770548494,226.8619029942015,3.181490563685181,11.305460067625368,5.351982041580472,0.06666666666666667,0.10137340688573189,259905.00000000003,1.0,11.468869818287313,7.117849990981972,183.0388853017014,32.6565538318416,183.26896171903005,32.92104900618421,4.401025642150159,4.397700778148515,229.93359067690756,3.836918325703291,1.2963773517706738,1.3661162910958145,259905.00000000003,1.0,0.3285203712283678,0.5634999799612629,11.859415712676563,12.625879283500334,12.860606026552203,13.06301302471131,1233079.4840633124,411975.33343611937,259721.96111469832,32.656553831839666,1154308.0465151598,615385.3418302265,259893.14058428735,12.625879283504002,999168.9941845684,470350.094093412
950,188.3077515354955,3.29322612973803,229.67132532964214,4.016614453607024,232.07976614306568,4.10694091968965,226.8114560644921,3.236461285512751,11.658841147190682,5.506922095045904,0.06666666666666667,0.10137340688573189,259905.00000000003,1.0,11.940813835857893,7.178739592119132,182.69024594636755,32.235111764790695,183.0388853017014,32.6565538318416,4.426990271815503,4.389549117828661,229.9144264466782,3.8574651640991164,1.3206587479478609,1.3625036928855008,259905.00000000003,1.0,0.4008114890891224,0.6520554577710469,10.906235120484492,12.118160504328838,11.859415712676563,12.625879283500334,1221869.0410598866,413438.7081096863,259722.30975405365,32.235111764788606,1132775.8140751326,621083.8912001599,259894.09376487954,12.118160504333504,989013.0283648057,470643.4946288048
951,188.34687422578492,3.2436398966620157,229.71904239595835,3.956135261724964,232.07640095378247,4.111495919728028,226.7596041638026,3.307603586832711,11.674771749396063,5.502767126313133,0.05710787578992077,0.09308525483781031,259905.00000000003,1.0,12.342810015881582,7.117598162819521,181.9650998040921,31.35040777129585,182.69024594636755,32.235111764790695,4.549878529612996,4.385056789806642,229.88593308423862,3.8922605287502057,1.3299892257877581,1.3576893887959567,259905.00000000003,1.0,0.48867482308634486,0.7641421876912851,10.031587384449745,11.50885595732546,10.906235120484492,12.118160504328838,1209808.3078642737,415200.2945535176,259723.03490019593,31.35040777129312,1114246.7231398209,627823.3940503936,259894.96841261556,11.508855957330828,978026.8168882668,471520.14442747366
952,188.39210289035307,3.1760509079144024,229.77420625323623,3.8736992508851587,232.07666692394176,4.111071157945536,226.7224261420716,3.3626287612600327,11.741650885951124,5.484588884850626,0.049281799736887656,0.08732356919807122,259905.00000000003,1.0,12.62117072551925,6.9409683195053775,181.0362981647871,30.089972683722067,181.9650998040921,31.35040777129585,4.6555425766334215,4.374936526216769,229.86485826200442,3.923253835950084,1.3376283749361948,1.3530007159850208,259905.00000000003,1.0,0.5430288234677733,0.7858685117939359,9.20365449964799,10.811063100832563,10.031587384449745,11.50885595732546,1198366.0219405603,418050.45336583594,259723.96370183525,30.089972683720525,1092509.58859961,638208.5803659834,259895.79634550036,10.811063100838009,965019.6414078787,474247.62943680864
953,188.41179362219967,3.147557421049544,229.79822252084045,3.8389464778059708,232.05925308572898,4.139095023090766,226.69473625072615,3.4030604359947896,11.693884383591564,5.526890979035201,0.042874350596342294,0.08343931880050365,259905.00000000003,1.0,12.603070461737547,6.9446257885520355,180.08423773604477,28.8571846315454,181.0362981647871,30.089972683722067,4.744034295546301,4.33604645709717,229.84431024707916,3.957185562511529,1.3237745424565874,1.36484305381212,259905.00000000003,1.0,0.5970889060096068,0.8028244908928914,8.443635529867676,10.019238650383398,9.20365449964799,10.811063100832563,1181359.4199985864,422228.4278482999,259724.915762264,28.85718463154559,1066850.978574109,649701.6542407742,259896.55636447016,10.019238650389303,950469.732475165,479363.2198573575
954,188.4435893991387,3.103055639201454,229.8370029594557,3.7846688855058668,232.05153347761646,4.150193904029544,226.6873945285086,3.412517814165567,11.677410543542326,5.545504582709796,0.03762837493619472,0.08090068482133586,259905.00000000003,1.0,12.609448480879708,6.942595528404954,179.1145714237712,27.688366010782246,180.08423773604477,28.8571846315454,4.808461564859695,4.305347583397188,229.8201817343221,3.994356720205738,1.3159484664035543,1.3719572949480752,259905.00000000003,1.0,0.666509448084766,0.8386563092594177,7.760863178215555,9.12378134502399,8.443635529867676,10.019238650383398,1173174.0315191664,427577.2881393672,259725.88542857626,27.688366010781063,1050456.066100873,659705.3369349109,259897.2391368218,9.123781345028492,946144.1846811665,482121.7833801696
955,188.5579025376879,2.9648567935706054,229.97642622239675,3.61611307361213,232.1259675909747,4.058834811230318,226.74703225809344,3.349168791880186,11.728308614625226,5.524187021059495,0.03333333333333333,0.07929507613443851,259905.00000000003,1.0,12.999200042213522,7.006961125395789,177.81034666284955,26.208402818098804,179.1145714237712,27.688366010782246,5.195767832269515,4.514079879555921,229.83816681387816,3.970345938450968,1.309541017263009,1.3778227277209185,259905.00000000003,1.0,0.7761917863302161,0.9555106270550993,7.194180613949428,8.152758283692194,7.760863178215555,9.12378134502399,1172631.4322727092,427824.4694877177,259727.18965333718,26.20840281809717,1043984.7751727073,662740.0404834703,259897.80581938606,8.15275828369388,944234.1130973302,483289.28332910564
956,188.7140093708086,2.8355136420304543,230.1668235896755,3.458358042932594,232.25986293302716,3.9403369715109005,226.86755043292388,3.2527135978100485,11.750318337477513,5.515038921929962,0.03333333333333333,0.07929507613443851,259905.00000000003,1.0,13.320827457122395,7.180112410239012,176.20650420987135,24.663513390980405,177.81034666284955,26.208402818098804,5.263892675863237,4.599286190151046,229.9323832327366,3.87357236637893,1.2182659237121483,1.350692688994909,259905.00000000003,1.0,0.8554426417832316,0.9869911041180254,6.798023998687178,7.397840168817493,7.194180613949428,8.152758283692194,1177905.932033495,426663.9466535994,259728.79349579016,24.663513390979872,1041186.1480397041,663334.9833677788,259898.20197600135,7.397840168820328,948313.2754499691,481625.56042235694
957,188.87668058589182,2.8561923141229,230.36522699998636,3.483578653263608,232.39162590312827,3.9427848426966667,227.02357511422287,3.241134813332753,11.689886733306855,5.541825417903451,0.03333333333333333,0.07929507613443851,259905.00000000003,1.0,13.046335598058768,6.623630414898837,174.81672201178608,24.20319594537457,176.20650420987135,24.663513390980405,5.025871888767644,4.119599671880396,230.07341149432276,3.804320868639403,1.133977406755243,1.3296784524104108,259905.00000000003,1.0,0.9107689634736074,1.0004428092031845,6.541482222072209,6.866996219014216,6.798023998687178,7.397840168817493,1161836.7190077354,412186.09687675664,259730.18327798822,24.20319594537404,1014128.7690221142,646225.5656414763,259898.45851777794,6.866996219018458,942470.63774924,480701.7966928794
958,189.07089772097092,3.010847509384958,230.60210580348334,3.672205345027074,232.54048836075822,4.052567867547637,227.1787307788794,3.3215413050347284,11.679635341082774,5.543583267828989,0.03333333333333333,0.07929507613443851,259905.00000000003,1.0,12.785248456326432,6.201975716938005,173.6777755632091,24.352374639224173,174.81672201178608,24.20319594537457,4.924059033683392,3.921642036153413,230.22936440249708,3.869657859534089,1.0780430793140476,1.3077942115103993,259905.00000000003,1.0,0.9525498418501914,0.997406947416705,6.382655651275019,6.530200165170051,6.541482222072209,6.866996219014216,1142255.0047005087,385369.15016391693,259731.32222443682,24.352374639222482,975542.5907612256,612636.9788709144,259898.61734434875,6.530200165175474,930776.2411985248,474848.05549347424
959,189.25549186835025,3.248850797505391,230.82724796287357,3.9624885719765586,232.6988435549826,4.221419468774932,227.37569418330057,3.5256742017607583,11.664209245715032,5.551670411002325,0.03333333333333333,0.07929507613443851,259905.00000000003,1.0,12.44172630599065,5.772827479616472,172.86692516960014,24.798902411944496,173.6777755632091,24.352374639224173,4.818067653767739,3.7589296205810734,230.39577833648897,4.01934453780475,1.0322479252852073,1.2983881579835654,259905.00000000003,1.0,0.9762076839296757,0.987114750932607,6.293282076586155,6.34218639080603,6.382655651275019,6.530200165170051,1120595.4934138183,352111.07833806827,259732.13307483043,24.798902411943278,923293.0373880278,542003.4517977351,259898.70671792343,6.342186390810712,903889.7511532299,446106.43087736634
960,189.44648060260627,3.5142424191192334,231.0601894941577,4.286176589755426,232.8207424557815,4.389103632987506,227.59056736954597,3.7794743209734136,11.50621624976378,5.6539298135095954,0.03333333333333333,0.07929507613443851,259905.00000000003,1.0,12.06364617744536,5.557755337170861,172.27616190858524,25.278992523768746,172.86692516960014,24.798902411944496,4.560418404475474,3.508893200275319,230.54009934727364,4.226998856551852,0.9565188608328689,1.2582564329915744,259905.00000000003,1.0,0.9709617082695281,0.9920224252943424,6.27439159068948,6.30642938777659,6.293282076586155,6.34218639080603,1092347.8879305026,291912.2380825282,259732.72383809145,25.278992523766743,866879.961584104,428475.4168027086,259898.72560840932,6.306429387782431,867180.4922097867,380647.26821321977
961,189.65630862435088,3.7521188219632218,231.3161083672348,4.5763050395936276,233.00233906854643,4.634885278271099,227.86438131668956,4.083385584220693,11.289298238793418,5.6502046365597245,0.03333333333333333,0.07929507613443851,259905.00000000003,1.0,11.702789912047912,5.588563041444728,171.8293369019974,25.62555067823965,172.27616190858524,25.278992523768746,4.340806540893991,3.3549176376453316,230.71917780795636,4.495461868969757,0.8496951636640554,1.1658039963446574,259905.00000000003,1.0,0.9666666666666668,0.9960648342459856,6.358029760358758,6.4379592743945215,6.27439159068948,6.30642938777659,1063375.807941952,228084.84793629422,259733.17066309802,25.62555067823773,816142.4395894327,310517.8553001899,259898.64197023967,6.4379592744011775,828288.0347210641,300262.3381421186
962,189.91556954384654,3.9752728733486595,231.6323188870837,4.848477553319147,233.26649087485455,4.884305164148433,228.17260901960583,4.327528515670884,11.10412331556131,5.705148210495315,0.03333333333333333,0.07929507613443851,259905.00000000003,1.0,11.703373209716293,5.588058234672693,171.1967536745091,26.031005176758775,171.8293369019974,25.62555067823965,4.333409569956645,3.354197091973746,230.93374622706114,4.728464348833014,0.708399055019995,0.9444132715872541,259905.00000000003,1.0,0.9666666666666668,0.9960648342459856,6.592522829548843,6.696788873405796,6.358029760358758,6.4379592743945215,1047756.0599721572,206893.14548600846,259733.80324632552,26.031005176756434,784254.5100303653,241774.08922785794,259898.40747717046,6.696788873413281,796685.2303323391,239021.74616377524
963,190.2344901465343,4.150574911820101,232.02129368095964,5.06228689982093,233.5916955201814,5.083330818795851,228.54999638459336,4.577038852284037,10.750789645739376,5.7670333226363555,0.03333333333333333,0.07929507613443851,259905.00000000003,1.0,11.787800211360734,5.498797510876521,170.1264097755544,26.50626789765336,171.1967536745091,26.031005176758775,4.31482268031,3.358825896755856,231.21181779168145,4.953757845214251,0.5891991029368431,0.7816432696247446,259905.00000000003,1.0,0.9666666666666668,0.9960648342459856,6.954041926875112,6.959898004281646,6.592522829548843,6.696788873405796,1032582.7857805097,193584.31511845288,259734.87359022448,26.506267897651306,763029.1211819733,197720.16818029003,259898.04595807314,6.959898004289991,767363.4315551582,174364.82127952148
964,190.6016265048137,4.308099464592909,232.46907523944517,5.254413385892321,233.98726649692142,5.254743959049897,228.95686568768434,4.806335881766405,10.604886367309444,5.782364841722163,0.03333333333333333,0.07929507613443851,259905.00000000003,1.0,11.771340221705637,5.509097105285144,168.92662258782488,26.901302308647345,170.1264097755544,26.50626789765336,4.32575556919774,3.3542238511330877,231.57533710252116,5.176852964920051,0.49160643640094487,0.6515362471678703,259905.00000000003,1.0,0.9666666666666668,0.9960648342459856,7.419561139877825,7.1530602286261145,6.954041926875112,6.959898004281646,1021228.7805660163,192835.21522809437,259736.0733774122,26.90130230864519,753409.6416193177,187094.1950105764,259897.58043886014,7.153060228634754,747054.4873859936,148882.5011979363
965,190.93752048863772,4.427709678400041,232.87875151391532,5.400296901613768,234.39314992731764,5.369262785771979,229.38133512339954,5.015314023326443,10.68408579471005,5.7791013869666354,0.03333333333333333,0.07929507613443851,259905.00000000003,1.0,11.601951296767862,5.59524298548922,167.97542375243373,27.118672204094146,168.92662258782488,26.901302308647345,4.380965447410415,3.320355711492637,231.98365522098763,5.34982310744808,0.42577024961716836,0.5936857204169214,259905.00000000003,1.0,0.9666666666666668,0.9960648342459856,7.956162515324461,7.250420403929095,7.419561139877825,7.1530602286261145,1013252.1011431664,200105.79178861258,259737.02457624758,27.118672204092388,747226.8342793153,187654.75378995723,259897.0438374847,7.250420403937831,736011.2824366667,151582.75364347466
966,191.27238263443417,4.534174693997531,233.2871691059299,5.530147272523692,234.76148995053265,5.479464485175064,229.7882937294073,5.240485147682328,10.778051319778479,5.707612747008068,0.03333333333333333,0.07929507613443851,259905.00000000003,1.0,11.452173415290307,5.630165573933855,167.26796832358858,27.357591096870713,167.97542375243373,27.118672204094146,4.45781581639093,3.24119801564373,232.35624216805354,5.525002752754922,0.4,0.5948669303285178,259905.00000000003,1.0,0.9666666666666668,0.9960648342459856,8.522829181991128,7.2714520347662095,7.956162515324461,7.250420403929095,1012445.346224019,200664.1866191652,259737.73203167642,27.357591096869335,748850.1544859264,188102.48025163426,259896.47717081802,7.271452034775239,732070.211301555,152608.3996353518
967,191.5991920025247,4.7152343923517614,233.68576496929472,5.75097803432036,235.14161126212778,5.684014830326876,230.1831692504753,5.494281030928943,10.93244476895638,5.59362163312188,0.03333333333333333,0.07929507613443851,259905.00000000003,1.0,11.380409949024358,5.536070355761402,166.78666981018725,27.718619675144637,167.26796832358858,27.357591096870713,4.400532289571125,3.2799823629732865,232.72825127888058,5.699224463993442,0.4,0.5948669303285178,259905.00000000003,1.0,0.9666666666666668,0.9960648342459856,9.089495848657794,7.246727919413561,8.522829181991128,7.2714520347662095,1015472.7398575433,198840.68453914992,259738.21333018984,27.718619675143927,751629.7298876562,188468.00431072916,259895.91050415137,7.246727919422784,731948.9707606552,152732.95501670806
968,191.90292145123155,4.962948920775452,234.0562112425508,6.0531048120711155,235.50923954096172,5.953137813930861,230.58627890300323,5.8185199075368566,11.10050471416211,5.404568528169744,0.03333333333333333,0.07929507613443851,259905.00000000003,1.0,11.345824225167886,5.505716602999178,166.50801696584813,28.03502452374642,166.78666981018725,27.718619675144637,4.346599539226959,3.323913349536664,233.10055488167026,5.957460820585817,0.4,0.5948669303285178,259905.00000000003,1.0,0.9666666666666668,0.9960648342459856,9.656162515324462,7.1757751195266986,9.089495848657794,7.246727919413561,1033231.6300083587,199950.22999932556,259738.49198303418,28.03502452374712,769376.3551884333,203625.06315698885,259895.3438374847,7.175775119536019,741756.2428845698,144836.72539858424
969,192.20631224896763,5.290736883207475,234.42624464509785,6.452894300332632,235.84828939218312,6.312054160229708,230.97097020219815,6.221725203886919,11.137559365588732,5.35829601799495,0.03333333333333333,0.07929507613443851,259905.00000000003,1.0,11.458810012594746,5.570588332807941,166.1534329855088,28.555324494249888,166.50801696584813,28.03502452374642,4.276292590876598,3.382005076375339,233.42255674131835,6.277178417947188,0.4,0.5948669303285178,259905.00000000003,1.0,0.9666666666666668,0.9960648342459856,10.222829181991129,7.057199428805796,9.656162515324462,7.1757751195266986,1038846.0473442163,204710.71335575578,259738.84656701452,28.555324494250115,776255.6620338677,213442.5542892894,259894.77717081804,7.057199428815118,746563.2652604037,139732.0045189656
970,192.557038510728,5.650176956428421,234.85401116428903,6.891288563400066,236.19762004671168,6.7304337055049634,231.39969281568168,6.692970410305481,10.93001639926193,5.447464023426667,0.03333333333333333,0.07929507613443851,259905.00000000003,1.0,11.597029225820004,5.560534777218385,165.4530868256174,29.60064172151838,166.1534329855088,28.555324494249888,4.19862189129231,3.450564564346419,233.76171841924472,6.689231968794749,0.4,0.5948669303285178,259905.00000000003,1.0,0.9666666666666668,0.9960648342459856,10.789495848657795,6.8885420209042305,10.222829181991129,7.057199428805796,1037262.818284444,203159.44392740045,259739.54691317442,29.600641721518066,778695.107751659,216709.48080245088,259894.21050415136,6.888542020913458,747277.7662749417,139406.20846104992
971,192.90116093317195,6.015569371188298,235.2737233133414,7.336942794003079,236.57498082135828,7.177758875076698,231.86496054880243,7.196004785375583,10.7922874454214,5.503154781618572,0.03333333333333333,0.07929507613443851,259905.00000000003,1.0,11.672949039908069,5.534111581785035,164.5390918977974,30.919076654429883,165.4530868256174,29.60064172151838,4.125471710052826,3.514361489040609,234.161188153973,7.139349489706224,0.4,0.5948669303285178,259905.00000000003,1.0,0.9666666666666668,0.9960648342459856,11.356162515324462,6.666002606772509,10.789495848657795,6.8885420209042305,1031605.5265993872,200436.82056088926,259740.46090810222,30.919076654427464,776302.128416248,214609.10642850996,259893.64383748468,6.6660026067815386,744030.4255501407,142014.95864463612
972,193.27122581895438,6.342215572920693,235.72507626537146,7.7353394822613355,237.03417863114194,7.669085829319841,232.3571277411297,7.677459508101592,10.511527273649627,5.367346495727448,0.023774542456587434,0.06337806550179151,259905.00000000003,1.0,11.827722864053522,5.367764449393356,163.17044539230668,32.461374971654806,164.51041552516716,30.972628340084732,4.110305024415699,3.527863254960289,234.61382268784052,7.634940326655088,0.4,0.5948669303285178,259905.00000000003,1.0,0.9666666666666668,0.9960648342459856,11.922829181991128,6.38394881849318,11.356162515324462,6.666002606772509,1021650.5564254129,200387.50925635075,259741.8295546077,32.46137497165278,774338.0848961993,214221.36834729885,259893.07717081803,6.383948818501903,736417.9269005111,147550.55962985364
973,193.62622718379288,6.590370260806553,236.15805704411372,8.038003680490421,237.51659679512593,8.095244768611957,232.86076890001246,8.074056909994429,10.359121270855876,5.309260896867238,0.01594846640355432,0.049371964443921175,259905.00000000003,1.0,11.902139859561856,5.293903863300368,161.5593237364078,33.86104191626645,163.11829079151732,32.551959650699715,4.0787700107088245,3.5547361626953475,235.08257141790668,8.02975324500588,0.4095587908767459,0.5905057627195783,259905.00000000003,1.0,0.9188727122829372,1.0072135528541564,12.432143103397319,6.12241757145097,11.922829181991128,6.38394881849318,1016313.966575259,202849.33224464543,259743.44067626362,33.861041916264675,774430.05137792,214197.9697697971,259892.5678568966,6.12241757145956,732479.1117921259,151065.91748769645
974,193.98664107521526,6.768567958345364,236.59763936692255,8.25534431551005,238.007204473522,8.447329467307098,233.35089782804346,8.376265223853919,10.643834628591586,5.612898527296429,0.009541017263008957,0.036502219292503635,259905.00000000003,1.0,12.023490424643535,5.176158406578857,160.09874997488185,34.638286015880695,161.4879467881968,33.97544949423982,4.528365043440844,4.062056682692079,235.56424108023066,8.359771225526204,0.41738486692977905,0.5864323937096231,259905.00000000003,1.0,0.8797423320177716,1.0196896386483434,12.894500568485313,5.873600251883403,12.432143103397319,6.12241757145097,1024753.5511153704,198935.3689508008,259744.90125002514,34.638286015879686,784667.0301102664,212711.5060973315,259892.10549943152,5.8736002518924835,732562.3627418075,151029.7159971532
975,194.29045325215213,6.853300308830224,236.96818674691664,8.358688865164938,238.49446303981262,8.684732881791389,233.75629163143523,8.537235013700768,12.759921647237853,12.245293363342553,0.004295041602861385,0.02352491171310326,259905.00000000003,1.0,12.237549354700246,5.0073768437877995,160.5297123506252,34.806322405775596,160.01163509969044,34.76527794149706,4.919096387569154,4.324406555255074,236.03412769848418,8.578600671724498,0.4907038522075457,0.6647241470490654,259905.00000000003,1.0,0.8477050863150448,1.0320681435707186,13.251501802592811,5.606650709213265,12.894500568485313,5.873600251883403,1046822.8732863332,199276.63281751546,259744.4702876494,34.80632240577382,805174.7241676812,215729.8853588392,259891.7484981974,5.606650709222236,750932.613075027,161291.0216636415
976,194.6235961985757,6.85993594861748,237.37450759511233,8.366782312054305,238.94502848842774,8.783069074291209,234.15142116900245,8.603984507127768,14.070849709954544,15.150838668171176,0.0,1.0,259905.00000000003,1.0,13.453179020750516,7.035658118018696,161.0473830398292,35.30375384032752,160.42971235062518,34.92647453551368,5.232957846967763,4.4069850928275,236.44558256474733,8.677322017352067,0.5124971967319415,0.6969227686665777,259905.00000000003,1.0,0.8692691623980365,1.0374979192375386,13.608273768258906,5.276365033283494,13.251501802592811,5.606650709213265,1068429.955154921,204456.94790892507,259743.9526169602,35.303753840325676,831427.9061596591,215259.21154655097,259891.39172623176,5.27636503329331,763674.2793423871,169142.64862607254
977,194.94570880386863,6.805613148853286,237.76737497865463,8.300526999927241,239.3613172691994,8.767999654106449,234.55424346411948,8.59106204314335,15.942479758049998,18.518742131325517,0.0,1.0,259905.00000000003,1.0,14.173327157259733,7.7707686274439824,162.7165356406195,37.8820578235773,160.94738303982922,35.42373051450192,5.457733020707091,4.416093342283354,236.86127557999114,8.660909220655174,0.5590164507367257,0.7692103122393995,259905.00000000003,1.0,0.8391303802651656,1.0140394012093406,13.888387697787346,4.982667500117376,13.608273768258906,5.276365033283494,1087195.3449139101,210278.01504213698,259742.2834643594,37.88205782357599,848916.4144599207,221463.18663886696,259891.11161230222,4.982667500127314,772315.5125836121,175323.85866036138
978,195.30455520504844,6.6538772792473875,238.2050451736868,8.115461000340183,239.78322152876274,8.645255290473413,234.98248163817198,8.480257738342262,17.450225458288486,20.833685567335735,0.0,1.0,259905.00000000003,1.0,14.76744172309893,8.090571073603913,165.29931937580903,43.14586826860488,162.61653564061947,37.99843806279244,5.5723260062539826,4.417285297126311,237.28445030931826,8.578652319135513,0.545792757570947,0.7429401086669778,259905.00000000003,1.0,0.8320372457027269,1.0123597292641,14.174632185919126,4.5853512178620095,13.888387697787346,4.982667500117376,1101550.0461364,217416.03294153803,259739.70068062423,43.14586826860258,867726.416044175,228389.98848228794,259890.82536781408,4.585351217870584,777297.1132632182,179656.45656607958
979,195.72793204037055,6.410420093475234,238.72142071019417,7.818526151602762,240.27235082273563,8.398284056531184,235.48207142669352,8.25018060153128,18.483134697147868,21.85461982451003,0.0,1.0,259905.00000000003,1.0,16.88192637509672,13.661872898467331,166.8005276978602,45.684614026569236,165.19931937580904,43.254263465738084,5.866632002146747,4.623535307985228,237.76203983096545,8.364951973874504,0.534966113306857,0.7261580473941414,259905.00000000003,1.0,0.8644650418077215,1.0413063298512952,14.504131114419991,4.062409054408439,14.174632185919126,4.5853512178620095,1115841.866742773,227363.13849085598,259738.19947230216,45.68461402656467,888611.5207000998,240434.0904006371,259890.4958688856,4.062409054416245,781512.6082516646,182899.4937553163
980,196.17585931698,6.0913999373514915,239.26773912213736,7.429430555990299,240.7991599793258,8.062881447425791,236.04030204906215,7.915245162600023,19.415822032661065,22.46956124878603,0.0,1.0,259905.00000000003,1.0,18.265040886790697,15.8754888718896,167.85130884373055,47.18250000985916,166.7005276978602,45.790391054167,6.100556406507371,4.675340054086227,238.28593865783046,8.067041782766335,0.5206042099266192,0.7109963214502845,259905.00000000003,1.0,0.8527795122264394,1.028047750036963,14.836306416719811,3.495726604999427,14.504131114419991,4.062409054408439,1122982.7846761318,227198.7227028648,259737.1486911563,47.18250000985451,902008.2370344958,238584.57399890572,259890.16369358328,3.495726605006038,780122.5244905207,182687.53300531866
981,196.63257728086128,5.719883767895195,239.82477901218246,6.9763079265539725,241.36736824615056,7.619918339910479,236.63500362048825,7.455023078384165,20.32109180015385,22.645109078767682,0.0,1.0,259905.00000000003,1.0,19.83367285394311,17.948140662465704,168.2387277899413,47.57762803588269,167.75130884373056,47.28722517036697,6.3338291564058595,4.8505720877609155,238.85225947673825,7.681982156397124,0.5229116085405316,0.7120019320971986,259905.00000000003,1.0,0.7969534239319438,0.9718149550164255,15.110348232111223,3.011428181712124,14.836306416719811,3.495726604999427,1131731.471690822,226412.72831541678,259736.76127221007,47.57762803587776,916616.0353813623,234484.36126460048,259889.88965176788,3.0114281817156856,781128.9904028648,182783.60069728174
982,197.19135129024832,5.287232690837872,240.50629305365032,6.448621152820997,242.05626793982688,7.072312633291934,237.2877461236012,6.913792907161334,20.864448679256984,22.61593786204616,0.0,1.0,259905.00000000003,1.0,21.680295213053586,19.895422130408672,167.32288125614468,47.049996269773594,168.1387277899413,47.682325890181595,6.6500716690618065,5.11540493467486,239.48478693908436,7.182196608348371,0.5142512988073155,0.712055153362301,259905.00000000003,1.0,0.7688293018512533,0.9589807282115432,15.364926235155162,2.5234224551582467,15.110348232111223,3.011428181712124,1156530.063234673,243866.85093174173,259737.6771187439,47.04999626976881,950413.7859175367,243039.44827513606,259889.63507376486,2.5234224551592046,785733.7858112048,181900.64909715144
983,197.82214960381228,4.799404071603701,241.2756519802672,5.853636388449919,242.88650064671413,6.485943610257804,238.0144313252001,6.319308086844956,22.06445614533812,22.770395784898017,0.009558790876745903,0.05235565385668315,259905.00000000003,1.0,23.23393337393174,20.82932187284701,166.04384523667431,46.56087069723591,167.2228812561447,47.15385643054691,6.984914955155709,5.27423535309187,240.23541019849335,6.579090756993369,0.5247432501276106,0.7065138852831012,259905.00000000003,1.0,0.7362444273237265,0.9455117035562516,15.576427412351277,2.109175052637397,15.364926235155162,2.5234224551582467,1180951.729465566,247218.33206476722,259738.95615476335,46.56087069723051,981361.154438944,231475.0111668412,259889.42357258766,2.1091750526368926,791197.6623570888,177844.99526802456
984,198.43336083823934,4.197336771680708,242.02112123428918,5.119320246101649,243.74921600136742,5.880014726763855,238.6872224532251,5.62947896456443,24.396709989485682,24.519819264383045,0.017384866929779016,0.06651138002884802,259905.00000000003,1.0,24.33378111532243,21.00767822762539,165.9893892439078,46.52314966389578,165.94384523667432,46.66298403691821,7.6858872894760175,6.1539028788946135,241.06689794685988,5.943120779672889,0.5333333333333333,0.7014624091648989,259905.00000000003,1.0,0.6668238852485675,0.9193427460045215,15.709917964266511,1.8552007627072475,15.576427412351277,2.109175052637397,1210046.1971556994,250483.93426146734,259739.01061075612,46.5231496638909,1004057.7970274187,207321.960532625,259889.29008203573,1.8552007627076452,801723.0821061635,174662.05983638263
985,198.97529875361187,3.6384942954508124,242.6821010566621,4.437723302113585,244.51173579170575,5.263115337400142,239.30380422934505,4.95367066386005,25.990160643131702,25.113230761027758,0.02379231607032438,0.07365431592850825,259905.00000000003,1.0,24.973994885381643,21.155750618195597,166.88176268558755,47.22053985909386,165.8893892439078,46.62522479342146,8.26935368751766,7.391223201160234,241.83554826233186,5.237340240793216,0.5333333333333333,0.7014624091648989,259905.00000000003,1.0,0.5762591287566091,0.7743666314319753,15.752843759689787,1.81156112893552,15.709917964266511,1.8552007627072475,1224196.3065678251,248815.7553001897,259738.11823731443,47.22053985909026,1012634.8064497173,197265.38956997375,259889.2471562403,1.811561128935031,804836.104393093,172337.13130168922
986,199.48362637042425,3.183746516965608,243.30208782713345,3.8830862510759743,245.20656057853253,4.737411264889454,239.88040798868047,4.326084598311739,27.30784297030667,25.27381713705681,0.02903829173047195,0.07741014401074406,259905.00000000003,1.0,26.17425323199018,21.96803382745796,167.88631413217357,47.75274056445753,166.78176268558752,47.32306146013847,8.752107222151436,8.069021742081807,242.50369477187246,4.568709076868302,0.5237745424565875,0.7068712654467298,259905.00000000003,1.0,0.5413367980398975,0.7113955775995344,15.770406015273096,1.8103404536975063,15.752843759689787,1.81156112893552,1219644.7465034805,251201.54570914558,259737.11368586784,47.75274056445507,1011924.9354185177,197854.8260305423,259889.22959398472,1.8103404536970957,797182.7441692206,176807.25175864736
987,199.8935349585751,2.9117645730454473,243.80203706186057,3.551360500610954,245.76300260331087,4.3885793939872135,240.40241403608957,3.8982032359432504,28.358538153184085,25.11730906899207,0.042892124210079235,0.10448857888982056,259905.00000000003,1.0,26.933323565312794,22.231832295302716,169.16863659583478,48.1178983570315,167.78631413217354,47.856293536195295,9.095595804484315,8.3416634788784,243.10845023364962,4.070694866536325,0.5159484664035543,0.7114659080694455,259905.00000000003,1.0,0.5127448119129661,0.668940924267346,15.767202360782509,1.8080113985640953,15.770406015273096,1.8103404536975063,1202673.7054752288,262921.0910267032,259735.8313634042,48.11789835702843,998588.8667039205,210245.13158700295,259889.2327976392,1.8080113985633945,784809.7735716217,180056.71076331718
988,200.2267838395657,2.8011808741961364,244.2084872699886,3.4164859146993054,246.19812278275094,4.188651833429986,240.88652915018935,3.5891228466459015,28.87406094634455,24.898271941076917,0.06983578201660416,0.17408515483769668,259905.00000000003,1.0,27.588525814752852,22.27989052420173,170.28433594540988,48.14423195606503,169.06863659583476,48.22341806632586,9.282767729927375,8.448290697395395,243.60977198532368,3.835243934829384,0.509541017263009,0.710002691114229,259905.00000000003,1.0,0.4928521562252801,0.6474612844719216,15.750513499744779,1.7907260977637063,15.767202360782509,1.8080113985640953,1182585.471983835,271301.2169157062,259734.71566405462,48.14423195606245,989197.9839027398,218807.0037771243,259889.24948650025,1.7907260977636534,767241.7485474499,184755.01963471447
989,200.55952058368175,2.8536399867826048,244.61431276520892,3.4804681473246832,246.61412291885193,4.094410229375357,241.3478684870788,3.5171975073439974,28.931608504619717,24.851817968328614,0.09189538326321575,0.20424758884306424,259905.00000000003,1.0,28.460258969729534,22.26947572598876,170.56379009703684,48.0347917690023,170.18433594540986,48.25208609676488,9.247656247039213,8.45178019285442,244.0598651457,3.7312611168302245,0.5425302051098451,0.7380823592177189,259905.00000000003,1.0,0.4871148751914159,0.6444667677912398,15.69509816982635,1.741000912513529,15.750513499744779,1.7907260977637063,1163010.9678938764,279576.1593121581,259734.43620990298,48.03479176899953,983935.126649002,222395.40606582377,259889.30490183018,1.7410009125134507,746964.0877428034,192690.25796088463
990,200.92170532792053,3.0380896338676178,245.05605452801234,3.7054339214865935,247.06369964451525,4.119089651480892,241.82626993266322,3.5821197126971516,29.02146676355843,24.76969616167736,0.10995625720445404,0.21924654589089532,259905.00000000003,1.0,29.435380816778803,22.059017014809456,169.939919786612,48.51034324040335,170.46379009703685,48.14349156887112,9.406568731101409,8.398904965046635,244.50592960778837,3.82598249410533,0.5695394677191161,0.7516761645193965,259905.00000000003,1.0,0.5,0.6382258781592793,15.625558702107234,1.7047143957924893,15.69509816982635,1.741000912513529,1145329.3516894067,284329.34903786134,259735.0600802134,48.510343240400566,976837.263984587,225477.49682876986,259889.3744412979,1.7047143957926472,726586.4304600098,192141.37939333663
991,201.2783156774761,3.148934825322058,245.49099737716887,3.8406269480233712,247.50203606459905,4.209561790637322,242.29122719151067,3.7098750718083613,29.4069600998562,24.52385643495692,0.12474325012761057,0.22641714887124115,259905.00000000003,1.0,29.913296994570008,21.6861694069959,169.2088396417706,49.041758160330886,169.839919786612,48.61665234090425,9.500965930928883,8.34577242961576,244.97281570068503,4.05873975327898,0.642963218665027,0.829484414328281,259905.00000000003,1.0,0.5,0.6382258781592793,15.482595483442207,1.7425384911718862,15.625558702107234,1.7047143957924893,1135382.8009446524,287659.9466403496,259735.79116035826,49.04175816032754,968431.2224730233,232610.68929900532,259889.51740451658,1.7425384911717579,713660.6625224536,190003.37015592773
992,201.62126640884475,3.214066314190643,245.90927978723505,3.9200650600972162,247.93919332318424,4.23929863772928,242.72957618211893,3.700915975615957,29.827722049034023,24.228955188053977,0.13333333333333333,0.22640980776841918,259905.00000000003,1.0,30.331722870827956,21.34801853474254,168.47150548664334,49.56588202834667,169.1088396417706,49.14537891836813,9.600885885831588,8.302184785517595,245.4379037770312,4.1359107149367444,0.703077501570783,0.8651818542941029,259905.00000000003,1.0,0.5,0.6382258781592793,15.279517981871425,1.9068564006477435,15.482595483442207,1.7425384911718862,1130593.7219948622,289348.26796728646,259736.5284945134,49.56588202834338,962881.2552843,236321.83451636593,259889.72048201814,1.9068564006471913,708708.3722703165,188430.946088494
993,201.9555102299528,3.2400969132887316,246.31694293757351,3.9518139682009155,248.37664807878002,4.202793153155233,243.1343278045033,3.701702159245881,30.206386965949772,23.908648117549834,0.13333333333333333,0.22640980776841918,259905.00000000003,1.0,30.694953753880867,21.03383831917282,167.7496053653789,50.09950156124281,168.37150548664331,49.666873617406374,9.691707705171199,8.244874986244858,245.88339283724076,4.142264684106168,0.7522949136849553,0.865803950900472,259905.00000000003,1.0,0.5,0.6382258781592793,15.02722306818647,2.155831516771556,15.279517981871425,1.9068564006477435,1124251.47639576,294744.6041281877,259737.25039463464,50.099501561239414,952625.6672764556,245803.30609280805,259889.97277693183,2.155831516771136,703327.1755549703,188547.7679966206
994,202.27996547328488,3.2841709174813807,246.71266754648303,4.005569565521967,248.80280629932804,4.170247363338271,243.5460186534301,3.730079289014445,30.38466818625154,23.756053918165964,0.13333333333333333,0.22640980776841918,259905.00000000003,1.0,31.04845472262998,20.72972219607918,166.85248549566714,50.79356479304216,167.6496053653789,50.19793194663132,9.749474565546263,8.203198105357533,246.30530728638655,4.1512888285181235,0.7785247919856931,0.854067093123819,259905.00000000003,1.0,0.5,0.6382258781592793,14.748698276200777,2.4162082808821066,15.02722306818647,2.155831516771556,1124672.4666341518,294376.1193786186,259738.14751450435,50.79356479303895,949222.0039410713,248405.16709876186,259890.2513017238,2.4162082808839584,703977.4810044165,188386.11287046582
995,202.63806974071747,3.3093497006162487,247.14943281287688,4.036279268144956,249.2483920718594,4.10175725237928,243.96717959890688,3.7804435931514746,30.395818774673142,23.747010618139612,0.13333333333333333,0.22640980776841918,259905.00000000003,1.0,31.540691125384974,20.29542742525635,165.47427981162195,51.866268212333544,166.75248549566714,50.88882911220403,9.755116790354087,8.198596695315985,246.7401133317388,4.157672561139432,0.8,0.8418284501008159,259905.00000000003,1.0,0.5,0.6382258781592793,14.448698276200776,2.6722093417188075,14.748698276200777,2.4162082808821066,1133248.4716180284,285942.21612233494,259739.5257201884,51.866268212330205,955834.524505059,242491.6314435125,259890.5513017238,2.672209341719813,709506.0288225948,185835.7460059069
996,203.02309403723558,3.3630543283047962,247.61903174341796,4.101780518374976,249.726970863356,4.024039954555713,244.4048852102788,3.876415763604162,30.460962412791854,23.685820370793564,0.13333333333333333,0.22640980776841918,259905.00000000003,1.0,31.91051669376743,19.950111137672117,163.79139219731306,53.249466923577344,165.37427981162196,51.95682184560809,9.808520864765052,8.153492002686164,247.2123922546688,4.1972005831605115,0.8,0.8418284501008159,259905.00000000003,1.0,0.5,0.6382258781592793,14.148698276200776,2.873523304026529,14.448698276200776,2.6722093417188075,1136429.310700696,283393.9766499473,259741.20860780272,53.249466923574424,957461.6640902252,241728.5257691852,259890.8513017238,2.8735233040268415,709459.7628967969,185854.67855183533
997,203.39178478002313,3.4896891626686997,248.0687093072102,4.256232134368695,250.16916700062512,4.051429506199316,244.86794880914886,4.063818206987866,30.513851367087877,23.63829011961637,0.13333333333333333,0.22640980776841918,259905.00000000003,1.0,31.827436142160842,20.01762782315573,162.24447408890677,54.62556456624061,163.69139219731306,53.33440823730357,9.845211457532951,8.116910659542118,247.71710961620101,4.291806534844883,0.8,0.8418284501008159,259905.00000000003,1.0,0.5,0.6382258781592793,13.848698276200777,3.031066263717454,14.148698276200776,2.873523304026529,1134333.109510347,285101.0205307002,259742.7555259111,54.625564566237195,957121.3600169325,241941.8256176365,259891.15130172382,3.031066263717161,707807.9105688753,187272.895896519
998,203.7417425358901,3.672141125436385,248.49553899864043,4.478761334159981,250.6084936713068,4.1793592032619244,245.3152968500358,4.333631454280919,31.51907457637349,23.266695469439956,0.13333333333333333,0.22640980776841918,259905.00000000003,1.0,32.156377616693874,19.82066416728576,161.37383771525305,55.329993940317536,162.14447408890678,54.705444212950965,9.949195675609936,8.018606637775049,248.1920232367995,4.468571505566629,0.8,0.8418284501008159,259905.00000000003,1.0,0.5,0.6382258781592793,13.548698276200776,3.151409575849657,13.848698276200777,3.031066263717454,1123210.8521735885,284811.420907948,259743.62616228478,55.329993940313294,945874.1771479656,238631.9721546209,259891.4513017238,3.1514095758488074,698098.0331808034,191538.79321261076
999,204.10338761908378,4.009370237498424,248.93662287386346,4.890065746647173,251.0849690977478,4.556324621456842,245.74576626912355,4.68661664559841,32.842110828298026,22.84184705111767,0.13333333333333333,0.22640980776841918,259905.00000000003,1.0,33.217188812367205,19.78720995332128,160.76542639785055,55.888191580101946,161.27383771525305,55.40723256153323,10.200346680335022,7.830790154695108,248.65511556313092,4.727566755939613,0.8,0.8418284501008159,259905.00000000003,1.0,0.5,0.6382258781592793,13.248698276200777,3.2387026782210215,13.548698276200776,3.151409575849657,1116172.6629511928,283252.13652433,259744.23457360218,55.888191580097285,937066.4881764802,235166.647014738,259891.7513017238,3.238702678219643,689228.6187194197,198894.30646698363
1000,204.482255717592,4.423236512218711,249.39871280579482,5.394841053557634,251.58608930046785,5.092932575087337,246.18581829013596,5.159356090218327,34.51588664955834,22.621284305062606,0.13333333333333333,0.22640980776841918,259905.00000000003,1.0,34.108984503199025,19.454492911472947,160.93899521087653,55.743737349909715,160.66542639785055,55.963535186609064,10.777773918701683,7.702326809938498,249.14577393875038,5.212957245167743,0.8,0.8418284501008159,259905.00000000003,1.0,0.5,0.6382258781592793,12.948698276200776,3.295572919011715,13.248698276200777,3.2387026782210215,1121984.3678946102,286954.2719737568,259744.06100478914,55.74373734990548,939047.5772444856,236766.07720907286,259892.0513017238,3.2955729190098175,686129.5809562644,199506.60642708154
1001,204.75663033731811,4.634693330290259,249.73335626641065,5.652746043140869,252.0482759528468,5.553777030538368,246.50945160064086,5.435912437355329,40.57368076629701,35.54488393144064,0.13333333333333333,0.22640980776841918,259905.00000000003,1.0,34.91306956217471,18.95455720059979,166.3662730816655,58.385235409092836,160.83899521087653,55.819597607052614,11.838669251068303,8.349664080364391,249.61499627065618,5.671637287286512,0.809558790876746,0.8340232652159624,259905.00000000003,1.0,0.5,0.6382258781592793,12.63913948532403,3.337795279167239,12.948698276200776,3.295572919011715,1157573.4699304886,338464.0868988928,259738.63372691837,58.38523540908926,946702.7278753397,239973.18641891953,259892.3608605147,3.337795279166024,709881.7793516957,227792.56522274468
1002,204.95099600731766,4.719426269755487,249.97041609115016,5.756090956244879,252.38371700279777,5.809453456710292,246.7360110912966,5.5764451243634685,46.14063858189027,42.770330385987265,0.13333333333333333,0.22640980776841918,259905.00000000003,1.0,36.57234921279623,18.731849431198203,175.72990549005644,70.17133404531437,166.29494945429573,58.43802906688328,12.793286003364457,8.68174111574643,249.93762457751322,5.9056501781424355,0.826943657806525,0.8219142567927126,259905.00000000003,1.0,0.5,0.6382258781592793,12.312195827517506,3.376063185553764,12.63913948532403,3.337795279167239,1207290.068875676,399974.6789347949,259729.27009450996,70.1713340453129,963680.7812412004,246205.36253902383,259892.68780417248,3.376063185553012,742193.8652774362,266087.48989782704
1003,205.11264667546334,4.738384462362013,250.16757459703052,5.779213325218662,252.64307324579246,5.929194833285565,246.921056168099,5.6482705257568915,50.62051833478272,45.79823585949161,0.14289212421007924,0.22663981935314345,259905.00000000003,1.0,38.00905471797995,18.09635659526854,188.15063158343847,88.72484905798183,175.68206009084577,70.20185355160434,13.664950207871609,8.738699472083708,250.19830299443603,6.000716720399085,0.8316183921233575,0.8191300829892666,259905.00000000003,1.0,0.5,0.6382258781592793,11.980577435394148,3.4172124071002816,12.312195827517506,3.376063185553764,1250904.1066361729,429787.0337486313,259716.8493684166,88.72484905798035,980465.9354540572,246401.62173700577,259893.01942256463,3.4172124070994077,770860.3286911811,289572.1405916212
1004,205.22814253695174,4.7122678952533255,250.30843994461176,5.747360055801419,252.82431234558302,5.955821424542397,247.0799126671374,5.669835784995677,53.896173818747414,47.059315920797886,0.16027699113985827,0.235144579171501,259905.00000000003,1.0,38.92872483089442,17.245654685456643,202.9291805283626,111.2667066985439,188.12200853164944,88.73842665859064,13.831329958762627,8.816139132716161,250.41254519822763,6.033284551991093,0.8354457408710174,0.816509285313872,259905.00000000003,1.0,0.5,0.6382258781592793,11.64513169452313,3.4541879209146873,11.980577435394148,3.4172124071002816,1277976.4464159138,442546.1254088367,259702.07081947167,111.26670669854235,984415.7681655649,246068.8826342103,259893.3548683055,3.4541879209132986,788732.2594849989,299524.55517684476
1005,205.4304339729017,4.633315449241312,250.55516634927224,5.651064878925939,253.03542420533424,5.949620014041127,247.2928074421337,5.626458689824178,55.05850104814424,47.90647294779069,0.17451051633343673,0.23801433911655637,259905.00000000003,1.0,42.449773761035345,21.66199075800666,215.35051217432945,128.12593490791605,202.916295403554,111.2694919570981,13.8938024078033,8.818930480127586,250.60942139654918,6.002905499583485,0.7716677728562596,0.7802013372504281,259905.00000000003,1.0,0.5669115361372213,0.6873340171362704,11.440375457804093,3.4746829424701606,11.64513169452313,3.4541879209146873,1299693.1277319144,462732.5592427298,259689.6494878257,128.12593490791787,988793.8933934631,249941.94041958931,259893.5596245422,3.4746829424686125,785453.5691193272,296504.57996019913
1006,205.72888384213965,4.531121566711839,250.9191729607382,5.526423136955214,253.33510726716594,5.877844628355178,247.62911505796683,5.555773514213934,54.19553068478617,48.002231725201966,0.18616394113412968,0.23773378633032574,259905.00000000003,1.0,44.66751043596999,24.681676947570928,224.6923684820115,136.96432205534643,215.35051217432945,128.12593490791605,13.88591156125892,8.821812305757284,250.91431329647784,5.908870571886647,0.782845842564963,0.7976619988823173,259905.00000000003,1.0,0.5739001141247236,0.6974438883942079,11.231429729363853,3.509237786876327,11.440375457804093,3.4746829424701606,1301609.9465236627,463403.21694526676,259680.307631518,136.96432205534683,984310.952531985,247057.3800681312,259893.76857027065,3.5092377868755054,771941.9890986809,293401.9045543541
1007,206.1338974891356,4.404165707998034,251.41315158084234,5.371579923309109,253.7656005153683,5.7241114410475555,248.07602335279452,5.470203544208964,52.648656321207525,48.144052004433895,0.19570495839713864,0.23574011247180404,259905.00000000003,1.0,46.950577067719976,26.55834816680272,230.1947427771019,140.92383400038992,224.6923684820115,136.96432205534643,13.838243947834366,8.85354564175236,251.34555469797198,5.747876345598014,0.8171575619797535,0.8841661195410109,259905.00000000003,1.0,0.5796218778433756,0.7032162879632854,10.993894045227474,3.6415137659141346,11.231429729363853,3.509237786876327,1296173.927074227,462904.88665958325,259674.8052572229,140.92383400039083,976946.8462923942,244382.1366772872,259894.0061059548,3.641513765913891,754579.2172305114,293829.77213215374
1008,206.6028699391196,4.226911446561355,251.98513816455878,5.155390043674931,254.2986849462609,5.469541809806984,248.62381019996485,5.357565528730993,50.955205822054054,48.45915399906793,0.20955879087674592,0.23605454822394603,259905.00000000003,1.0,48.76407471958581,27.038160417334662,232.1763150886934,142.0986955716771,230.1947427771019,140.92383400038992,13.757019215045707,8.926678819162523,251.87749342364958,5.569763297320749,0.8487661045016375,0.9361571196835545,259905.00000000003,1.0,0.5843064617616818,0.7063066291057996,10.72943440248752,3.8548192739037748,10.993894045227474,3.6415137659141346,1289718.8709799952,462577.1100909158,259672.82368491133,142.0986955716787,968219.1894966058,240019.11375004487,259894.27056559752,3.8548192739020473,740539.106609192,291816.44257841184
1009,207.10357882134255,4.089044203316184,252.59583237708534,4.987239314026807,254.882308165348,5.170995622721635,249.22677596042618,5.254264115505017,49.64960492044012,48.90396325001805,0.21738486692977904,0.23273595042877554,259905.00000000003,1.0,48.58967239935744,26.87787011290212,233.01886274284632,142.3512873649501,232.1763150886934,142.0986955716771,13.44927184477088,9.104054963571743,252.49313905818116,5.344767944148242,0.8746449903242768,0.964471933956293,259905.00000000003,1.0,0.5403479202972441,0.6387569313103799,10.395137332460486,4.109150488348163,10.72943440248752,3.8548192739037748,1281020.119256734,461469.9321554274,259671.98113725716,142.35128736495184,957761.3573489957,230722.3961805109,259894.60486266756,4.109150488348318,729065.8544229661,288932.87989147427
1010,207.59693199099976,3.886480540335777,253.19755509246875,4.740180600295609,255.45780603177803,4.792751725838464,249.84804944574455,5.159019869437928,49.868882349838756,48.90672118814645,0.2237923160703244,0.2291633891756859,259905.00000000003,1.0,47.4130379584508,27.080080177864005,235.25091481816395,143.10223457397447,233.01886274284632,142.3512873649501,13.172694230025918,9.320585495458198,253.11545822826884,5.085123412882705,0.9013306267712574,0.9803122566492631,259905.00000000003,1.0,0.4797423320177716,0.5983097917200593,9.973549037707,4.4247166347041516,10.395137332460486,4.109150488348163,1279905.6432046667,461659.0485920392,259669.74908518186,143.102234573977,952272.4848570739,230058.27263965635,259895.0264509623,4.424716634704594,733420.7337860143,290813.2334250627
1011,208.06520497518508,3.6024109435742564,253.70035646964914,4.318866161789554,255.9439157140638,4.269818743064363,250.39553401214727,4.888403144630323,50.579642819732925,48.878345160740956,0.22903829173047197,0.2256379456791963,259905.00000000003,1.0,46.063974086844134,27.223725652395867,239.5375452593223,144.56586020322476,235.25091481816395,143.10223457397447,12.752648353964618,9.600236972344085,253.64544893145845,4.687663165257356,0.8985635994737754,0.9805613948270393,259905.00000000003,1.0,0.4477050863150448,0.5973765295224516,9.52269052454827,4.728930439922764,9.973549037707,4.4247166347041516,1282154.3929233092,461616.6755038018,259665.4624547407,144.56586020322712,950096.480434558,229269.98615250885,259895.47730947548,4.72893043992361,742204.0999575618,297195.8059789265
1012,208.40968860218672,3.4097077946419097,253.99691296664807,4.021959266793285,256.26553669916916,3.870939832697843,250.80739790717575,4.579751023495425,51.83588233505926,48.75067722155907,0.23333333333333334,0.22232994094238123,259905.00000000003,1.0,44.28875079525049,27.49625783923729,246.8513434657977,147.0001930586959,239.5375452593223,144.56586020322476,12.259319706147728,9.843623423413979,254.06512879855305,4.242298149262047,0.8857487011926847,0.9899789754753288,259905.00000000003,1.0,0.42147520801430693,0.5992423883207331,9.058417031369892,4.959585955345138,9.52269052454827,4.728930439922764,1269457.5832074683,455607.02057381737,259658.1486565342,147.00019305869725,931758.4417463104,204526.47285774726,259895.94158296863,4.959585955346622,746590.6672046204,299327.42193491384
1013,208.70136966267495,3.321684951353344,254.18245851136868,3.852622381039897,256.4107340832062,3.717999005123715,251.09163323162832,4.358216701210357,52.553819079999556,48.76381266372586,0.22377454245658746,0.22608634295137656,259905.00000000003,1.0,44.172560958525594,27.44541500295057,255.0088270448151,149.0656690949945,246.8513434657977,147.0001930586959,11.826739998175425,10.037628120775432,254.3192863775174,3.9466228953925206,0.8752567498723896,0.9978755252064611,259905.00000000003,1.0,0.41911758175349184,0.5984743103259442,8.602277863250995,5.092408772916455,9.058417031369892,4.959585955345138,1264508.0115021328,453055.3782359992,259649.9911729552,149.0656690949957,922814.3863895653,191298.5879498898,259896.39772213675,5.092408772918497,748692.2419336708,299510.7071921299
1014,208.9813102645843,3.1764291082255736,254.31634179609887,3.682229235915153,256.4668102876862,3.662398880986247,251.34707786313123,4.052416692516428,53.017351690449175,49.0533034905451,0.21594846640355433,0.22972640782730377,259905.00000000003,1.0,44.86992711600678,27.694000034550637,262.9403031528539,152.1363483486502,255.0088270448151,149.0656690949945,11.082447844551016,9.870338669897547,254.4505057138617,3.8093249502456423,0.8666666666666667,1.0044624362009718,259905.00000000003,1.0,0.4347697338595581,0.5932525530153338,8.170380930443887,5.167724850546521,8.602277863250995,5.092408772916455,1256645.4742644015,447993.0747068155,259642.05969684717,152.13634834865218,918901.8322996891,188572.6881854861,259896.82961906958,5.167724850547589,744866.4132119169,298204.2680457235
1015,209.26177037182674,2.989464390565075,254.42001221626282,3.524179213939618,256.52688589725693,3.5872227850157623,251.56763363671405,3.7292285591005787,53.01544643352308,49.05310323393717,0.20954101726300897,0.23306737622094637,259905.00000000003,1.0,46.368084950336794,28.565814536362105,269.3781236187772,154.12124451101454,262.9403031528539,152.1363483486502,10.17675045192495,9.24309020857529,254.5512274932958,3.6708391357175865,0.8666666666666667,1.0044624362009718,259905.00000000003,1.0,0.4571434230173947,0.6110558074024309,7.760857686794615,5.1294580730298485,8.170380930443887,5.167724850546521,1255377.1220073854,447624.2268840948,259635.62187638125,154.12124451101738,922850.2940684042,189567.94099753324,259897.23914231322,5.129458073030525,740015.0523450506,299723.36344556557
1016,209.56149754351034,2.8826765173624076,254.5454282937277,3.3772683564001404,256.6148513212915,3.4940049229443892,251.77819789966932,3.414869589639801,53.162070641532644,49.04844262594666,0.2042950416028614,0.23603423451985525,259905.00000000003,1.0,48.53059473913746,31.732118033839644,273.80530447956954,154.16841505719665,269.3781236187772,154.12124451101454,9.494017691520359,8.759182059933716,254.67675525350012,3.478963083749478,0.8666666666666667,1.0044624362009718,259905.00000000003,1.0,0.47546145039072296,0.6453920885892481,7.369652470518671,4.93073079813022,7.760857686794615,5.1294580730298485,1273316.097285797,448936.78283005086,259631.19469552045,154.16841505719987,933623.843200929,194008.99389051553,259897.63034752948,4.930730798129691,735412.1977231579,303184.3106181816
1017,209.90777248570234,2.7996991293277507,254.72606660588448,3.1918492878828006,256.7764169196929,3.337127100450989,252.00217603001084,3.1452143747991967,53.12640049628996,49.05875857544317,0.1904412091232541,0.23539952288761326,259905.00000000003,1.0,50.79544257534082,33.85226628638485,275.9458211913954,153.56671761263166,273.80530447956954,154.16841505719665,9.115571388177186,8.514841619066091,254.83665836360527,3.28732408208769,0.8666666666666667,1.0044624362009718,259905.00000000003,1.0,0.49045898273699107,0.665063942763304,6.993444786588995,4.590019355493593,7.369652470518671,4.93073079813022,1300906.8194047974,443290.18001518195,259629.0541788086,153.56671761263433,955556.5363447322,194750.91632755392,259898.00655521342,4.590019355494292,732069.0385371136,305726.38264191034
1018,210.26805139333695,2.7267129359648674,254.92301761440746,3.0019953634237027,256.9836308022341,3.126929254359707,252.24065298874515,2.904750704867095,53.29367313399054,48.971830928979784,0.1634975513167292,0.206756782390773,259905.00000000003,1.0,52.25906579643915,34.25659771553051,276.8169309776301,153.12153522223852,275.9458211913954,153.56671761263166,8.816275209179489,8.398989845723513,255.0128440861602,3.1049748109402353,0.8475490849131749,1.0156298341551104,259905.00000000003,1.0,0.49570495839713863,0.6689452001389342,6.6416006600729585,4.155968976933209,6.993444786588995,4.590019355493593,1323348.2364213837,433122.89981634263,259628.18306902237,153.12153522224114,970346.3132524003,188593.15233269797,259898.35839933995,4.155968976933801,731282.4702259441,306465.717810354
1019,210.59601353925493,2.764096751564427,255.07976032222763,2.9128514053901964,257.1693796079734,2.9660203312475097,252.45682641476944,2.7784935408937637,53.41898591576216,48.86285757877769,0.1414379500701176,0.18602390515879327,259905.00000000003,1.0,52.947345105220855,34.226740448905886,277.14713383810124,152.86339222123723,276.8169309776301,153.12153522223852,8.742995361347786,8.416590401710131,255.1875273694224,2.9412746376547183,0.7936617693001251,1.0163044913299673,259905.00000000003,1.0,0.5095587908767459,0.678200992541217,6.357497681649579,3.7341448698994055,6.6416006600729585,4.155968976933209,1343602.541061812,420205.5650727575,259627.8528661619,152.8633922212396,979408.7970831334,184740.2093799668,259898.64250231837,3.7341448699015958,734892.840533392,302819.83103950997
1020,210.879912410838,2.8831006968289854,255.1822121061263,2.8995729214494186,257.29206309361916,2.8971873815531883,252.63913815355426,2.7385273546369513,53.51499652425945,48.77411005442084,0.1233770761288793,0.17154972927685522,259905.00000000003,1.0,53.093291398350566,34.17429289267094,277.44546188788127,152.56531998959528,277.14713383810124,152.86339222123723,8.581716459085056,8.457734558073208,255.3225223231245,2.870116074932762,0.7495425668069019,1.0212241549651793,259905.00000000003,1.0,0.526943657806525,0.6816151874878145,6.134898772649202,3.35053602989336,6.357497681649579,3.7341448698994055,1360851.7736471926,408237.89193272375,259627.55453811213,152.565319989597,985764.7935764636,180879.9654276874,259898.86510122736,3.350536029897093,739012.5524450565,299436.82409353496
1021,211.18761578245582,2.9872601071414824,255.3131680853653,2.8830798873105072,257.39656883032035,2.856301566676666,252.81636035204454,2.733978013310463,53.097733625254406,49.12474982782868,0.10859008320572278,0.16183891921417318,259905.00000000003,1.0,53.02903272804268,34.23973764342111,277.40557270188725,152.60688284052952,277.44546188788127,152.56531998959528,8.455714770210635,8.520601839174713,255.4192531683778,2.8604287460426847,0.6656268645406958,0.9732464688973657,259905.00000000003,1.0,0.5411771830001034,0.6746549263340634,6.01044909110861,3.1513671031444916,6.134898772649202,3.35053602989336,1369079.9690429345,401023.3259471482,259627.5944272981,152.60688284053126,995509.6101933494,170209.94670747846,259898.9895509089,3.1513671031471917,741297.8431151734,298257.4346077961
1022,211.5041999145129,3.0502894998744874,255.45488138092915,2.853868021748492,257.5126146877154,2.8072037428436043,253.04374717852176,2.6900182959245376,52.6283268936768,49.52337858119868,0.1,0.16048491668148113,259905.00000000003,1.0,52.77940078447004,34.51811070396315,277.154498811094,152.87410369552458,277.40557270188725,152.60688284052952,8.220809920300514,8.642990837319582,255.56112633831884,2.833456067733056,0.5969224984292172,0.9436369601985753,259905.00000000003,1.0,0.5528306078007964,0.6679710083570514,5.966357200480189,3.0891244692696107,6.01044909110861,3.1513671031444916,1373086.4183197974,397408.86201198905,259627.84550118892,152.87410369552657,1004098.122538301,162731.31370071124,259899.03364279954,3.089124469271308,742652.4234090413,298132.06013451004
1023,211.8108979537213,3.049031916590274,255.58502152764285,2.804211287868867,257.6343200584397,2.7451341326764864,253.22617621075784,2.590787604814462,52.24906081800183,49.8558862741105,0.1,0.16048491668148113,259905.00000000003,1.0,52.57457328971736,34.74757930039158,276.7289863393785,153.33885250660472,277.154498811094,152.87410369552458,8.095397631769153,8.703979301316382,255.73012787113944,2.7892692122667153,0.5477050863150448,0.9346402701667708,259905.00000000003,1.0,0.5623716250638053,0.661818179241645,5.98102373922895,3.1071338737043863,5.966357200480189,3.0891244692696107,1383298.076377419,385729.1050521438,259628.27101366065,153.33885250660674,1017890.5196139595,142577.57916875128,259899.0189762608,3.107133873705937,748579.4262535817,297403.8208319269
1024,212.07896499119593,3.0021963512622145,255.6689372035679,2.7606851957001437,257.7239098688591,2.688429362040186,253.35141641971236,2.5070693554533565,51.90229016886313,50.171667305034006,0.1,0.16048491668148113,259905.00000000003,1.0,52.28186919610158,35.07724476416132,276.24940731214,153.8800446047816,276.7289863393785,153.33885250660472,8.204002790684337,8.682407717943812,255.87706275719242,2.729180415324389,0.5214752080143069,0.9387289427337523,259905.00000000003,1.0,0.5666666666666668,0.6584522190916324,6.026215197881309,3.156669136898912,5.98102373922895,3.1071338737043863,1386314.1233802221,382006.3722402233,259628.75059268787,153.88004460478274,1024504.6725468537,132389.46377773077,259898.97378480213,3.156669136900336,751322.6528387938,297015.3630239016
1025,212.27987119190212,2.924261426287142,255.67248825329887,2.758206917731292,257.775121065943,2.650993976576465,253.39385278666057,2.4677483715546873,53.247879962902566,49.60092035985745,0.1,0.16048491668148113,259905.00000000003,1.0,51.81226786060249,35.59836828462794,277.5850194144401,152.52715321644337,276.24940731214,153.8800446047816,8.551900819101554,8.691203173741691,255.98428759358126,2.6791975379647184,0.5669115361372213,0.9770813697627176,259905.00000000003,1.0,0.5666666666666668,0.6584522190916324,6.025970328410755,3.156511027545121,6.026215197881309,3.156669136898912,1399316.6828519949,374322.90463097737,259627.41498058557,152.52715321644524,1030243.2229382321,127744.7397135045,259898.9740296716,3.156511027545466,768736.211121891,309338.86264359637
1026,212.4226719819805,2.8653986843493695,255.6060074281289,2.7992816432333076,257.7634852410141,2.6596761853643613,253.37102092726994,2.4883537174705834,54.32419908660031,48.97357047518724,0.1,0.16048491668148113,259905.00000000003,1.0,52.63274296747502,35.09880569093428,279.1764755335654,150.82435481987898,277.5850194144401,152.52715321644337,8.80454277862568,8.661654456502653,255.98555141820518,2.6784324928569494,0.6216940685084531,0.9901849462965188,259905.00000000003,1.0,0.6049018301736503,0.6577155339519625,6.0091780900759515,3.1469728941739503,6.025970328410755,3.156511027545121,1408312.8123822706,366616.64209554944,259625.82352446645,150.8243548198815,1031899.3098989779,125922.09945175971,259898.99082190995,3.146972894174152,781590.0187806175,311605.25605543744
1027,212.5183178458193,2.8250461327281977,255.4826846818124,2.8631601660510615,257.6976457280397,2.7077788769853686,253.28019070466212,2.5463038884410816,55.165099809805035,48.412501240480076,0.1,0.16048491668148113,259905.00000000003,1.0,53.45337082952628,34.46890037348214,280.78820451384416,149.01855893442934,279.1764755335654,150.82435481987898,9.033478073343325,8.580660591594858,255.9006062153321,2.7243850698778136,0.6665462124922706,0.9915271013593053,259905.00000000003,1.0,0.6744412978927664,0.7004511007906582,6.0170731754764475,3.1524320398373096,6.0091780900759515,3.1469728941739503,1414035.6434251033,359356.33618195704,259624.21179548616,149.01855893443098,1029881.9044719478,130087.60757827041,259898.98292682454,3.152432039837119,792348.2914975227,308136.6443712777
1028,212.59896250204434,2.8034610356762877,255.3407324949578,2.8965751265698696,257.5735851309477,2.771458558030217,253.17489526562028,2.5700263413404607,54.87154145745816,48.54847630792519,0.1,0.16048491668148113,259905.00000000003,1.0,53.74794411311989,34.25797200095968,281.81180185818243,147.87585907767698,280.78820451384416,149.01855893442934,9.129387524934328,8.539413502226605,255.76820842338435,2.782392067486556,0.7032680421133036,0.9863767677842655,259905.00000000003,1.0,0.7313753986670803,0.7130434033576443,6.0451805320302245,3.1744041826124305,6.0170731754764475,3.1524320398373096,1409521.5537491397,365928.49516874854,259623.18819814184,147.875859077678,1021486.1765634494,148802.46189494332,259898.954819468,3.174404182612312,797966.1759809102,303690.78231190715
1029,212.596466300072,2.8033006167714216,255.09772176713082,2.836014799305185,257.33994807391184,2.7387378553942052,253.00919517038855,2.5710230125439746,54.44200170315653,48.696799235336044,0.1,0.16048491668148113,259905.00000000003,1.0,53.07182417500169,34.574124605540376,283.08197938633725,146.440344601057,281.81180185818243,147.87585907767698,9.3061236426779,8.572462411709107,255.60498335980137,2.7992819601435754,0.7811272877170629,1.0205453851157282,259905.00000000003,1.0,0.777989097869852,0.7092817478277508,6.042042342183014,3.1724509605268305,6.0451805320302245,3.1744041826124305,1403784.230451055,372642.8205926269,259621.91802061367,146.44034460105752,1010282.1036592631,169519.63360953087,259898.95795765784,3.1724509605260898,809023.8412105178,294764.2074941219
1030,212.54056277370574,2.7821572108797237,254.78955371717868,2.6060185085499996,257.00929217828343,2.51585137810763,252.78118772478186,2.442718069833841,52.903393695105954,49.373962550535175,0.1,0.16048491668148113,259905.00000000003,1.0,52.53673869332349,34.90660657077924,283.34863438811976,146.1373868804163,283.08197938633725,146.440344601057,9.00165813211011,8.433208561672213,255.32192180919097,2.659385226062354,0.8202576679822284,1.0120320550847575,259905.00000000003,1.0,0.8161531669218879,0.6966673183691289,6.037937841122673,3.1699090505973686,6.042042342183014,3.1724509605268305,1378138.4502917074,399699.3251520543,259621.6513656119,146.13738688041673,986930.7246780898,195581.2737002432,259898.9620621589,3.1699090505959804,803138.701977605,300718.73884756543
1031,212.5509665562144,2.781071597738486,254.56263002035058,2.5494706100136457,256.66836908186224,2.2292120585080295,252.60857694771695,2.421115800168715,46.94319035034564,42.8109273202314,0.1,0.16048491668148113,259905.00000000003,1.0,51.61634511998223,35.73824757922195,278.57547961848314,148.83746429803952,283.34863438811976,146.1373868804163,8.265875177703922,7.239967461954755,255.02447280641593,2.42626339134017,0.8427361228082093,1.0072517196818713,259905.00000000003,1.0,0.8333333333333334,0.6820482324719014,6.028535051647797,3.1651831586486012,6.037937841122673,3.1699090505973686,1331787.8874512175,392324.84587069886,259626.42452038152,148.83746429804097,967434.555356402,207138.58627064837,259898.97146494838,3.1651831586474795,778903.3508953579,288317.03956868977
1032,212.5925106897493,2.7467341669765903,254.37530544263183,2.6586492551988523,256.37765557045685,2.1537172990507116,252.45566590829043,2.5174049967515018,42.54430009241329,35.19660968369873,0.1,0.16048491668148113,259905.00000000003,1.0,49.83252086184941,36.72101281327061,271.187258849047,148.6314702584856,278.57547961848314,148.83746429803952,7.657424737110266,6.06581831686772,254.80028281492469,2.3877956673143514,0.8898162976861518,1.0245809212987567,259905.00000000003,1.0,0.8333333333333334,0.6820482324719014,5.972052087294978,3.1588235703759695,6.028535051647797,3.1651831586486012,1286168.7041726715,344069.0064284138,259633.81274115096,148.63147025848698,942280.1692758865,211619.3547182748,259899.02794791272,3.158823570374804,756902.2817839728,255175.06637666145
1033,212.6860458368795,2.6299909462311755,254.25160407973766,2.7758541465207887,256.1780977146405,2.1773629437380144,252.31536716724995,2.6728779078081795,38.94779932628255,29.463499821029135,0.1,0.16048491668148113,259905.00000000003,1.0,49.413760557468876,36.77920651764895,260.6212976178607,144.25939565002588,271.187258849047,148.6314702584856,7.145647864687493,4.932044305514126,254.6021211323123,2.521158037963655,0.9283622847190127,1.0283144314320398,259905.00000000003,1.0,1.0149503599915055,1.068456511983359,6.0490813716907255,3.206632850407857,5.972052087294978,3.1588235703759695,1255261.030109131,302202.7541468857,259644.37870238215,144.25939565002815,929205.5687660485,205472.78435329214,259898.95091862834,3.206632850406462,739504.8508327934,225412.33255366186
1034,212.85813990089997,2.3191422428457535,254.2234537039746,2.8130425203567873,256.07828250442464,2.2395107584653275,252.25428735302495,2.7446090249246686,35.99456704590435,25.349969364245705,0.09044120912325411,0.14198481683700181,259905.00000000003,1.0,49.313349188953076,36.81987233014622,247.21207426568873,133.30424140765473,260.6212976178607,144.25939565002588,6.672902503769431,4.274126662699369,254.48135945909783,2.6159951925048186,0.9423386564805012,1.023012689418005,259905.00000000003,1.0,1.1636458049991347,1.2217463795738006,6.253003653279579,3.418251263629054,6.0490813716907255,3.206632850407857,1228598.4358078383,280684.81284345384,259657.78792573433,133.3042414076577,920764.9631911417,206741.93316267076,259898.74699634674,3.4182512636249145,724220.8417879022,207493.30527684157
1035,213.02838285141752,2.0109361654907936,254.19228413741035,2.8437424942165093,256.00327224882545,2.2820172975779935,252.24949837659418,2.7501203802200633,33.335864918945035,21.750496685597273,0.08261513307022099,0.1286370823306922,259905.00000000003,1.0,46.55413335663955,34.60017409837939,233.911190694924,121.14464125935493,247.21207426568873,133.30424140765473,6.330922735483885,3.9695291780883006,254.44353128121853,2.6525893508259784,0.9537815418580826,1.0173248418159813,259905.00000000003,1.0,1.2184758025322753,1.2955943014569455,6.493905597883448,3.7899962256006883,6.253003653279579,3.418251263629054,1197805.3928656077,238174.71879392467,259671.0888093051,121.14464125935578,906876.5158073504,196610.85418724778,259898.50609440214,3.7899962255968482,712746.0719084082,200945.03460940823
1036,213.17808670510033,1.8237071132042673,254.13457179942787,2.858019135129761,255.94961041239236,2.2934222260031745,252.22168051712268,2.7635156293719807,32.814724173276105,21.858143896856266,0.07620768392967563,0.11933047406429974,259905.00000000003,1.0,44.0284230128572,32.72597315773352,222.6212841714132,112.78125861245827,233.911190694924,121.14464125935493,6.080849825822712,3.9236055875598623,254.39993106073223,2.6782457903819195,0.8997551305294454,0.9951615097435805,259905.00000000003,1.0,1.2633668077038473,1.3336018165943915,6.828478983327378,4.303255560388146,6.493905597883448,3.7899962256006883,1185522.8165225212,232225.81601952316,259682.3787158286,112.78125861246052,898645.499145361,194536.28183957815,259898.1715210167,4.303255560384679,711503.0982373151,201515.47368830032
1037,213.32843197807009,1.7940232060529866,254.0752363170281,2.8162682006349637,255.914467023253,2.2687822295606654,252.19335820038847,2.753920564434783,32.10807004323144,22.42283237155148,0.07096170826952805,0.11307447125149113,259905.00000000003,1.0,41.93083356762809,30.95621806586354,212.72755893874702,109.03924336259819,222.6212841714132,112.78125861245827,5.889182717694177,3.993740515895665,254.34511663762564,2.671876940123815,0.7876198528977382,0.8921030153568481,259905.00000000003,1.0,1.300120454174396,1.351025235337074,7.307646251270702,4.920662861198852,6.828478983327378,4.303255560388146,1177877.5708343436,233515.85735857568,259692.27244106127,109.03924336260097,894390.8857618865,194624.0495982712,259897.69235374875,4.920662861192584,708698.2541718595,205173.36463581419
1038,213.4910938081872,1.872626677912629,254.0291823584234,2.7544729158002315,255.88821987538194,2.230768518932566,252.15028468266453,2.7103312821156273,31.688296805706994,22.816056457008205,0.05710787578992077,0.09308525483781031,259905.00000000003,1.0,39.86984793923935,30.252703570137278,204.48889992942475,108.2685428888729,212.72755893874702,109.03924336259819,5.784560056006853,4.062647240274437,254.27255266814709,2.6046806062074133,0.695811252595722,0.8216761828195778,259905.00000000003,1.0,1.263398624553363,1.3714235775223895,7.84190028989501,5.393430807767052,7.307646251270702,4.920662861198852,1170569.4146386015,235611.22208888846,259700.51110007058,108.26854288887425,887641.3730720454,195823.92797843696,259897.15809971013,5.393430807759424,706226.7627010043,207243.78013304848
1039,213.5741340317795,1.9166134133774408,253.88709745083028,2.531365940665438,255.78020608181794,2.061038461550284,252.02497813999335,2.5565655581691926,31.65346882606636,22.843685958779954,0.049281799736887656,0.08732356919807122,259905.00000000003,1.0,38.088304517518715,29.98902909809765,198.2341934192774,108.78897234821903,204.71831091046667,108.03526584774463,5.724062155398794,4.103996036237757,254.11832199026384,2.41504477741764,0.6779974733918922,0.7919635219383694,259905.00000000003,1.0,1.2333333333333334,1.3893895444474993,8.354344025626371,5.606241919849229,7.8323414990182645,5.371348860427098,1173319.1821062653,236587.57235594062,259706.76580658075,108.78897234822126,879637.813609645,195625.397750146,259896.6456559744,5.606241919840059,714019.0409442541,208794.2886304704
1040,213.62405331562286,1.9251492520186597,253.7058379454209,2.2591937242322135,255.62810455804822,1.847543590231339,251.8250396698561,2.286591183349492,30.589337604605586,22.52536280658782,0.042874350596342294,0.08343931880050365,259905.00000000003,1.0,37.672658673417374,30.24949569217942,191.525234806184,107.60100551432917,198.65143022559212,108.39688031771347,5.719254281011186,4.10836058754307,253.90904062743743,2.14106184986618,0.6729715754059217,0.7847395771580596,259905.00000000003,1.0,1.2333333333333334,1.3893895444474993,8.86398758329067,5.588212987579701,8.336959158696594,5.572072858958047,1176887.4923784481,237622.1666283079,259713.47476519382,107.60100551432967,875235.5326145188,196643.33421787262,259896.13601241674,5.5882129875703646,716520.4859840276,211745.5029564988
1041,213.62425581566185,1.9250445986543265,253.53452889392395,2.1685611013881223,255.5028067786862,1.7879642848910018,251.63189993873942,2.169282526800243,29.839294592636048,21.913072970079096,0.03762837493619472,0.08090068482133586,259905.00000000003,1.0,37.21448244503174,30.570700265554525,184.68343416453988,103.68601147753682,192.09625039187176,107.11736152594254,5.752464066975815,4.069170803457979,253.72182218480683,2.0330199898185435,0.6934720966850587,0.7954065608467003,259905.00000000003,1.0,1.2333333333333334,1.3893895444474993,9.346723170535288,5.419050513024248,8.840195267220347,5.547078171638065,1178112.8983927905,238406.3306615174,259720.31656583547,103.68601147753762,867899.0871821275,195972.33630757514,259895.6532768295,5.41905051301394,719094.8496934675,216679.74884601467
1042,213.63306061155922,1.9156162249400237,253.42998224310506,2.2075910156665386,255.41455981974525,1.8250170040380893,251.479045225202,2.2053091461068943,28.751234397013217,20.87991225948511,0.03333333333333333,0.07929507613443851,259905.00000000003,1.0,37.82470886216327,30.282760997092378,176.27354536758781,95.54832563321406,185.38035316607122,103.17330716133115,5.785696248278929,4.028405400734245,253.55167667638193,2.085901609401303,0.7313553997864894,0.7882715999885368,259905.00000000003,1.0,1.2333333333333334,1.3893895444474993,9.786329479018328,5.163583231507181,9.317684878804817,5.373700109492184,1177235.7710526153,238008.81666979042,259728.72645463244,95.54832563321737,862921.7558282883,195743.8331304875,259895.213670521,5.163583231495497,723742.2865146028,223206.68336767855
1043,213.58778072001343,1.97202158768399,253.3074144342337,2.3090958159115917,255.31967525619518,1.9365905346589096,251.34533023666052,2.30179488426103,27.620445624676822,19.805834079253533,0.03333333333333333,0.07929507613443851,259905.00000000003,1.0,36.903576638220315,30.190524326821212,167.757081020711,84.82591222273459,177.07354536758783,95.02413791466476,5.770162153889364,4.047373650211915,253.4312186421588,2.196379036856313,0.7623716250638053,0.7767239720808577,259905.00000000003,1.0,1.2142157515798415,1.4026637065104197,10.171506938867697,4.875611362781884,9.752996145684994,5.115624385628672,1165694.313412914,234238.46655463538,259737.24291897932,84.82591222273786,849081.1581039922,194830.10299231176,259894.82849306116,4.8756113627703925,727890.9373156877,225898.0954907966
1044,213.57097994308253,1.9932411995294343,253.25656741254858,2.3636247069746403,255.26232165763872,2.0090190200645797,251.275302556762,2.369294863131282,25.37868964344864,16.034928242377614,0.03333333333333333,0.07929507613443851,259905.00000000003,1.0,35.647754727666026,29.784651048934002,158.2546826031603,68.29249748375436,168.557081020711,84.31865663293975,5.6991005107696475,4.125583606480188,253.34034731170726,2.293445645054818,0.7666666666666667,0.772708801983481,259905.00000000003,1.0,1.1985635994737753,1.4138351308106984,10.536737205008139,4.568971936402136,10.138173605534364,4.8275429764811655,1148045.674587819,234126.15322152045,259746.74531739685,68.29249748375675,837764.4936913161,196212.30547406105,259894.46326279503,4.568971936391234,725804.7905467502,225612.23587422937
1045,213.54644080063574,2.0258961426975057,253.22746815425313,2.4023479345522594,255.25003400063034,2.024318337637489,251.22445719549225,2.4297554268176724,24.14887133902281,14.81758712153637,0.03333333333333333,0.07929507613443851,259905.00000000003,1.0,33.55052529943397,28.454165246821493,149.6196953094158,49.319460514822175,159.05468260316027,67.7775316182193,5.618286093783779,4.194489747858996,253.33407342489153,2.3002008043040667,0.7762254575434127,0.764629182769084,259905.00000000003,1.0,1.157072328562447,1.4305983843811578,10.850917409360507,4.298227535384306,10.503403871674806,4.520428948532614,1135408.5639149572,232355.6848245713,259755.3803046906,49.3194605148213,826138.0623301715,194993.36179205298,259894.14908259068,4.298227535374158,731353.5825737743,223922.3703382056
1046,213.4803024660066,2.0795293771583103,253.14903984971875,2.465947431456527,255.18135805990147,2.092736563648152,251.17299748796154,2.4795128947744978,22.72798129360722,13.89306088131416,0.03333333333333333,0.07929507613443851,259905.00000000003,1.0,30.069491531926552,23.067632328878094,143.04485173776314,33.83957042266385,150.4196953094158,48.75069392250007,5.454007110953199,4.284235308457878,253.31734751288337,2.31790006238156,0.7936103244731917,0.7522000944427777,259905.00000000003,1.0,1.0944257764528147,1.4390018899982835,11.085066194673463,4.108727773349403,10.817584076027174,4.249141191974844,1113032.9561282545,221619.41832899413,259761.95514826226,33.83957042266255,810568.1905765594,185306.20964934476,259893.91493380535,4.108727773339654,739700.8263089345,217634.76127750968
1047,213.35679981270783,2.140113219008556,253.00258780537104,2.5377891970394457,255.0386065088088,2.1851173124244907,251.07351309760128,2.528137373966373,21.716309816060768,13.779728715925051,0.03333333333333333,0.07929507613443851,259905.00000000003,1.0,26.470307280785953,17.346023391312507,139.0575209397046,24.790446193620177,143.84485173776312,33.1695643406333,5.172608509828234,4.319130762733367,253.2311949785117,2.368514697387264,0.8078438496667701,0.7406159655822637,259905.00000000003,1.0,1.0431351176663566,1.4500001834236818,11.253690796006383,3.982212005629682,11.05173286134013,4.059338989415006,1087814.7915052117,205237.9802856815,259765.94247906032,24.790446193618877,790625.80859594,164021.813989445,259893.74630920403,3.9822120056192833,748656.3731572287,211151.34713513384
1048,213.21366743537916,2.17315382202432,252.83285856137462,2.576969627632043,254.87619103934958,2.2288673784044004,250.92740420147854,2.554428077102652,20.991536430639425,13.841044951152616,0.03333333333333333,0.07929507613443851,259905.00000000003,1.0,23.98058882650176,14.065516415268174,136.83513521050895,20.4830984636138,139.8575209397046,24.00561214752454,4.933650687398645,4.375799033881956,253.09676886714414,2.415634395966201,0.819497274467463,0.7301428155518329,259905.00000000003,1.0,1.0081748432642779,1.4624489085308177,11.375701698136531,3.8947294208899867,11.22035746267305,3.93271291300596,1078133.6116186085,193759.99572556853,259768.16486478952,20.48309846361,786290.2354500669,156918.04035830332,259893.6242983019,3.894729420879291,766186.5687369347,206574.24572486902
1049,213.047697379416,2.1704862138426586,252.63604793582695,2.573806379690673,254.67982144623653,2.266099025542403,250.7230141498262,2.5464744634835275,20.921205794040016,13.882490502415394,0.042892124210079235,0.09148549957731149,259905.00000000003,1.0,22.088783009681734,12.5851424666722,136.42466587065715,19.989362702001266,137.63513521050893,19.61986101684899,4.7555909827170515,4.450394373663348,252.9190309553519,2.4677550443470144,0.8385970826072179,0.7153101879098852,259905.00000000003,1.0,0.969993000598505,1.4736511365433973,11.44043094946115,3.8508657069252457,11.342368364803198,3.845198331069959,1074907.8505662975,189417.0315011801,259768.57533412936,19.989362701997003,786827.6553492824,157821.02071090342,259893.55956905056,3.8508657069135386,787077.1193952281,209336.9420886913
1050,212.8734084460841,2.122974849687617,252.4293726396285,2.5174663780067,254.4694954256787,2.2898398152807546,250.50409103615445,2.4742393322813725,20.803843733990327,13.98128688732514,0.050718200263112356,0.0975321302572823,259905.00000000003,1.0,20.92671649966068,12.158571301048912,137.0510749047237,20.21283935860462,137.22466587065713,19.121601460405,4.626399782779018,4.523853412270714,252.69253399425844,2.5058093524258496,0.8507182002631124,0.7035949301870006,259905.00000000003,1.0,0.9397230088601418,1.484254718006885,11.462769091391515,3.836989461949375,11.407097616127817,3.801350249896511,1065193.9584192226,183083.1389398374,259767.9489250953,20.212839358599528,783742.5464926187,154983.8561097621,259893.53723090864,3.8369894619375735,799140.8260549825,206186.9174935923
1051,212.6668311573221,2.047027397842698,252.18440929304555,2.4274064366427504,254.24368185466062,2.281647995540819,250.2476140391561,2.3538721202121313,21.135178838325917,13.76598110095455,0.05712564940365771,0.10035844742672437,259905.00000000003,1.0,20.529713780067055,12.434550294454146,138.3994143135789,20.598252150365308,137.85107490472367,19.328297420161498,4.559308283468836,4.5706338064903695,252.45375303264873,2.4671040705697402,0.8762432311571496,0.6853209948376738,259905.00000000003,1.0,0.9254894836665634,1.4913714184401492,11.44534867723426,3.8486198389540403,11.429435758058181,3.787495969930317,1063531.0230357,182555.0258040314,259766.60058568645,20.598252150361592,779257.1535049947,151892.54068862656,259893.5546513228,3.8486198389427897,811163.6631017155,206219.3212468406
1052,212.45142311024156,1.9482613523009635,251.92897416521396,2.3102878838437007,253.99788292876778,2.2559421001984887,249.95836002592674,2.16968218700338,21.449195381034052,13.497881012659281,0.06237162506380529,0.10137750581826557,259905.00000000003,1.0,20.41422760058044,12.531248733402878,140.1720104689687,20.922631829129525,139.19941431357887,19.674360566014016,4.6144783946641335,4.529657583594925,252.16866093266108,2.4056734297656224,0.9162589406768552,0.6672011802756671,259905.00000000003,1.0,0.9138360588658704,1.4973802836569827,11.37625912875661,3.901411642855976,11.412015343900928,3.7991197464735884,1062316.8008160873,182542.01699049017,259764.82798953107,20.92263182912478,772387.9057592975,146673.28564106536,259893.62374087126,3.901411642845035,817514.2911213695,206745.39896825256
1053,212.22581962723817,1.8845379754723612,251.66144898538855,2.2347236484655824,253.7347307211665,2.2296260186337595,249.6953391398676,2.0786223912588753,22.45440189549533,13.32455026555474,0.07622545754341258,0.1193628697956406,259905.00000000003,1.0,20.229585401880396,12.697703793283095,143.1206015050402,22.535752741583536,140.97201046896868,19.940286919490536,4.628445663135496,4.522594920766466,251.86729588681163,2.2817475498474704,0.9776974052971112,0.6647770789610639,259905.00000000003,1.0,0.9329714142330991,1.4927442581506574,11.26486647102593,3.9925106963664185,11.342925795423277,3.851971468458762,1064877.3345674563,183601.75698076282,259761.879398495,22.535752741578662,763255.5306685647,140256.347290819,259893.735133529,3.9925106963548176,827227.9454634103,212615.44745585282
1054,212.01308605939252,1.8675901008551241,251.40918519817376,2.214626682465381,253.4817631538862,2.2345540357926588,249.4620919998565,2.026556332129585,23.306616266171485,12.835954116366791,0.08405153359644568,0.12186338704671093,259905.00000000003,1.0,20.634804340462576,12.554058056862228,146.50836189715267,23.70761315425,143.92060150504022,21.51367576360739,4.429587696081088,4.495322426186189,251.56744119458764,2.1842776212500774,1.0244824830575965,0.6426165069352091,259905.00000000003,1.0,0.9808309734195748,1.4890862105230938,11.154548294721243,4.0735664324957845,11.231533137692598,3.943238617577075,1065178.1450971132,183451.7217986161,259758.49163810286,23.707613154246538,753808.8958568715,139174.69183620092,259893.8454517053,4.073566432483344,831112.9733379789,212227.97910586392
1055,211.8229807680786,1.9386614578420287,251.18375456873915,2.2989045278937192,253.23965989043043,2.274664826029791,249.22707099432384,2.153208455744785,22.991118546723985,12.199157588634904,0.09045898273699104,0.12234416044789408,259905.00000000003,1.0,20.98568712896292,12.307264402588473,149.22333433217676,28.028555402538153,147.30836189715268,22.614634358261036,4.110319426285129,4.131641096279124,251.29398296530914,2.079731064139428,1.0341104923750128,0.6597845055533367,259905.00000000003,1.0,1.0235315490003103,1.4783184385479051,11.077302684679873,4.156714957275077,11.12121496138791,4.0243414945078095,1056922.3804249098,174531.50021293247,259755.77666566786,28.028555402536302,746389.7162531868,130623.48658253359,259893.92269731534,4.15671495726204,825418.5427410001,203297.90419213564
1056,211.65413793499243,2.0208348044222633,250.98353729769633,2.3963473575561025,253.01700101456467,2.3531765128908337,249.01850645890528,2.2866651876879294,22.665551545412974,11.79351422811693,0.09570495839713862,0.12170407917112784,259905.00000000003,1.0,20.305448100096996,11.54765340280957,152.2877328190956,32.29420710732396,150.02333433217674,27.02733683071203,3.963630165842129,3.934112001857154,251.05471627700868,2.1182931722866694,1.034960274402079,0.6606123111030094,259905.00000000003,1.0,1.0202566598954055,1.4781441755888352,10.995932403506533,4.252034134383157,11.04396935134654,4.107837988168976,1045866.1762443424,173562.47040766472,259752.71226718093,32.29420710732203,738559.5416471899,126781.21450650274,259894.0040675965,4.252034134370728,819615.6432894246,199983.59739253778
1057,211.48871137800904,2.1287217846832664,250.7873712223885,2.524281779494341,252.820315976201,2.4398896859664387,248.82731858227936,2.403072259762632,22.83771355252129,12.029495193716912,0.1,0.12047755832048249,259905.00000000003,1.0,19.72137428361376,10.969761414785989,156.10407208800314,37.3753013048632,153.08773281909558,31.348376721258287,3.8606674248020925,3.825727607176679,250.87410094155487,2.1547952536220225,1.0572994244192646,0.682448196742212,259905.00000000003,1.0,0.9793402439653163,1.4645473990760074,10.851306556385918,4.419601958594407,10.9625990701732,4.203598010923513,1043218.5714374009,174072.9240595119,259748.89592791203,37.37530130486099,739594.6650919965,126963.41030518607,259894.14869344365,4.419601958582929,821920.2176437437,200763.71949581796
1058,211.3139905501295,2.210529501755323,250.58018379930047,2.6212910232434004,252.62226245297617,2.544843358823298,248.62321630648586,2.4634502189275174,22.700865753217553,11.98131933767722,0.1,0.12047755832048249,259905.00000000003,1.0,19.428754742894636,10.682624102679588,160.07618309832603,41.337487067905705,156.90407208800312,36.47466735306757,3.7904345928754575,3.785974272678294,250.702279451818,2.2104327710989877,1.0650397255979214,0.6842830086834126,259905.00000000003,1.0,0.9639676406298242,1.4590450832375075,10.683567804751155,4.590628245163691,10.817973223052585,4.371881658226691,1040615.5266760335,177856.99137194364,259744.9238169017,41.33748706790652,742269.5078411684,124730.87542688668,259894.31643219528,4.590628245154072,822783.8970009352,200032.56104799034
1059,211.11873332271568,2.3358882892514794,250.34864401646809,2.76994395832603,252.4064967529417,2.6669574516175,248.402002978175,2.575995511551643,22.969194572383795,12.28273024580036,0.1,0.12047755832048249,259905.00000000003,1.0,19.05916663391689,10.577461750239088,164.68621103679294,46.49552608624035,160.87618309832604,40.44380693515492,3.485296541904267,3.3242216640548348,250.51502368960786,2.250248736543303,1.0427005755807355,0.6515230073988444,259905.00000000003,1.0,0.9503909604628977,1.4567563168322535,10.52459152296665,4.7692459655900885,10.650234471417821,4.543431220636469,1035296.8020587469,184385.53466480586,259740.31378896325,46.49552608624045,743643.8834022095,122905.02161101795,259894.47540847707,4.769245965582317,820980.2142705577,201084.62939445535
1060,210.93042746085771,2.425740994510867,250.1253472519025,2.8764933084097617,252.19661004359506,2.7882023235045588,248.17381327024265,2.6547033297854616,23.523395625542584,12.037495755590506,0.1,0.12047755832048249,259905.00000000003,1.0,19.39953829745157,10.898401780700018,169.51006836488395,49.79269432849676,165.48621103679295,45.619263883632584,3.2917343579760683,3.198087529094243,250.30936136137282,2.3406765777719545,1.034960274402079,0.6512897451644505,259905.00000000003,1.0,0.9583928966390229,1.4585199692371116,10.381357478536927,4.913840737102096,10.491258189633317,4.722673265233843,1039191.4771646414,176197.99650614243,259735.48993163515,49.79269432849788,749268.8145435846,112488.39403971046,259894.6186425215,4.913840737094667,827111.3469353738,191206.4835270297
1061,210.7683828836537,2.4843823557464386,249.93319160561268,2.946031447945434,252.01065422647505,2.8724614928438745,247.96633458854564,2.7172182396603195,23.92483597706086,11.754035166695335,0.1,0.12047755832048249,259905.00000000003,1.0,20.490662586671302,11.289103468508657,173.64424175527353,51.41124226231844,170.31006836488396,48.89387880053935,2.9954733448415123,2.9700532896625913,250.1072512646975,2.3938476840874,1.028623051789027,0.6529558443968518,259905.00000000003,1.0,0.9885690493313776,1.4584036673023517,10.27463680941261,5.013872669894373,10.348024145203594,4.867636825966021,1040619.3826085032,173682.82293469104,259731.35575824475,51.411242262319746,752511.233407277,108453.12467876883,259894.72536319064,5.013872669887619,826936.8165440285,191448.49954194843
1062,210.67513983929243,2.528020048227375,249.8226219830086,2.997778005392099,251.86643010263847,2.9437467346994275,247.83668188886176,2.771511663271188,22.893383994419505,11.277487196984302,0.1,0.12047755832048249,259905.00000000003,1.0,21.483103989099323,11.15848982487133,175.7545217605937,52.462962476767906,174.4442417552735,50.473478549391714,2.6337027122219587,2.5637180283838625,249.93320937922644,2.4446097914013545,0.9746499613016006,0.6423764945010833,259905.00000000003,1.0,1.036899915010979,1.448504600033383,10.270220096455322,5.018282644884769,10.241303476079278,4.967858349798603,1027473.3256074662,190847.67920589543,259729.24547823943,52.462962476768666,752118.1796873531,109262.6293941136,259894.72977990357,5.018282644878227,813628.8432522564,204407.14428362728
1063,210.57012658886265,2.5874432090850275,249.69809495309562,3.0682432661328436,251.72039140581774,2.991979015503836,247.7360290331796,2.8381501380965557,22.49816570711483,10.983881749225453,0.09044120912325411,0.11645757193279514,259905.00000000003,1.0,21.06716776836506,10.730320303725614,177.89507849022021,53.353425782424495,176.5545217605937,51.510443217950275,2.2610396427218866,1.9753689880496348,249.8357118083355,2.494232195896667,0.9591369049111217,0.6327157731655176,259905.00000000003,1.0,0.9034209882230337,1.189259974552702,10.157396303977315,5.0836899980124866,10.23688676312199,4.972278505555381,1007970.9767736392,199129.30929688647,259727.1049215098,53.35342578242529,740953.8756868442,117375.72543274486,259894.84260369604,5.083689998005945,801421.4475607396,210854.98071532525
1064,210.4368070466203,2.664672033018935,249.5400018287168,3.159822820019077,251.5477071723069,3.0465629609117113,247.59396594680186,2.914906730005273,22.65777626785241,11.131574380096826,0.08261513307022099,0.11429189171905502,259905.00000000003,1.0,20.644659869348327,10.472348918899682,180.6255797556541,54.61334690673546,178.69507849022023,52.383283411242594,2.075489337150147,1.8696214666009583,249.6932108965357,2.5596623818373647,0.9569853365080396,0.6334942759994475,259905.00000000003,1.0,0.8097387850813782,0.9940361135317297,9.960867952813766,5.102623072528564,10.124062970643982,5.037510881133975,995558.7959379444,206634.65147666383,259724.37442024436,54.613346906736815,730816.630904434,127608.54971756983,259895.0391320472,5.102623072521804,796038.6077608913,214301.14785154644
1065,210.27396361371737,2.732715089360936,249.3468988167154,3.240509351542451,251.34441621186062,3.1025297506698135,247.40844024018486,2.990335153398839,22.7738439003981,11.181409320888118,0.07620768392967563,0.11331921170435967,259905.00000000003,1.0,20.269912238364558,10.162856445146307,183.85330373375794,55.80215129250871,181.42557975565407,53.623861742762834,1.923573595735547,1.8147823471551334,249.49776793790446,2.6447802169460624,0.9647825721658313,0.6307583665617359,259905.00000000003,1.0,0.7451229008146741,0.8563614660795275,9.698333930866266,5.016976173657917,9.927534619480433,5.055276493186228,978860.6112301506,218037.69399150583,259721.14669626628,55.802151292509464,714987.3322116834,141325.1896806497,259895.30166606916,5.0169761736504155,789973.4819732119,220789.39876413083
1066,210.03668217543986,2.7934566910465484,249.06552581794148,3.3125377514494247,251.06123966314547,3.1724596706002592,247.1511256833157,3.043663683538993,23.427789051158772,11.632880133087086,0.07096170826952805,0.11307447125149113,259905.00000000003,1.0,19.667513554244035,10.005401702722205,188.34261752240315,57.75823027535434,184.65330373375795,54.78538616306038,1.8248015419461454,1.8260297065944564,249.25018849078634,2.72454585019604,0.9711664087878616,0.6270114567914524,259905.00000000003,1.0,0.6887034065821838,0.7528487247451583,9.378242553724393,4.79139160739792,9.665000597532933,4.9669912758826715,960822.7707216055,228310.56511562824,259716.65738247763,57.75823027535687,696134.0827105972,162077.2417427384,259895.62175744632,4.791391607389715,786594.1573752253,224475.7769697364
1067,209.67378065164107,2.8116144229038156,248.6351900666095,3.3340688997523285,250.64651437471136,3.189162662769729,246.77092193219562,3.0408126196771104,25.186575239557413,12.656615109689412,0.06666666666666667,0.1132467841005834,259905.00000000003,1.0,18.766353555287644,9.55252560931101,195.49617254000626,60.90177224340809,189.14261752240316,56.71103088786738,1.792173923946967,1.8368693285552768,248.9063592903032,2.7743455423642196,1.0191353553672289,0.6048053298598031,259905.00000000003,1.0,0.648553339811672,0.6848243693621564,8.974327204835504,4.356075980677026,9.34490922039106,4.736698288438632,950921.9397895394,231666.0752601342,259709.50382746002,60.901772243412466,676221.8818013023,180824.78832353777,259896.0256727952,4.35607598067016,794636.3449970208,214689.2343936303
1068,209.23471897202631,2.7019000214326243,248.1145422725093,3.2039664271834933,250.12557207313262,3.1109467647041176,246.3089503445437,2.9240157188340015,26.566419595369826,12.649869233170984,0.1622545754341257,0.523212905082498,259905.00000000003,1.0,18.4419559344043,9.67074550991079,204.25838162553765,64.71319981845842,196.29617254000624,59.81064583572103,1.7553573873524713,1.8497437471986546,248.44400630766492,2.779240376217345,1.0574183500632217,0.57361597160872,259905.00000000003,1.0,0.6754614503907229,0.67424000053304,8.559036971829672,3.8309118731825764,8.94099387150217,4.292600477417821,942457.2771525577,234449.0576689542,259700.74161837448,64.71319981846456,660070.9130456256,194550.39468496683,259896.4409630282,3.8309118731775333,800161.6640099537,208992.95767780248
1069,208.78102100252866,2.71316539972329,247.57653839262017,3.217323871521802,249.59034822502915,3.1835502560878974,245.82854527022448,2.914305139463601,27.5596406580652,12.769210042155834,0.26919170859469455,0.7621807894691249,259905.00000000003,1.0,18.17834294008436,9.830137551225311,213.94107665388188,69.91427180588485,204.82897064449574,63.970328134924756,1.6965381839904987,1.8647884024952233,247.9554884239876,2.8971817551807293,1.0409678607570227,0.5608767471467486,259905.00000000003,1.0,0.7095765644904829,0.6647094979420132,8.203871133106544,3.3953060482714346,8.535262429373084,3.784476290191655,928343.0375253205,225100.78957600228,259691.05892334614,69.91427180589113,645870.5438606332,201792.46332496745,259896.79612886693,3.3953060482675532,799216.8501457865,208744.20871126774
1070,208.31788756820322,2.856150981361226,247.02734570565792,3.3868780594641077,249.038652240146,3.4445607559700306,245.34612340700704,3.0378747439869462,28.039254263073875,12.812414933718246,0.3567444281592475,0.8729957463394372,259905.00000000003,1.0,17.80868192949742,10.21690822893213,224.19766775298442,76.79143764011559,214.3238398475672,69.4608494386367,1.6483810933265042,1.8740775813122017,247.4556026505857,3.144780188611841,1.0144240657360992,0.5475185212003459,259905.00000000003,1.0,0.7304746922566967,0.6513527064579578,7.903973293223587,3.0578111814750466,8.18792266670299,3.3636182372359062,915921.2580919347,214182.382476502,259680.80233224705,76.79143764011964,634528.218276236,204264.3526916759,259897.0960267068,3.057811181471227,796044.9377603934,206414.35865884242
1071,207.89558252219402,3.115963264288127,246.52656821631476,3.6949678777326467,248.51017000529603,3.774754221109222,244.8899591250647,3.308679388976894,27.657961707661638,12.721908590629884,0.4284265321823593,0.9291734565895012,259905.00000000003,1.0,17.574377430713668,10.480253974329287,234.08180991206223,84.77028667175612,224.42665216729662,76.55340506298029,1.6124698848671393,1.8859194483544872,246.95596842714545,3.5360730270795995,0.9926918444490711,0.5451077898392805,259905.00000000003,1.0,0.7571434230173947,0.636625331505268,7.658883854528901,2.795826109271841,7.894432275960578,3.0386160663801816,903599.4676528351,198842.3762226185,259670.91819008798,84.7702866717583,627471.5389324006,202756.84152162928,259897.3411161455,2.795826109268602,787657.6037294479,196258.90074751715
1072,207.49628444037162,3.3599371779803406,246.0530728659861,3.984276296729104,248.01223368649173,4.080147704776032,244.47589629975914,3.5737537698498563,27.086110562283206,12.876087860374684,0.4871148751914159,0.9563846661628146,259905.00000000003,1.0,16.821896221166902,10.155145511980853,243.9619903764558,91.35020166595682,234.1848909105309,84.66319741890939,1.5891105823519969,1.892119206339201,246.4962613044937,3.9376960360579014,0.993025931240887,0.545202029117658,259905.00000000003,1.0,0.7945790321442148,0.6234513131779457,7.456141913829368,2.5943046051579284,7.65458881292604,2.787124329312314,889669.7923436973,186633.68397495383,259661.03800962356,91.35020166596038,620422.7334046548,200232.1900733057,259897.5438580862,2.594304605156654,776713.2157659979,187805.88954901422
1073,207.12388377545628,3.614635781672465,245.61147303275516,4.286302545666243,247.5541397633808,4.39857815201386,244.07542740867498,3.847094860923855,26.61747229777987,13.025032199427626,0.5,0.9521903624991453,259905.00000000003,1.0,16.212849679089672,10.10408785334592,253.86661299514597,97.18544298405395,243.9619903764558,91.35020166595682,1.6127279062266835,1.886067267700769,246.05413795656182,4.28487089305792,1.0184593483557696,0.5597858059007924,259905.00000000003,1.0,0.8252287165965492,0.6053816011509408,7.262911282070148,2.44590838903068,7.456141913829368,2.5943046051579284,879364.6104671297,184692.14764915797,259651.13338700487,97.18544298405719,616874.4648755557,200434.05757702148,259897.73708871796,2.4459083890307203,768422.5699618659,186341.58188731407
1074,206.73449487113575,3.816635474884848,245.14972825439713,4.525837638151278,247.07235312963257,4.675155510631167,243.6581795012247,4.0697401545044105,26.294206820869235,13.261458579205968,0.5,0.9521903624991453,259905.00000000003,1.0,15.539620483669093,10.046549711682337,264.1211993323461,101.88147747599858,253.86661299514597,97.18544298405395,1.6426135835263282,1.8719450544716798,245.61108214237194,4.571951170044817,1.0664236732103896,0.5423060184063873,259905.00000000003,1.0,0.8528483814145333,0.58499169148147,7.049335990274291,2.2929621998467207,7.262911282070148,2.44590838903068,870624.159343692,190120.93127245168,259640.87880066768,101.88147747600216,611532.7755318586,201636.3670520681,259897.95066400975,2.2929621998491685,762174.6592981425,190917.91961390033
1075,206.37404959682573,3.9468314995859584,244.72230529844356,4.680226928756832,246.58726497269998,4.829482628368062,243.25713338249167,4.243836038129558,26.041427318249553,13.435461572517701,0.5,0.9521903624991453,259905.00000000003,1.0,15.169499552704348,10.043044985158742,274.4931270978913,105.5628182523727,264.1211993323461,101.88147747599858,1.657523115731366,1.8685741350317202,245.12726948455045,4.762178066961302,1.1092100236655014,0.5291481423533334,259905.00000000003,1.0,0.9041378230209607,0.5750065664442635,6.844263789629751,2.130840247661032,7.049335990274291,2.2929621998467207,856194.8936935947,197521.15870111872,259630.50687290213,105.56281825237537,603636.8387297181,203597.4267898736,259898.1557362104,2.1308402476660246,752296.9293152367,199285.3178508904
1076,206.03753089999805,3.976828617629949,244.3232549297253,4.715798245351073,246.2023668869949,4.826610417929341,242.87665738745943,4.302923236758108,26.87707273074468,13.2560167749072,0.5,0.9521903624991453,259905.00000000003,1.0,16.580019556687898,13.007063448200826,284.2901802719481,106.5096180684422,274.4931270978913,105.5628182523727,1.7462003352756041,1.8910948611752203,244.69737997613242,4.822295028759513,1.1346817337183277,0.5181621855788997,259905.00000000003,1.0,0.9712899561565659,0.5833506900820291,6.680872012067989,1.9676712980060527,6.844263789629751,2.130840247661032,856423.0242513793,197570.11815865408,259620.70981972807,106.5096180684446,605372.478427725,204659.068515137,259898.31912798795,1.9676712980137785,748145.1766541243,201695.7426181953
1077,205.7793460769507,3.923798455945883,244.01709450524248,4.652914215884176,245.90301397640286,4.756313449637888,242.56383789379473,4.224332528207541,27.694073743836125,12.835881500683374,0.5,0.9521903624991453,259905.00000000003,1.0,18.804056119463183,16.304178373190755,292.68019789632103,105.10842437005361,284.2901802719481,106.5096180684422,1.8152866193679078,1.8847434714522133,244.34108296532577,4.761719693041573,1.1449867581340263,0.5065468199093397,259905.00000000003,1.0,1.0287952982741948,0.5691600929621927,6.5646805522081575,1.815216599280581,6.680872012067989,1.9676712980060527,860090.2062878138,198583.69943443124,259612.3198021037,105.1084243700556,608647.6689511285,206698.13771171146,259898.4353194478,1.815216599288278,743252.2960865261,203957.1296340339
1078,205.5259037663485,3.8425926060382873,243.71655791597368,4.5566187824087425,245.63194788530032,4.630063222661509,242.25609107847686,4.122060880827134,29.409937455284705,13.710331420069469,0.6433818631511886,1.172642819245751,259905.00000000003,1.0,20.787442694281836,18.412776186825717,300.6593107941727,102.72860391024179,292.68019789632103,105.10842437005361,1.8995354003391067,1.8791147706863847,244.0347120203709,4.657165975282754,1.190668304980072,0.493983025477052,259905.00000000003,1.0,1.085435481208914,0.547380592499491,6.4594477284369995,1.6700025427113423,6.5646805522081575,1.815216599280581,860586.158108485,199391.99888606902,259604.34068920586,102.72860391024301,602329.5368555365,197734.41603226995,259898.5405522716,1.670002542720628,738655.8371795247,200245.4737940047
1079,205.2409057741346,3.76379294136819,243.37860183166077,4.463176598419308,245.3676723998514,4.513054509405704,241.93085401358377,4.049324635986791,31.30533651569909,15.082959308304419,0.7512142130699394,1.2823274315647062,259905.00000000003,1.0,22.57370335736956,19.376160743129383,308.6397297394323,100.21128403704734,300.6593107941727,102.72860391024179,2.1118943313807472,2.054072337448924,243.74707834504028,4.56395607840728,1.214993918708344,0.4802962264096369,259905.00000000003,1.0,1.1282920581915192,0.5084111121097074,6.372745867920175,1.5516559724858985,6.4594477284369995,1.6700025427113423,860911.2913299707,200101.92411204826,259596.3602702606,100.21128403704947,591942.0460710161,180859.3480342706,259898.6272541321,1.5516559724932104,734211.138480586,192913.4393392103
1080,204.95003632546783,3.64574854537438,243.0336831603829,4.323197140594174,245.09890247267572,4.394038295538228,241.57421005878504,3.95453258352264,32.90891459844435,15.05120552590925,0.8490586650018326,1.3516748569200756,259905.00000000003,1.0,24.400492971493573,20.54829846682189,316.29909270138126,96.627685040042,308.6397297394323,100.21128403704734,2.2988343924380623,2.135813746594478,243.44105742478,4.506714419758344,1.2349100467551763,0.45552503669896965,259905.00000000003,1.0,1.1623893986775422,0.4623461647825014,6.300225219842541,1.4489391615596845,6.372745867920175,1.5516559724858985,869409.6688321218,213042.01010410758,259588.70090729865,96.62768504004235,590208.383723339,178252.75876993465,259898.6997747802,1.448939161565275,736520.9109322127,195630.41085734867
1081,204.674094163471,3.5294801731935657,242.70646565369708,4.185323594525976,244.80991023460317,4.272597824664862,241.23437154777673,3.853495874000652,33.77249743639549,14.862329730582415,0.929166926816534,1.3822735814050562,259905.00000000003,1.0,25.655085357644793,20.56731204716728,323.4873378533154,92.82182411114385,316.29909270138126,96.627685040042,2.433314899116612,2.1470318541928104,243.12003148456296,4.4109998527313525,1.235614894161877,0.4547898264856833,259905.00000000003,1.0,1.1988740737470762,0.40737493336419245,6.26348439942774,1.398762182670753,6.300225219842541,1.4489391615596845,876249.9834401162,223586.47888606018,259581.5126621467,92.82182411114506,591038.1181882394,179396.41841428092,259898.73651560058,1.3987621826772088,740997.2165869339,202936.39361233718
1082,204.4006417877196,3.4009666468934543,242.38220052982868,4.032929758012955,244.53303774133127,4.147513558263324,240.89851030674245,3.757442431303314,34.59885025974769,14.451814665242386,0.9947540243398525,1.391043012628934,259905.00000000003,1.0,26.91864999095104,20.649928520897312,330.17278409777225,88.47288921353822,323.4873378533154,92.82182411114385,2.49562427124012,2.165498737185491,242.8300072877332,4.327435950430818,1.2170743926564782,0.4674338337912375,259905.00000000003,1.0,1.2634638801035327,0.36179993431396534,6.309873886874795,1.4631977884589438,6.26348439942774,1.398762182670753,885259.9671096557,235800.5148217707,259574.82721590225,88.47288921353845,594528.1252927574,184202.1993036674,259898.69012611316,1.4631977884645637,749128.683297137,215131.2976143314
1083,204.12983356806083,3.304841327262287,242.06107101389804,3.9189426021410516,244.2562570092393,4.036292388371776,240.57744548394854,3.664498178308572,35.057139391193054,14.674511063136297,0.9861461675203929,1.3955420503049787,259905.00000000003,1.0,27.874271428004867,20.336239395674866,336.36950589344,85.30387149963833,330.17278409777225,88.47288921353822,2.5230141489418223,2.172293515388312,242.5437217642754,4.227177609939241,1.2129886732966977,0.46228000024797306,259905.00000000003,1.0,1.2841526856266658,0.3556436656958655,6.381037899204762,1.5248589536157897,6.309873886874795,1.4631977884589438,890784.4517551136,244605.88232484466,259568.6304941066,85.30387149963784,602177.0960297934,194428.33758970525,259898.61896210082,1.5248589536233683,756350.2676691408,230103.1716949551
1084,203.8573479424609,3.2191137235301968,241.7379523939768,3.8172852894788236,243.95186568927838,3.9494037104105253,240.24558862367283,3.5567191115626398,35.44924165066653,14.648028935618292,0.992173923946967,1.3925721543708747,259905.00000000003,1.0,28.076652180386777,20.307848720869117,342.74992143977283,82.11109684772644,336.36950589344,85.30387149963833,2.4926918444490713,2.1840845380923732,242.2501708325445,4.145864824628224,1.222718842731157,0.4694458381429562,259905.00000000003,1.0,1.2819736651994127,0.3540626268286762,6.440292721673019,1.571134038997923,6.381037899204762,1.5248589536157897,900999.4592569123,254696.33204974714,259562.25007856026,82.11109684772532,611245.5573429683,202075.7522978713,259898.55970727836,1.5711340390041317,770026.188413573,248371.2539179353
1085,203.63060145383653,3.1279411596670985,241.46907199311593,3.7091711891220327,243.67442092762525,3.8468199163876604,239.97834516332102,3.508987718415635,35.164547520967815,14.582292254422661,0.9935925508594547,1.3917505715831908,259905.00000000003,1.0,29.119971704456937,20.55471842631195,347.8009047054242,79.45115025214739,342.74992143977283,82.11109684772644,2.4069968133501742,2.1638832304170843,241.93957752822658,4.038852566161243,1.1924500681728247,0.42501693884776254,259905.00000000003,1.0,1.2766731515180234,0.35526566888483124,6.524515805018217,1.5962336770924954,6.440292721673019,1.571134038997923,905790.120352219,260328.03359001307,259557.1990952946,79.45115025214683,615539.0292067275,207286.30789998424,259898.47548419502,1.596233677098118,773853.665753219,253784.6826127818
1086,203.4444978710766,3.0058192261952863,241.24838682856907,3.5643567397910783,243.44370270340195,3.7219514929448465,239.7559790581945,3.414729847462712,34.945971757945905,14.67411411187945,1.0138716060933444,1.3835541675693657,259905.00000000003,1.0,30.15499258542273,21.028749291312028,351.57801227185405,76.6616088767548,347.8009047054242,79.45115025214739,2.2568488463435536,1.9761375380788706,241.6839731425575,3.931867947802657,1.1747010568759575,0.41544125010693866,259905.00000000003,1.0,1.2748592835446815,0.35660557675198395,6.624674031686941,1.5951235134339052,6.524515805018217,1.5962336770924954,915914.0418865436,265951.9583240529,259553.42198772816,76.66160887675406,623019.8541831877,213864.8222813563,259898.37532596834,1.595123513439746,779845.5646398531,257658.8504432886
1087,203.276613127868,2.8937660276232045,241.0493059171832,3.4314818610555973,243.2311326935425,3.5760505812342767,239.55728015038497,3.289773464939711,34.761073116514645,14.628554161603445,1.0400334831334426,1.3736269682754554,259905.00000000003,1.0,30.748120237310147,21.04233870282874,354.5509316679251,74.53823575563676,351.57801227185405,76.6616088767548,2.1132653379661717,1.8214882627892275,241.44273218891198,3.7595237154502277,1.148084779029016,0.3840961034455451,259905.00000000003,1.0,1.2593082834688352,0.38446394757663793,6.7358975361267595,1.5126470648891748,6.624674031686941,1.5951235134339052,917089.8133083475,266288.20572725346,259550.4490683321,74.53823575563557,621442.28450448,212868.23043910236,259898.2641024639,1.5126470648948331,777730.0265120647,256719.57142468542
1088,203.13508879955387,2.7659890460068226,240.88148367431094,3.279961492187437,243.05655057782633,3.436400957388325,239.38147478750406,3.1275864196146714,34.57507059757455,14.794088508691418,1.064969499070428,1.360826234259457,259905.00000000003,1.0,31.336352960470787,21.135720364154043,356.72467980595843,72.47604195824728,354.5509316679251,74.53823575563676,1.9992255866687907,1.7496299734170362,241.2333592575986,3.5795560471914842,1.115743765885221,0.40801607142754975,259905.00000000003,1.0,1.238008067650166,0.40245839010324924,6.858161837891705,1.4130423665526721,6.7358975361267595,1.5126470648891748,921612.3460449417,264597.6560646876,259548.27532019408,72.47604195824708,621788.6280036534,212974.4072265763,259898.14183816215,1.4130423665566547,779569.1281867549,256127.86896367968
1089,203.0306209639992,2.6775709434815886,240.7576038621428,3.1751136558606277,242.9414744361891,3.32630894620553,239.25105894947933,3.0096406304541605,34.43145111484678,14.760146336801336,1.0818688995312684,1.3502517704344081,259905.00000000003,1.0,32.08530822784911,20.994021892116358,357.98895379342486,71.39678723674528,356.72467980595843,72.47604195824728,1.9727692713454819,1.7199960131666372,241.07144880781553,3.399052829683484,1.0761899103159387,0.4103831258227682,259905.00000000003,1.0,1.2276018912042472,0.41296140147467,7.009573818780013,1.232317433588385,6.858161837891705,1.4130423665526721,925265.6341941291,262800.83750673244,259547.0110462066,71.39678723674442,622295.5916461499,212950.09121391462,259897.99042618123,1.2323174335892444,779576.628550535,256124.90873925973
1090,202.90603825399586,2.5662481796087997,240.60987168144342,3.043105207459836,242.8097412979084,3.2104576599410315,239.12665189603848,2.8812659483255114,34.53540383429515,14.712228592635164,1.0957049583971388,1.3408776993425362,259905.00000000003,1.0,31.640046659913242,21.09075899731617,359.78860600940965,69.79798434143515,357.98895379342486,71.39678723674528,1.9722075682532323,1.719807339188416,240.93982921746323,3.2611957995640894,1.0674306738193564,0.41611692457640664,259905.00000000003,1.0,1.1999644527725262,0.42947983330159734,7.142107597733183,1.0512390319505305,7.009573818780013,1.232317433588385,925045.0451814319,262973.7349452336,259545.2113939906,69.79798434143484,617207.8028725658,214818.60410546066,259897.8578924023,1.0512390319508431,779865.3260798751,255932.5994803225
1091,202.74441723515793,2.411031345267094,240.41821852737127,2.8590461919222907,242.6377246886456,3.0530300007165083,238.97497156404884,2.7216617640418277,34.797078498062355,14.543547864532195,1.1,1.3374489413785742,259905.00000000003,1.0,30.687556158155466,21.33689677819406,362.7981283493165,66.90985408689257,359.78860600940965,69.79798434143515,1.9903207549488582,1.7119975853999294,240.79356079189623,3.093865265057652,1.0602592175261214,0.4231955423603895,259905.00000000003,1.0,1.164261558469419,0.4543008818516006,7.246109938676481,0.8960347050375749,7.142107597733183,1.0512390319505305,928489.8201129546,261456.41805967665,259542.2018716507,66.90985408689285,615525.9942505173,214615.77977259993,259897.75389006134,0.8960347050367558,788329.3796626347,252862.6695960026
1092,202.5649806558865,2.1811900548194156,240.20543943653945,2.5864963533524237,242.436243245495,2.8535486027251267,238.79491945194331,2.4885733740697744,34.96154432408359,14.315608596342367,1.1,1.3374489413785742,259905.00000000003,1.0,30.005292115241737,21.538869828310904,366.6543805581584,62.24545770088122,362.7981283493165,66.90985408689257,2.019216508516858,1.691283480685501,240.61969781533466,2.8886520927294965,1.070979481883265,0.40743967708611006,259905.00000000003,1.0,1.1445892918063183,0.45428222212650493,7.3197197485995344,0.8239531551245106,7.246109938676481,0.8960347050375749,937384.5236285593,254583.97033952887,259538.34561944185,62.24545770088008,620722.3928357555,214353.07502575524,259897.68028025143,0.8239531551241461,801444.7940400923,243915.44951809134
1093,202.38156679106123,1.9590271010273261,239.98794383658705,2.323051712498857,242.19102512642203,2.6060447945635428,238.58685909549894,2.245835052687851,35.31505908678142,14.185376270286522,1.1,1.3374489413785742,259905.00000000003,1.0,29.41153673512883,21.897704971607958,371.45790290981097,56.66281566721969,366.6543805581584,62.24545770088122,2.061991932349834,1.6628424102689248,240.4053876622954,2.6079379428017093,1.0606389102400926,0.41013300040174105,259905.00000000003,1.0,1.1259571765217649,0.45303361031206174,7.385038014881206,0.7660062020508837,7.3197197485995344,0.8239531551245106,946660.0130433869,248567.45072744318,259533.54209709022,56.662815667218275,624386.9146872619,213144.96285930305,259897.61496198515,0.7660062020501046,813330.4034247249,238269.74467257524
1094,202.1838701777341,1.7628592860997032,239.7535114120477,2.090432799573174,241.93340009439524,2.3710094009643243,238.36493099042076,2.005315205770924,35.06622823438755,14.25885939954509,1.1,1.3374489413785742,259905.00000000003,1.0,28.89123677622606,22.29187042827774,376.5328943679724,51.46019479682888,371.45790290981097,56.66281566721969,2.1201920631794824,1.634579693145175,240.18614320609822,2.340166834427293,1.055689248877433,0.4154428059382579,259905.00000000003,1.0,1.1011436998666608,0.4436066801140555,7.430492465870434,0.7605202324642909,7.385038014881206,0.7660062020508837,956030.0882676762,244089.33701775834,259528.46710563204,51.46019479682805,628405.6516382471,211149.77736524557,259897.56950753415,0.7605202324638172,825211.5366515236,235435.10503051183
1095,201.97276764388295,1.5551631099775773,239.50318179130542,1.8441428548162304,241.68319955441243,2.1395058304040195,238.13340717438314,1.772534864080421,34.98676704461578,14.299910540092293,1.1,1.3374489413785742,259905.00000000003,1.0,28.380363786227893,22.603250790298084,382.03929762636034,46.04103423930478,376.5328943679724,51.46019479682888,2.2443126271368445,1.637968841029879,239.99378882664453,2.1081785249624128,1.038561535379744,0.4338275677228381,259905.00000000003,1.0,1.0687435269768768,0.4326808883751514,7.460674457467567,0.7805529572938302,7.430492465870434,0.7605202324642909,971235.435022855,234962.2047556045,259522.96070237368,46.04103423930257,638213.8001307739,205630.301110665,259897.53932554257,0.7805529572926316,842601.2100496942,227982.1425351987
1096,201.78483319732555,1.3950924024306726,239.28032538050473,1.6543282944738402,241.4634699801145,1.9924105484898227,237.91891468893851,1.5634013997262803,34.412666348684205,14.415255002804956,1.1,1.3374489413785742,259905.00000000003,1.0,28.325579825588996,22.642566298215254,387.0263841494555,42.25807726931124,382.03929762636034,46.04103423930478,2.387685596091115,1.6403954747503091,239.8126284763043,1.9022335736146905,1.0245385496092771,0.45136196138311774,259905.00000000003,1.0,1.045732991672979,0.4384072071669437,7.4818688995312685,0.8061056570793687,7.460674457467567,0.7805529572938302,984546.2726925235,222821.0197120988,259517.97361585055,42.25807726930996,651230.4339841565,192918.2413639251,259897.51813110049,0.8061056570794353,855154.743463754,218812.0595252212
1097,201.65320636985462,1.337006177990685,239.12423960330673,1.5854485594621264,241.2878055042523,1.9464076121200122,237.7457797374541,1.462707373714634,33.178919840483175,13.945394136894217,1.1,1.3374489413785742,259905.00000000003,1.0,28.300388605454152,22.663550281595214,390.80491538448456,41.52917274255,387.0263841494555,42.25807726931124,2.505069454934071,1.6437444681746907,239.6620041734572,1.7716716759239963,0.9808646446327713,0.4727505514672326,259905.00000000003,1.0,1.0233770761288794,0.44501584930083726,7.524381331027377,0.8598065038294436,7.4818688995312685,0.8061056570793687,995904.2601959185,218139.76094677683,259514.19508461555,41.529172742550344,666529.0842246389,175931.6563199764,259897.475618669,0.8598065038300421,866016.3510372317,216503.66405386053
1098,201.5430799453384,1.312567353804242,238.99364929608086,1.5564683351576327,241.1439344127091,1.9725991351813938,237.5987049213406,1.4139549873247972,32.361622984637755,13.85509117389614,1.0330884638627789,1.2955217916728496,259905.00000000003,1.0,28.26064619706871,22.697129726282082,393.8728037081908,42.39137741096394,390.80491538448456,41.52917274255,2.6419362191754696,1.650442095868547,239.5464347911776,1.7462711630934402,0.9521404408135244,0.48814303003297205,259905.00000000003,1.0,1.0181488740824687,0.4485499318456959,7.590389764296321,0.9339647937054711,7.524381331027377,0.8598065038294436,1012778.0559117987,217692.44526706488,259511.12719629184,42.39137741096467,679087.2783794232,159450.46064774704,259897.4096102357,0.9339647937055435,882680.3255193528,220039.83374901515
1099,201.44949146517348,1.3676679642040006,238.88267000139297,1.6218077450350228,241.04422046734447,2.033007126696065,237.47247101095405,1.460242053467217,31.869291703725057,13.709599609990612,0.9591883497380552,1.228681855309375,259905.00000000003,1.0,28.26030072039841,22.69743848380644,396.5226063417794,44.52596982885722,393.8728037081908,42.39137741096394,2.7555284166576084,1.6063945192771596,239.47593463378251,1.7612042457583699,0.9286230517890269,0.49142507294660986,259905.00000000003,1.0,1.007826076053033,0.45197406359247067,7.669592788560328,1.0094911972148355,7.590389764296321,0.9339647937054711,1030614.7184726292,227365.1838462688,259508.47739365825,44.52596982885814,689162.3751712581,146453.6632332033,259897.33040721147,1.009491197214073,897662.3118553871,231920.82862147642
1100,201.36986081534602,1.4739289195576568,238.7882421742996,1.7478143932385453,240.95676235833258,2.153548272716546,237.33940321381627,1.620038113731804,32.051370866806636,13.803778302933672,0.8986840536481714,1.1877523900724758,259905.00000000003,1.0,28.402212342387877,22.542378270024233,399.27308081255,48.43294169829097,396.5226063417794,44.52596982885722,2.839515562631339,1.554935510958477,239.4000870621341,1.8402844935552967,0.9128851248085842,0.49988894864784617,259905.00000000003,1.0,1.0064074491405455,0.4532756919965755,7.763115112892288,1.079153632325792,7.669592788560328,1.0094911972148355,1052083.1637637776,246407.02428020228,259505.72691918747,48.432941698291714,697629.3872352073,137883.8558339481,259897.23688488713,1.079153632326045,916253.9158394187,253275.00921044542
1101,201.30740069212948,1.5706707508548263,238.71417543522685,1.8625331674944798,240.89142309590878,2.2528604109688377,237.22892134753178,1.7868901394699992,32.442189688492746,13.76489281368409,0.8491473257460477,1.164507534940794,259905.00000000003,1.0,28.753951406665458,22.2111654531839,402.11217176863124,53.19175064454637,399.27308081255,48.43294169829097,2.922888863949471,1.490470765464194,239.3394743082712,1.9429297200514621,0.9,0.5094910612976293,259905.00000000003,1.0,1.0148047665368936,0.45165175020182513,7.877919879429182,1.1872019153202633,7.763115112892288,1.079153632325792,1069287.4827172305,258452.1512317577,259502.88782823138,53.19175064454805,701881.961330843,135671.31849951827,259897.1220801206,1.1872019153198443,931115.9605900376,265192.3480355981
1102,201.21595825188027,1.733257209516574,238.60574076378407,2.0553320484716484,240.79892508461032,2.4076270175640233,237.0899049073018,2.006917589483287,33.23817598855076,13.435408607938175,0.9710895281104032,1.425532090987672,259905.00000000003,1.0,28.81405518312992,22.16166754153721,405.5652030459417,59.03994712865778,402.11217176863124,53.19175064454637,2.9911491497242633,1.4340984769964975,239.27172185796272,2.0703242579375885,0.8904412091232542,0.5073921989865368,259905.00000000003,1.0,1.0121211176558946,0.4512252683446449,7.999599787961823,1.2881300458696585,7.877919879429182,1.1872019153202633,1089818.876119727,264896.98380363575,259499.43479695407,59.03994712865828,702549.523219991,135139.76535664455,259897.00040021207,1.288130045869539,950524.1307362271,273518.06236049643
1103,201.10013965367673,1.9589068706529333,238.46840042492852,2.322912354190913,240.6829284576006,2.6185671555563292,236.9310428165026,2.280803705351972,33.864366781716626,13.028337596736383,1.0955427378062434,1.5317597777225471,259905.00000000003,1.0,28.860738167712775,22.11818517819403,409.47328892213926,65.67079293102346,405.5652030459417,59.03994712865778,3.0007771590416796,1.4245916607958224,239.18202749096844,2.24449595358896,0.8730563421934752,0.4874723218366749,259905.00000000003,1.0,1.0064074491405455,0.4535180753336215,8.132950894908893,1.316300503986897,7.999599787961823,1.2881300458696585,1112708.6108668193,265418.0934317383,259495.5267110779,65.67079293102425,703379.3871961178,134272.34230391277,259896.86704910512,1.316300503988255,971730.6622073136,276479.1748863338
1104,200.9698767372962,2.202660924989244,238.31393176398527,2.6119611230386766,240.53714334331536,2.904098771893096,236.75417423994463,2.5768121323771793,34.34232976051485,12.46117268175954,1.2044693731955145,1.5669527397768903,259905.00000000003,1.0,28.993556214542394,21.991565972186294,413.61759309491623,72.34877981562357,409.47328892213926,65.67079293102346,3.0111857319454916,1.4122010621816798,239.04948096774885,2.514792082956375,0.8588228169998967,0.4724916324983561,259905.00000000003,1.0,1.0148047665368936,0.45244307284568147,8.28893284444589,1.28170916274227,8.132950894908893,1.316300503986897,1133716.2392930896,250530.11726410297,259491.38240690512,72.34877981562167,702680.4016195319,135468.8732555756,259896.7110671556,1.2817091627448396,992187.0904900491,265779.1582340098
1105,200.8050876705579,2.463309572341104,238.11852148769293,2.921043630899394,240.36620189414825,3.189860256676168,236.56179561547935,2.8584569217483824,34.415535777562205,12.340335358725206,1.2936509594180232,1.5721642840591565,259905.00000000003,1.0,28.990118769109326,21.994662049676773,417.7493591439511,78.40303760310866,413.61759309491623,72.34877981562357,3.012674585385473,1.4105372581969677,238.88459896477625,2.8398405506871813,0.8376106013224578,0.4533429851014538,259905.00000000003,1.0,0.9930035359024028,0.44196547830464905,8.444325779025835,1.220726145681076,8.28893284444589,1.28170916274227,1150648.5957438059,225717.3206287024,259487.25064085607,78.40303760310825,700050.3501579054,141371.77365647312,259896.555674221,1.220726145683624,1009140.9549799175,245395.69226088191
1106,200.58594794871232,2.7392205448593647,237.85866110934975,3.248224494079168,240.0911608876726,3.5042299588179175,236.3252931667961,3.1260570690718805,33.61572512758424,12.980092549901734,1.3666666666666667,1.5608367617861088,259905.00000000003,1.0,27.13507704258111,21.593550170835588,422.86334056228753,84.42395813048729,417.7493591439511,78.40303760310866,2.9364325714083543,1.4450439344455075,238.6497330226383,3.1998031651423497,0.8202435080064158,0.4454971667135021,259905.00000000003,1.0,0.9429613426507497,0.40582295469487706,8.567043613670169,1.1810864605450409,8.444325779025835,1.220726145681076,1150056.166378714,226418.16991459718,259482.13665943773,84.42395813048611,683725.4768612272,162025.21939155692,259896.43295638636,1.1810864605467668,1017143.7169655178,234433.63604946426
1107,200.2923841441523,2.9549648219787628,237.51054718529585,3.504058482968127,239.7306181165156,3.7776370425758192,235.97114320809874,3.395380761172711,32.85233073538077,13.669339600816889,1.3666666666666667,1.5608367617861088,259905.00000000003,1.0,24.89072151739519,20.219027654619406,429.45828311360646,89.90420127671106,422.86334056228753,84.42395813048729,2.9026872625189237,1.4636817285632646,238.32460863774617,3.5393464036696565,0.8382173898932467,0.45280521828454,259905.00000000003,1.0,0.9150655336069077,0.3780113482796308,8.64389175738383,1.1693292646268072,8.567043613670169,1.1810864605450409,1151372.559703434,225424.91386780192,259475.54171688642,89.90420127670926,668511.218545082,173690.41486143772,259896.35610824265,1.1693292646287818,1027363.3701431525,221099.634155971
1108,199.97712666579508,3.1483843614756037,237.13670841089174,3.7334191216496206,239.31616884880964,3.9902048983790355,235.60670073282054,3.6232601721835627,31.042570712502165,13.429615561965404,1.2232848035154782,1.4772781322031847,259905.00000000003,1.0,22.779510175305372,18.891964378161685,436.4980588472878,94.56375217065536,429.45828311360646,89.90420127671106,2.847373224790083,1.4909937542776934,237.94997919576878,3.8145244299513865,0.808655688008469,0.4210874886643572,259905.00000000003,1.0,0.8826675859839775,0.3490276538744035,8.717903655359338,1.1486773694497947,8.64389175738383,1.1693292646268072,1142217.8830315464,229704.66844766552,259468.50194115273,94.56375217065465,650553.1642963429,188153.99276784793,259896.28209634466,1.1486773694520143,1026747.2177839371,221694.23959894045
1109,199.68696018774943,3.3389813629183664,236.7926230188867,3.959432956723389,238.90059923353374,4.184741543387909,235.27684601663637,3.8329889153042274,28.896256304415427,12.271491776726355,1.1058936627199816,1.4274199692666563,259905.00000000003,1.0,21.24172619522517,17.741388590931304,443.04669529375803,98.20956561649133,436.4980588472878,94.56375217065536,2.655187575227365,1.3328266787134373,237.57354893316042,4.050933965643736,0.7844526135620781,0.4124872964934601,259905.00000000003,1.0,0.8813022799127006,0.3474733921334436,8.814753321709961,1.1423317697265514,8.717903655359338,1.1486773694497947,1122782.929978533,241380.73558089102,259461.95330470626,98.20956561649041,632596.8857751195,204459.98253380912,259896.1852466783,1.1423317697292772,1014518.3658342039,233956.44320629485
1110,199.38189757697754,3.5161762950573703,236.43087373417583,4.1695539601282645,238.4828494424558,4.371602988508826,234.96448765883346,4.02823040243598,27.199327409184793,11.927547403652554,1.0002231347350552,1.3860798737318871,259905.00000000003,1.0,19.53387813353494,15.929575577361847,449.71192143467283,100.73587240753236,443.04669529375803,98.20956561649133,2.4882804827533542,1.2220433248685472,237.23261653403534,4.278998101695099,0.768153294839794,0.41491949322575095,259905.00000000003,1.0,0.8811751189060721,0.347420472669397,8.92777514577624,1.155246901619237,8.814753321709961,1.1423317697265514,1099244.6933294316,257714.80358889824,259455.28807856535,100.73587240753135,612076.7099107186,214996.7802765703,259896.07222485426,1.1552469016214328,998563.2972784423,251299.9488270326
1111,199.08414431929646,3.6507097303134466,236.07779187021774,4.329086123810578,238.081887744693,4.5498600690175595,234.64481070036595,4.202689314751404,25.934316500417697,12.189062983143945,0.9137074237798085,1.3638988933398644,259905.00000000003,1.0,18.517522891746562,15.26375990194632,456.2150076195642,102.3141767412534,449.71192143467283,100.73587240753236,2.3571263100066426,1.2034783246551628,236.87746051273618,4.4993244970416,0.7548085413476403,0.4206936731184221,259905.00000000003,1.0,0.882061665340643,0.3480171337010381,9.055028269769242,1.2139090550725955,8.92777514577624,1.155246901619237,1074150.2812385643,273581.15655393293,259448.78499238045,102.31417674125333,591563.7399627445,221624.02070399228,259895.94497173026,1.213909055075738,976731.4335346586,268236.5455340172
1112,198.77898910076834,3.7781106282043098,235.71593293534127,4.480160225103235,237.68082811742838,4.688209189168084,234.34474781404816,4.341838109480435,24.912679097015,12.293161176590392,0.8428743505963423,1.3539662843650095,259905.00000000003,1.0,17.32122957101195,14.37186855611446,462.9635827949709,103.11279577557069,456.2150076195642,102.3141767412534,2.239196907446372,1.2085597261274659,236.52950450056534,4.662855667247317,0.7333333333333334,0.4424146291124886,259905.00000000003,1.0,0.8410358620176622,0.28636743225684475,9.16273079845357,1.337122863262867,9.055028269769242,1.2139090550725955,1047681.1692779505,287351.98182049405,259442.03641720506,103.11279577557183,570620.8675740733,222415.11836328494,259895.83726920158,1.337122863266933,953381.7392513688,281010.0066182128
1113,198.51488629592228,3.86779284565915,235.40275470225052,4.586506849505003,237.3126487518069,4.783671870214944,234.05299220517023,4.452668904274819,23.631877566738044,11.735257879951568,0.8376283749361948,1.3570152888880673,259905.00000000003,1.0,17.01729288896384,14.073433160279002,468.7405390978089,103.34844274620414,462.9635827949709,103.11279577557069,2.137592827708721,1.2320029893127045,236.18518978743663,4.789579609170566,0.675980588072858,0.4210261453631544,259905.00000000003,1.0,0.8205220486901669,0.2597519997757835,9.30727225907088,1.505192684163752,9.16273079845357,1.337122863262867,1021026.7698710158,296159.00630496553,259436.25946090222,103.34844274620626,551592.3221071798,212343.91921010104,259895.69272774094,1.505192684166115,923205.0522856792,290162.71971525456
1114,198.29629756882937,3.9134793698201076,235.14354797030873,4.640682592094899,237.01291804091537,4.849257415799129,233.79522840684496,4.52533754039359,22.574828879505674,11.621168040346259,0.8237745424565874,1.3635778553196756,259905.00000000003,1.0,16.980377514057405,14.044361071650897,473.51121592080057,103.11940747208672,468.7405390978089,103.34844274620414,2.107153682679498,1.2659059921313285,235.88890137381432,4.876255546216956,0.6194653408779134,0.3922712377677891,259905.00000000003,1.0,0.7836185200412638,0.23770477751918825,9.47142543823423,1.6700260516990515,9.30727225907088,1.505192684163752,995702.8410278389,304938.20924596523,259431.4887840792,103.1194074720885,534785.4392449451,203218.24011078346,259895.5285745618,1.6700260516992576,893162.6331256167,298772.32913144527
1115,198.04664295765434,3.935853282382119,234.84750271649457,4.667213930701658,236.71841324015895,4.864218513419267,233.532334309634,4.578744379388371,23.24736528586262,12.842659517887821,0.8159484664035543,1.3677422580280745,259905.00000000003,1.0,16.06846858898792,12.725094705001336,479.8741641512717,103.03439912733836,473.51121592080057,103.11940747208672,2.057072328562447,1.3130550048566807,235.63396406560852,4.91861043655387,0.5827533608583539,0.368681129557082,259905.00000000003,1.0,0.7569209488853244,0.24330086024962236,9.6455930262612,1.8004378018154852,9.47142543823423,1.6700260516990515,973858.5359509246,308222.704057201,259425.12583584874,103.03439912734036,517000.47925776837,191543.66738242627,259895.35440697375,1.80043780181455,870002.9457352308,303257.21918468445
1116,197.76710560292162,3.8921534232245163,234.51602190795657,4.615393674306161,236.38868897644366,4.823462514240054,233.22321597706875,4.583237099059149,24.266273911409158,14.196365610066328,0.7904234355095172,1.3758327125938636,259905.00000000003,1.0,15.168277176674176,10.719476259505981,488.18173745049717,102.2982355257749,479.8741641512717,103.03439912733836,1.984866985576069,1.342436676167376,235.34317256162794,4.934500869595176,0.5526961338099563,0.3585985130174657,259905.00000000003,1.0,0.738579308993481,0.24551205692415548,9.831476201444724,1.9152824086535223,9.6455930262612,1.8004378018154852,962106.210198589,305856.9320724783,259416.81826254952,102.29823552577624,506947.9398498472,177585.2572759816,259895.16852379858,1.9152824086533218,858346.1181382398,303752.6271585109
1117,197.4654205204913,3.8434228132297235,234.15827781939805,4.557607739433964,236.02760362971227,4.749676540637912,232.87498952868907,4.5484023664083795,25.712248353832265,17.264955577741535,0.7599665168665575,1.3831036495142341,259905.00000000003,1.0,14.626106131947308,9.802006143958767,498.50791315551555,103.02759488889231,488.18173745049717,102.2982355257749,1.9544266233668153,1.3522055588979234,235.01170909273995,4.903050157769416,0.5185285667964399,0.34152191259402537,259905.00000000003,1.0,0.7376283749361948,0.24695112451932547,10.050576009584478,1.9827610287795185,9.831476201444724,1.9152824086535223,965638.8161447602,307011.6106647062,259406.49208684452,103.02759488889069,501658.44598436233,173052.84788229998,259894.94942399045,1.9827610287774722,861455.2668213847,304220.0206376705
1118,197.11530062100357,3.7469718323182937,233.74309876508823,4.443234255047646,235.60765848752828,4.646156755180372,232.4811734611438,4.44801341162025,27.254347182302922,18.673866494266374,0.7350305009295722,1.3900514643884392,259905.00000000003,1.0,13.665343757384417,8.19556662182854,511.36188607950453,104.14547396056815,498.50791315551555,103.02759488889231,2.0321250367507497,1.3877283903244377,234.62607041231766,4.850449007569064,0.511653424800693,0.34678312817131723,259905.00000000003,1.0,0.7237745424565875,0.26544848838952806,10.262697127240374,2.0377943681892625,10.050576009584478,1.9827610287795185,972043.1361451331,307410.49078167503,259393.63811392052,104.1454739605665,495798.6099304794,169396.2999438983,259894.7373028728,2.0377943681862503,869613.3407667647,303757.0184439971
1119,196.74335989599675,3.618012657561598,233.30204401682343,4.290311621932497,235.11842412481127,4.457314249156221,232.0485457847746,4.316427249197549,27.894946633143757,19.293807202543285,0.7181311004687317,1.3959886518725715,259905.00000000003,1.0,12.693256765889213,6.661543323648163,525.8454448462903,106.36733076014805,511.36188607950453,104.14547396056815,2.12441548988378,1.5669735563889062,234.17019852884323,4.727567345020379,0.4999822263862631,0.35374262607936136,259905.00000000003,1.0,0.7159484664035544,0.2702341909525251,10.478663367257665,2.096985964129008,10.262697127240374,2.0377943681892625,982204.8480375329,308372.1578640632,259379.15455515374,106.36733076014768,492693.49212239496,167892.53525142712,259894.52133663278,2.0969859641261896,881782.128332437,303292.58093123615
1120,196.3846909947692,3.4693027848304503,232.87672710994352,4.113967880874895,234.64437455076225,4.267790279496583,231.60776657214564,4.119573541574831,27.849754915298078,19.291562915031488,0.7042950416028614,1.4011433194941416,259905.00000000003,1.0,12.507561015157519,6.504590174355536,540.483343704828,108.01449764983336,525.8454448462903,106.36733076014805,2.25831992440106,1.7617062348434775,233.71368197887276,4.563559444519014,0.4869101746730824,0.3541476740855401,259905.00000000003,1.0,0.709541017263009,0.2763701850885558,10.701294209847592,2.130256997427594,10.478663367257665,2.096985964129008,995510.8387854999,305384.6863092488,259364.5166562952,108.01449764983025,496443.8334704958,168565.70142606276,259894.2987057902,2.130256997426195,894616.7849437982,299925.3469751542
1121,196.07719250669265,3.293588634950868,232.51208921217625,3.9056022349711803,234.22247837927364,4.041706464359986,231.20355107784087,3.894557942472013,27.521680931829707,19.346559294750147,0.7000000000000001,1.4031641334398335,259905.00000000003,1.0,13.86165579187228,9.731927541874107,553.4433688447855,106.82419070564906,540.483343704828,108.01449764983336,2.410693906128159,1.8902357840826118,233.26614722856166,4.357677041446837,0.47620768392967566,0.3568335450208791,259905.00000000003,1.0,0.7616477868633369,0.34500730065930063,10.986734312781254,2.2367123927823394,10.701294209847592,2.130256997427594,1001502.8294272161,304534.33467940276,259351.55663115522,106.82419070564633,495089.7736577817,167731.87899632377,259894.01326568724,2.236712392779195,892493.0321006714,300682.8899721628
1122,195.7863411503542,3.0555352580779385,232.16719179981317,3.6233134432637297,233.85157768042325,3.772559736244097,230.83580906093638,3.599267001900386,27.266991554853234,19.52549978436398,0.7000000000000001,1.4031641334398335,259905.00000000003,1.0,14.92096570524376,11.341464419607158,565.089394694395,102.50617990289972,553.4433688447855,106.82419070564906,2.5248977229990417,1.921496338466238,232.8772765908795,4.109985205508824,0.4709617082695281,0.35555233708286316,259905.00000000003,1.0,0.7851916198251824,0.3747512267064101,11.300964224336907,2.39702267614265,10.986734312781254,2.2367123927823394,1005686.9485778201,303577.87648241676,259339.91060530563,102.50617990289804,492986.70819207927,165643.5275198047,259893.69903577567,2.397022676140878,888791.8863654152,302186.0491652317
1123,195.5161151623023,2.823363872346863,231.84675240801562,3.3480000086489365,233.51512332226642,3.5276302224872746,230.50924603385096,3.339403954806234,26.614258009402715,19.572661575724155,0.7000000000000001,1.4031641334398335,259905.00000000003,1.0,16.369163505994294,13.082513408893794,574.6344891978033,97.33074854089303,565.089394694395,102.50617990289972,2.6119114461602373,1.9374113736187852,232.52435144984716,3.8548433384290677,0.4666666666666667,0.3521048859795099,259905.00000000003,1.0,0.7984253716856424,0.3852663161750806,11.632722929355882,2.5577125472570024,11.300964224336907,2.39702267614265,1007573.0530761967,303224.6386625048,259330.36551080222,97.33074854089149,492675.0422209758,165425.58435199654,259893.36727707068,2.557712547254094,883814.0769645633,303648.0263987671
1124,195.3249449820824,2.6188362963192002,231.6200589784441,3.105467228234907,233.25466519695016,3.282265148101662,230.2254609744572,3.088228731518314,26.14284657221598,19.72286343833791,0.7000000000000001,1.4031641334398335,259905.00000000003,1.0,18.16606568665825,15.04556681132441,581.911270083361,91.54580397145614,574.6344891978033,97.33074854089303,2.6343676458071026,1.9362581472465181,232.19783483824133,3.613398121127111,0.4666666666666667,0.3521048859795099,259905.00000000003,1.0,0.8188190421891499,0.4067503823503375,11.984875304878367,2.7596831627405125,11.632722929355882,2.5577125472570024,1008397.0287674291,303175.35787029174,259323.08872991666,91.54580397145534,497958.1422572459,170911.16333280507,259893.01512469514,2.759683162738449,874596.0988956981,305982.1947742225
1125,195.15416523349003,2.4307209578799944,231.41754490130185,2.8823963373371333,233.02274868371035,3.0191817135526833,229.98752125643588,2.8445566858934006,26.22526828419906,19.73045225469863,0.7000000000000001,1.4031641334398335,259905.00000000003,1.0,19.432101379984747,15.721402960117391,588.0044369875753,86.00350409719567,581.911270083361,91.54580397145614,2.5587004868112233,1.9218242358898867,231.89875893725173,3.3222607265487296,0.4666666666666667,0.3521048859795099,259905.00000000003,1.0,0.8355159673985109,0.41369990177153143,12.35372460561021,2.9926612448097343,11.984875304878367,2.7596831627405125,1005837.2412097808,303112.33861239365,259316.99556301246,86.00350409719513,499012.3582726791,172083.77186280838,259892.64627539442,2.9926612448078687,864471.0911313414,306756.68776750413
1126,194.96913073798393,2.230557565129551,231.1981272085994,2.6450386521878753,232.7767324867747,2.7524668168680315,229.7448695545979,2.578410362516966,26.70873076752747,19.833721452332053,0.7000000000000001,1.4031641334398335,259905.00000000003,1.0,19.77614606921436,15.662288913943266,594.2370216858885,80.53174724514717,588.0044369875753,86.00350409719567,2.4670824270517278,1.8916899528199338,231.6070438193531,3.011545761129348,0.4762254575434126,0.3509280752840855,259905.00000000003,1.0,0.8280873576731859,0.419893592827614,12.705586505739983,3.1654974009904002,12.35372460561021,2.9926612448097343,1004795.7206477504,303272.9805093036,259310.76297831413,80.53174724514582,497524.9145876658,170905.98186970272,259892.2944134943,3.165497400990537,862440.9678354657,306855.7645792282
1127,194.75459133993223,1.9944479521466982,230.94372192719203,2.365055089692638,232.50785541298882,2.4798893418218158,229.49182236993983,2.291141274092473,28.421786563319237,21.434633849788305,0.7000000000000001,1.4031641334398335,259905.00000000003,1.0,20.034647460858157,15.553776015995261,601.9241607883496,75.95912923878798,594.2370216858885,80.53174724514717,2.3729543222358007,1.8699205401695311,231.30377278770771,2.679380285266286,0.5414042788569211,0.45139175300044815,259905.00000000003,1.0,0.8194795008537261,0.4278744326186082,12.983661727736788,3.2092167742254896,12.705586505739983,3.1654974009904002,1004524.9789573477,303213.8415742624,259303.07583921167,75.95912923878635,494171.4227827645,167952.16340686148,259892.01633827228,3.209216774224772,864448.3457155176,307838.56305981276
1128,194.5587475031409,1.7057800721296967,230.711486339435,2.02274668124352,232.26377132375933,2.1917048209728844,229.2506445783497,1.9450571782639203,29.581090527319642,22.0079341844847,0.6713236273697624,1.408555810693748,259905.00000000003,1.0,20.896038865655946,15.646053131376137,609.9378888226435,71.92654854408039,601.9241607883496,75.95912923878798,2.3140156727862555,1.821129387749985,231.02674991202022,2.3459133069165805,0.5852093934389193,0.4881011775412232,259905.00000000003,1.0,0.8063896755268085,0.4390853999181522,13.204842009824677,3.19098415730774,12.983661727736788,3.2092167742254896,1002004.9995551686,301396.0511547556,259295.06211117737,71.9265485440802,495526.9396135596,169398.0676521805,259891.7951579902,3.190984157306438,861265.0151206641,305060.9914492206
1129,194.40391726948388,1.449316928957845,230.52788555854056,1.718627250564772,232.03674178653182,1.8589199720485372,229.03780687710753,1.5975171660305167,30.240860417061892,22.274674746474172,0.647845399210663,1.4089117896025922,259905.00000000003,1.0,22.0081024647827,15.928455179422269,617.522801375712,68.441797791659,609.9378888226435,71.92654854408039,2.2893855093978237,1.8053764718918583,230.7490784729582,1.9380215341543425,0.61151519701256,0.5055073568664458,259905.00000000003,1.0,0.8112737320867218,0.4388344639516747,13.40460054489884,3.1522446614659105,13.204842009824677,3.19098415730774,994916.9612573601,293979.0877290153,259287.4771986243,68.44179779165918,513441.88502717245,209395.78714904725,259891.59539945514,3.1522446614637953,866463.5268774317,313789.9827881695
1130,194.27882378395887,1.2410744191944374,230.3795472670557,1.471688995234459,231.8528470366692,1.6186073471081126,228.85723554172435,1.348175783857641,30.991078301163988,23.035418695988362,0.6286230517890269,1.410535595575996,259905.00000000003,1.0,23.365766623987835,16.29855212461913,624.5099312102224,67.02976661443545,617.5132425848353,68.43043030548529,2.316469480099967,1.824280211708196,230.52245872787688,1.6146357776018867,0.661728940012966,0.5585799037011169,259905.00000000003,1.0,0.8152724593920951,0.43723938426038855,13.558144064277968,3.0856800014778174,13.40460054489884,3.1522446614659105,998042.6746583229,300687.74017656466,259280.4900687898,67.02976661443499,546591.8314499457,297198.73289779044,259891.44185593576,3.0856800014762777,885509.0702327274,364066.8296242889
1131,194.17191616025434,1.0163501772530446,230.25277423905752,1.2052064245667191,231.68136174361908,1.33413254971393,228.70583057074427,1.0787370064202577,31.471678413839015,23.309209521834674,0.6128851248085841,1.412755271104125,259905.00000000003,1.0,24.39724284795787,16.627565174949137,630.9540967843652,66.48460612915041,624.4925463432926,67.00856205765041,2.3170005524910606,1.8244864633858981,230.341648385831,1.3329077090758552,0.7088827838652867,0.5901399221167907,259905.00000000003,1.0,0.808987549533431,0.43506929678544576,13.658248829946112,3.033792374968417,13.558144064277968,3.0856800014778174,1001663.0675461913,307389.42516505846,259274.04590321565,66.48460612915113,577448.4998423816,355457.38262307295,259891.34175117008,3.033792374966284,904342.3583546679,401483.9009797552
1132,194.09833789334235,0.8701360456346123,230.16552383561185,1.0318230211899064,231.5474499143282,1.0989100509170893,228.5944014268946,0.8585347633403664,31.539413374589962,23.33579436277675,0.4375005550953197,1.0838501478189457,259905.00000000003,1.0,25.316679312081426,16.682262449663906,636.7155379757081,66.49294935888972,630.9303044682948,66.45620415235753,2.305350741328292,1.8223209950988093,230.1983436108304,1.0572128711268265,0.7072726083234551,0.5897798592599296,259905.00000000003,1.0,0.7977995923210857,0.43316718995531,13.748775813943743,2.9843305117756453,13.658248829946112,3.033792374968417,1004345.4754681495,311907.42086244933,259268.2844620243,66.492949358889,602450.6246752318,382993.18867146055,259891.25122418607,2.9843305117732934,918830.9716635591,425035.84440497914
1133,194.05992022659,0.8091460381283517,230.11996753840685,0.9595000334284882,231.4493522864862,0.9381640546199804,228.5116899109197,0.7220155832891821,31.560945314489622,23.339041353505756,0.30445726219375674,0.831897391161174,259905.00000000003,1.0,25.98688490336879,16.431193342346294,641.9561028329047,67.11658485016451,636.6864996839776,66.45985982618404,2.2852632347237463,1.8316538767641115,230.06085816272818,0.8069877290482321,0.6903532089820238,0.583234227825455,259905.00000000003,1.0,0.7921561503332301,0.434936538215166,13.85057875529495,2.9150604360443464,13.748775813943743,2.9843305117756453,1000981.460687653,307442.46570766356,259263.0438971671,67.11658485016355,622134.4496962405,396692.1783157508,259891.1494212447,2.915060436042447,926529.4164654511,434470.90360492
1134,194.02295336303357,0.7743084478283858,230.0761315601274,0.9181890818372624,231.3896403091134,0.8783085819383176,228.453257984303,0.6421453704279808,31.91293512481902,23.34210701515142,0.2050894176812315,0.6156646029978728,259905.00000000003,1.0,26.364384205110262,16.19374898101305,647.2662310015988,68.43318479224004,641.9227694995714,67.08060984129935,2.3513296105586488,1.8391980110298025,229.96560475576518,0.6747009077443694,0.6704584681868526,0.5774912335115701,259905.00000000003,1.0,0.7613851437790453,0.4463380651549762,13.941505430887142,2.8412017916427867,13.85057875529495,2.9150604360443464,998437.8478252231,305521.5940625221,259257.7337689984,68.43318479223913,633674.2571462818,397130.1141934567,259891.05849456912,2.841201791641061,928616.3892328927,435738.3981762731
1135,193.99055749954644,0.7587506187732898,230.03771587103404,0.8997404655135135,231.31910886957294,0.8312428549747859,228.409429780197,0.5800053649278142,32.156048610232766,23.204893562585777,0.1237339075117559,0.40223062565179846,259905.00000000003,1.0,26.487527058071986,16.0770033480213,652.7776853129146,69.84139748942225,647.2328976682655,68.40057931973925,2.3888284280303216,1.8329024314026798,229.89162967332578,0.6333457125005424,0.643620584135295,0.583499258228198,259905.00000000003,1.0,0.7361919744099701,0.46025395237683164,14.034076821161818,2.759943859163651,13.941505430887142,2.8412017916427867,992865.283747881,305906.05855458643,259252.2223146871,69.84139748942223,637318.3770238108,395043.5280531029,259890.96592317885,2.7599438591612575,924825.911834987,435969.1920873567
1136,193.95426081475932,0.7722116874810683,229.99467447704177,0.9157031646609787,231.2568062883235,0.8169743762265155,228.3619569937124,0.5336708235547883,32.64185682353135,22.924192335015007,0.05712564940365771,0.10035844742672437,259905.00000000003,1.0,26.641095138503687,15.88346300953873,658.6879880152053,71.79213778702342,652.7443519795812,69.81217210515567,2.420520520159728,1.819923563865418,229.8416134463092,0.6206941250572084,0.6563662639757154,0.5903706088226001,259905.00000000003,1.0,0.814669943293477,0.6003387248995122,14.19238050047958,2.653014831328445,14.034076821161818,2.759943859163651,1004894.8811300244,308518.9668829691,259246.31201198482,71.7921377870241,647249.1544872604,388967.96376473515,259890.80761949954,2.653014831326107,936280.9264639793,437509.7623093369
1137,193.9037440773048,0.8165298220315809,229.9347706026714,0.9682570008951535,231.197229115243,0.8383376773984857,228.33490192421354,0.5499599558286913,33.16044911247145,22.571176126261516,0.06237162506380529,0.10137750581826557,259905.00000000003,1.0,26.745727152768204,15.74383475883556,665.0070050165114,74.30138995779429,658.6546546818719,71.76654670442402,2.42482440327724,1.8181583158853918,229.7968748847207,0.6413569092500923,0.6547169275684857,0.5886482431863634,259905.00000000003,1.0,0.9111151251337507,0.8087930843280619,14.448778698044844,2.5624683021441736,14.19238050047958,2.653014831328445,1010769.1573494548,310207.48987523396,259239.9929949835,74.30138995779254,653573.3968227035,385045.0997874552,259890.55122130198,2.562468302142222,942365.5522264561,438088.0798051315
1138,193.82865819715255,0.9400339006512447,229.84573205366587,1.1147114124889208,231.12329156147632,0.915804182029562,228.28457006268857,0.6264079708927958,34.30184751762876,22.037870179232318,0.06666666666666667,0.10137340688573189,259905.00000000003,1.0,26.92257173552621,15.508136352260253,672.2862807986139,78.07029728548852,664.973671683178,74.27959694144471,2.4665832882501837,1.8067382297516046,229.74261445233816,0.6980661466123782,0.6699583212984854,0.599252840738587,259905.00000000003,1.0,0.9900777614925809,0.9006462981177524,14.76889813823894,2.51964511150434,14.448778698044844,2.5624683021441736,1029286.8800282702,320197.2330214408,259232.71371920142,78.070297285487,669949.3696122367,377634.29564609565,259890.23110186178,2.5196451115033174,962924.1809342846,446122.3520768298
1139,193.74448278923543,1.0804671406150412,229.74591532407834,1.2812398401727807,231.02754260300858,1.0645031973853607,228.21166429305282,0.7511438940927676,35.32499880278364,21.3058417629883,0.06666666666666667,0.10137340688573189,259905.00000000003,1.0,26.80729116615071,15.633760814793549,680.7039884352469,82.37369094966697,672.2529474652805,78.05277259256893,2.5264769730381467,1.7858226567564466,229.66522932813334,0.8181242385072631,0.6859534017110182,0.6030688546546842,259905.00000000003,1.0,1.0904362381459305,1.0799054108543973,15.173380974673853,2.718182421550311,14.76889813823894,2.51964511150434,1055990.5266660822,325510.7575596813,259224.2960115648,82.37369094966472,725844.9688799563,426589.6671899987,259889.82661902535,2.718182421549044,1022983.0632059207,513978.8645683486
1140,193.67450093542342,1.1904666618669038,229.66292938510102,1.4116794729915554,230.94058185232038,1.200558931935634,228.1393941523831,0.8622840356741411,36.14663698028457,20.55676400800497,0.06666666666666667,0.10137340688573189,259905.00000000003,1.0,27.319618383712946,15.382798545316575,689.4310070318185,85.45511002989826,680.6706551019134,82.36060638056956,2.569471466458477,1.7603542484587102,229.57973301124719,0.9491518170569508,0.7277254385729516,0.630523705625653,259905.00000000003,1.0,1.220396763697816,1.2859658347514136,15.666052299798716,3.1786512202989345,15.173380974673853,2.718182421550311,1085975.3285642473,322575.00302787195,259215.5689929682,85.45511002989645,782984.8044058838,467969.2476758867,259889.33394770022,3.1786512203000106,1081981.2758756496,553404.8234524361
1141,193.59237439538688,1.3038057771613685,229.56554228789528,1.546078742741323,230.85427864084437,1.3304426505473081,228.0651185951107,0.9773908815353206,36.952812716645816,19.759315919790787,0.06666666666666667,0.10137340688573189,259905.00000000003,1.0,27.653047314479306,15.183565781693655,698.6307724339849,87.4687822473827,689.397673698485,85.44601931206262,2.6081888630807217,1.7285146442608594,229.50973454733762,1.0573552414739769,0.7478595591864757,0.6288954652988639,259905.00000000003,1.0,1.2820758253164557,1.3248285020668793,16.17159219329846,3.6521567105335824,15.666052299798716,3.1786512202989345,1108248.414351881,306826.5484914306,259206.36922756603,87.46878224738259,831578.7413644273,483561.89554600266,259888.82840780672,3.6521567105364188,1131639.3564343296,562923.6119692225
1142,193.53551390387335,1.3724533416066882,229.498116165721,1.6274818207304897,230.76675553561975,1.4476510226571373,227.97387229821652,1.0965890394637126,37.628553049360534,19.102347194782475,0.06666666666666667,0.10137340688573189,259905.00000000003,1.0,28.040741324584587,14.88000573071638,708.0803489952539,88.68474471899559,698.5592039371446,87.39513774013444,2.6408786434357614,1.6958228215434876,229.4290230036054,1.1538068480648196,0.7713769482109731,0.6129544684352322,259905.00000000003,1.0,1.35070129457683,1.3471419578580368,16.698761938874977,4.1560538204766475,16.17159219329846,3.6521567105335824,1126915.6710411378,286332.74962785107,259196.91965100478,88.68474471899665,892829.7131405611,523260.79103653,259888.30123806116,4.156053820481201,1191635.7702788147,585396.5143133111
1143,193.46454822508832,1.4318279460837433,229.4139636975748,1.6978890991909577,230.66263256676012,1.5545332186510632,227.88757686091395,1.1764978850315724,37.87577008478318,18.77931070534928,0.06666666666666667,0.10137340688573189,259905.00000000003,1.0,27.845598474606636,14.944448750677923,717.9409811377113,87.69878900984504,707.9774761942015,88.56605563823392,2.653576841339749,1.679754081140974,229.35135269269264,1.224358893586652,0.7871148751914159,0.5983532985433836,259905.00000000003,1.0,1.39732828582796,1.3539610412227252,17.23759840130055,4.675490776889772,16.698761938874977,4.1560538204766475,1140216.007692314,266795.5675003593,259187.05901886232,87.69878900984904,938152.2679064982,536641.4107444261,259887.7624015987,4.675490776895244,1240300.916051781,578120.5156873182
1144,193.3508554534668,1.493927449678327,229.27914460488014,1.771527458015257,230.53233883405355,1.6310205493781957,227.77665847198298,1.2393441119122373,38.113981978153724,18.435569435361288,0.06666666666666667,0.10137340688573189,259905.00000000003,1.0,27.486977361934322,15.090145832347025,728.3728164896495,84.08224076465908,717.8124785400967,87.55011758250954,2.652433141473088,1.6814078498122738,229.24925420130916,1.2755440306656003,0.8573527452604754,0.6258147485992711,259905.00000000003,1.0,1.4249537895507223,1.3411390790094058,17.71808457039938,4.996395524666226,17.23759840130055,4.675490776889772,1156647.379372861,241783.86439651917,259176.62718351037,84.08224076466468,964906.4069902486,528844.9349508383,259887.28191542963,4.996395524672573,1275227.4546768586,555302.8190287423
1145,193.23104106135384,1.5748291038997004,229.1370665408434,1.8674616665641872,230.39924054537676,1.6522130484343593,227.65766513178374,1.3047241088475396,37.10713155611987,18.335781045509,0.10490183017365028,0.22104430284370058,259905.00000000003,1.0,27.166517121768635,15.320584797620322,738.0590425935718,82.01703583307692,728.2233299893942,83.91205201641449,2.951335759045097,1.9910867283966418,229.12666027880195,1.2631574627442201,0.8947504107019283,0.6240614009977405,259905.00000000003,1.0,1.4299892257877582,1.337129136162849,18.15332338548521,5.175216117969093,17.71808457039938,4.996395524666226,1192572.2424810117,238194.09248081833,259166.94095740645,82.01703583308225,1002241.0447619344,525975.2269493841,259886.84667661454,5.175216117973312,1323180.8319159455,546108.9524801283
1146,193.10047219544578,1.6435732231535662,228.98223544124065,1.9489794951667572,230.2560455309247,1.6779335924932146,227.5451358541743,1.3582906046287202,35.93679273202876,18.181515990417115,0.44208744244165166,1.8402452324916365,259905.00000000003,1.0,26.629913503764467,15.592995467324672,746.7571677127278,80.67984965320568,737.8923759269052,81.8340933842066,3.1960565242268073,2.115937329021823,228.9976124916746,1.276968796377868,0.9253690294921673,0.6130003212342761,259905.00000000003,1.0,1.428069584059449,1.3386337571968503,18.55602394005249,5.280576189060935,18.15332338548521,5.175216117969093,1227749.6124869112,262740.08334808884,259158.2428322873,80.67984965320981,1029986.7479497897,526465.6595965723,259886.44397605996,5.280576189066401,1366609.9722753318,544741.1983149174
1147,192.96535846005966,1.755798919948677,228.82201469039438,2.0820591821476495,230.10458401657502,1.7434095946675747,227.43009835384322,1.4387840277079733,34.18224873127047,16.333452617527726,0.7181516727008928,2.328162444816376,259905.00000000003,1.0,26.148381827739403,15.911219027593384,753.9062162768913,81.78610186519523,746.5905010460611,80.5124969599382,3.3712570506136235,2.1532475679420187,228.85471259329108,1.3239180659215366,0.9504374343125074,0.5971574830541351,259905.00000000003,1.0,1.4446248390337921,1.3280449157699687,18.950211344773777,5.354765618326433,18.55602394005249,5.280576189060935,1259031.1399276752,301672.1034403521,259151.09378372313,81.78610186519872,1049129.8874852173,519565.69168731914,259886.04978865525,5.354765618331325,1394998.2802618768,544511.1112051524
1148,192.84792871765987,1.8644433925873867,228.6827642291105,2.210891855375174,229.967725616146,1.8575159093970515,227.3112490531114,1.5438279140530724,32.904188051017705,15.264737960500515,0.9537327387156805,2.5952379211607632,259905.00000000003,1.0,25.957646883866044,16.091680332921783,759.7323580386605,84.47057255571458,753.7395496102246,81.63611746111113,3.4477875733847387,2.2078048182461716,228.7130514904192,1.4538548181938704,0.980520499146274,0.5782613507626005,259905.00000000003,1.0,1.471254408929092,1.3099524556209388,19.340945254556594,5.396726014992445,18.950211344773777,5.354765618326433,1289980.7906289075,329387.7499000403,259145.26764196137,84.47057255571693,1081203.6932604318,515079.5425597744,259885.65905474545,5.396726014996209,1429896.5611821255,549937.6502764947
1149,192.73923483565787,1.9722655968992657,228.55387289629982,2.338749507500137,229.84331856270515,1.9944152543083238,227.19982836210488,1.677159434578398,31.85131201396512,14.773637761720746,1.1466102023048814,2.7332613836302855,259905.00000000003,1.0,25.88786321725719,16.16794161301767,764.382529966397,87.77509281134012,759.5656913719939,84.33727442899192,3.4400174471433527,2.198041245723744,228.58773347090585,1.6000734576419413,0.9936103244731916,0.5625488873282766,259905.00000000003,1.0,1.4930568567436138,1.2976534089188192,19.740391786827015,5.443152242009521,19.340945254556594,5.396726014992445,1317975.2012327479,352627.5666209937,259140.6174700336,87.77509281134134,1109790.3305987134,506973.3988663062,259885.25960821318,5.443152242012842,1462935.8326040893,555884.5720040229
1150,192.62434876258806,2.0779498188833663,228.4176387286382,2.4640719128838997,229.71075581246902,2.1473070637974474,227.08745673704107,1.797063403181631,31.935466270470325,14.758837197565027,1.2904589827369912,2.7839252709439375,259905.00000000003,1.0,25.540547340256584,16.513809486940907,769.320323247207,91.84783795694523,764.2158632997304,87.65596759959651,3.2768508894241313,2.140956193227007,228.44536142238505,1.7700405758223883,1.00784384966677,0.5492935040740383,259905.00000000003,1.0,1.5109071912617404,1.2852049834295607,20.143455128421987,5.469044459069419,19.740391786827015,5.443152242009521,1344886.304991011,367630.512133581,259135.6796767528,91.84783795694655,1129322.975124574,497049.51028891373,259884.8565448716,5.469044459072115,1495744.4140737536,556922.5849272816
1151,192.48211051610744,2.161286977927962,228.24896995349275,2.5628945214577517,229.54635585246953,2.288205094908163,226.95645188405928,1.9060013402151803,32.519897778292695,14.601217949705383,1.3148225401506306,2.775427673597934,259905.00000000003,1.0,23.93489796388444,16.170511766553467,776.423833854798,96.94730942133747,769.1536565805404,91.74328183843011,3.114585038115293,2.103040927538183,228.29633193687502,1.9240987915873837,1.038614856220955,0.5300119717199768,259905.00000000003,1.0,1.4716855464699967,1.2904606187159988,20.47652581867103,5.506645040230014,20.143455128421987,5.469044459069419,1367734.1499276932,369743.4087748254,259128.5761661452,96.94730942133945,1149143.086332622,485936.88918519265,259884.52347418136,5.506645040231238,1534887.5706403013,544420.5357236083
1152,192.32766910587387,2.2081509705625377,228.06583058419773,2.6184663514838986,229.35588978974462,2.3805334585509352,226.79936973068283,1.9748532447420375,33.24147327498857,13.991189584912242,1.3634461064897958,2.7643542692804868,259905.00000000003,1.0,22.610744649911332,15.94686659530768,785.5244497067188,101.86990946273461,776.2571671881313,96.86090395806407,2.9922824434124045,2.115207719548722,228.12020839562706,2.0169858317832308,1.0542492347132841,0.5197532431047432,259905.00000000003,1.0,1.4290241317546595,1.3082650316375022,20.751300715712404,5.532785112625342,20.47652581867103,5.506645040230014,1391863.3793505053,368479.3729593944,259119.4755502933,101.86990946273626,1169144.8177452192,475754.7404416654,259884.2486992843,5.532785112626097,1572635.1777744477,524640.3228240528
1153,192.1683321291259,2.2524132360482367,227.8768860026879,2.6709531942143157,229.16748425576677,2.4517332750231686,226.64005487126948,2.029725071753545,34.1080174575662,13.67414093161388,1.4092980238067319,2.7523411395665374,259905.00000000003,1.0,21.11108446256405,15.229886547170558,796.9454180112475,106.49092925446237,785.3577830400521,101.80309675486166,2.878529762963017,2.1388281545117147,227.94052437094365,2.065758514588777,1.0539743076674573,0.5199607590985851,259905.00000000003,1.0,1.3905794369113873,1.3295022978575495,20.987905844956334,5.545274327800813,20.751300715712404,5.532785112625342,1421930.949671217,370508.9541162309,259108.05458198878,106.49092925446512,1192597.4908388485,463928.33691683126,259884.01209415507,5.54527432780163,1621850.6015880092,511533.38018617674
1154,191.95449143003597,2.2427537513962204,227.62330994456445,2.6594985134997295,228.92039184066584,2.469557664005843,226.46457384044606,2.0585210223964543,34.959875034833225,13.114906843899158,1.4468383986016962,2.7401095467709347,259905.00000000003,1.0,19.479271505608093,13.552363862336245,810.8125164752043,109.01739652352546,796.7787513445809,106.44551814588289,2.790894742002643,2.192634836039867,227.7466082367761,2.125092450958497,1.050232733794174,0.5240564775019134,259905.00000000003,1.0,1.33998600119701,1.353162947158344,21.17765911235917,5.556894966303497,20.987905844956334,5.545274327800813,1444085.3705562598,364404.36173538317,259094.18748352482,109.01739652352654,1217453.2112087822,458978.42122064886,259883.82234088765,5.556894966304197,1673102.4280073938,489026.00080232095
1155,191.80081883619647,2.1572356357061238,227.4410823903183,2.5580894130367056,228.71957566716233,2.359186365921708,226.28063646336804,2.0266310680628745,35.47094345034561,13.180321667804977,1.477573857928407,2.7284675281690784,259905.00000000003,1.0,19.839570813505464,14.391942108086397,824.7996485874494,107.72214106820466,810.6458498085376,108.99497613525669,2.8036392046630327,2.1878863919895557,227.54680988939234,2.10734321002463,1.0662869739526954,0.5090142005743278,259905.00000000003,1.0,1.441945462624964,1.4568436696531943,21.453317601031436,5.672569018275355,21.17765911235917,5.556894966303497,1483585.9402895884,375951.621645567,259080.20035141258,107.72214106820338,1261488.181321803,470713.6405576779,259883.546682399,5.672569018275362,1718758.6877055434,457481.06126260146
1156,191.75918265018439,2.1104312285236135,227.39170988034246,2.502588306578823,228.68190221425047,2.309636290628078,226.2049764346043,1.9589345420675903,38.21037247970509,20.299656358366672,1.4957049583971387,2.720104683149702,259905.00000000003,1.0,24.18922516761479,28.20605111665352,837.1584242744759,103.89739633546132,824.6329819207828,107.72184041910907,3.044475126277739,2.4493551527352015,227.45162635970425,2.025823016967138,1.062839317919007,0.5128067312055334,259905.00000000003,1.0,2.062696412483649,3.510582198251893,22.353174695596078,7.239114944163175,21.453317601031436,5.672569018275355,1555781.2654365012,466025.54465556087,259067.84157572553,103.89739633545942,1328845.7535299538,516240.26469196694,259882.64682530443,7.239114944162367,1759764.0693634728,428203.13023348484
1157,191.82349564508732,2.2049240700841644,227.46797389271214,2.6146403994435055,228.78257811926622,2.4814016872244418,226.25669689280483,2.0402641245903355,39.99891244953977,25.153819136662506,1.5,2.7177622479357724,259905.00000000003,1.0,28.43261158747861,35.72953424369351,847.0580584698704,101.38121827668733,836.9917576078092,103.9175915763947,3.299007647010053,2.663077796942927,227.50043760081303,2.103476772785469,1.0157391441604737,0.47957458410158793,259905.00000000003,1.0,2.580483096012068,4.30055148702277,23.817918647447673,10.102572653665662,22.353174695596078,7.239114944163175,1622491.3908920365,531881.3994787686,259057.94194153015,101.38121827668465,1388515.1193982223,531111.936075589,259881.18208135257,10.102572653661708,1789610.4880066516,406909.1136991474
1158,191.9877090701355,2.555542411467906,227.66270148874332,3.030410785485327,229.00031363666292,2.9587883918821825,226.40567470773303,2.36199950579577,41.68780118755103,27.872986644174063,1.5,2.7177622479357724,259905.00000000003,1.0,32.551551943337884,42.91329376445555,854.5276410474169,97.60825827918467,846.8913918032036,101.41874560444779,3.4736732255923757,2.8064454984397855,227.63923300068708,2.387735943820406,0.9902520569518037,0.4675702927494143,259905.00000000003,1.0,3.1477928405022304,5.042182363974499,25.31149076927009,12.054508793727843,23.817918647447673,10.102572653665662,1682139.226250181,578416.1023856453,259050.4723589526,97.6082582791829,1443043.3883811992,540716.801780753,259879.68850923076,12.054508793727036,1802833.1326769565,388885.14286292024
1159,192.2262587411237,3.0934047407169802,227.9455784742915,3.6682189168424917,229.3224084095433,3.689031013697432,226.65867241729975,2.953831895864521,43.262811176347114,29.55323315041002,1.4904412091232542,2.7226763840936425,259905.00000000003,1.0,35.82653527375697,47.19528259198196,860.3068090742171,92.93992843237821,854.3609743807501,97.66042362769365,3.7384157620948573,3.1222655963226997,227.91734982197698,3.0404987288031364,0.9789437857244312,0.4636383097700632,259905.00000000003,1.0,3.590623367498924,5.404697747726248,26.797463202187622,13.491658615986175,25.31149076927009,12.054508793727843,1735834.0272945962,605597.3193601376,259044.6931909258,92.93992843237658,1470056.5133691486,547425.5323502822,259878.20253679782,13.491658615983797,1795805.3248752817,397403.56502419704
1160,192.5354843846198,3.7383702105613645,228.31226454676457,4.43303234836495,229.72043570631124,4.478671286982141,227.01897314940783,3.7111025263236224,43.720705484302584,29.990026856470113,1.482615133070221,2.7267445052732975,259905.00000000003,1.0,38.18122541956168,49.493615819222875,864.2065661300978,88.89450378904519,860.1497011984271,92.98799320232561,3.8923180763482415,3.243653521733806,228.28261524423536,3.8189533933888304,0.9339760183841727,0.4322294443893754,259905.00000000003,1.0,3.9004350986626677,5.4991074938658855,28.26017563431698,14.454294158904558,26.797463202187622,13.491658615986175,1758604.4160814662,615420.3159617699,259040.79343386993,88.8945037890433,1469578.246817771,547245.8202744469,259876.7398243657,14.454294158901948,1760067.4755679073,423300.8187069605
1161,192.91151269369198,4.479818977866495,228.75816632696,5.312257015013595,230.18144806273793,5.3095471357728625,227.43146601097794,4.497146740648508,43.376004448102904,29.960496028770883,1.4762076839296758,2.730105073458175,259905.00000000003,1.0,39.47105713001872,50.16177071426311,866.4860239645154,85.86613858408322,864.057284330361,88.93808319239668,3.9470023240158296,3.242087355337108,228.7104898825108,4.641513977913614,0.9006760070114593,0.4035940807902478,259905.00000000003,1.0,3.9546386368693605,5.476106162276221,29.500879052077035,14.744992823884065,28.26017563431698,14.454294158904558,1775039.2940803897,617568.7340113657,259038.5139760355,85.86613858408202,1470680.8050704247,547593.4867755829,259875.49912094793,14.744992823880532,1723843.0131248366,455105.91697160597
1162,193.31869873587675,5.1643295380290315,229.24101565482601,6.1239632636903565,230.67793179685358,6.092342728136297,227.88394127562302,5.260675484834911,43.4190354128309,29.9584427317606,1.470961708269528,2.73287642316164,259905.00000000003,1.0,40.43035240382617,50.43886449539349,867.8608709146544,83.74970427247912,866.3431496139191,85.90397101903395,4.0184690577978746,3.231885653668793,229.1816009890122,5.458309323181855,1.005700167373783,0.6887691605183993,259905.00000000003,1.0,4.005059048755552,5.452083036000678,30.433571266792136,14.580173719959705,29.500879052077035,14.744992823884065,1785767.0761985076,616271.9493417738,259037.13912908538,83.74970427247541,1472206.5689641351,547332.601861517,259874.56642873323,14.580173719955908,1690884.897864245,485793.4931322827
1163,193.72934176588763,5.742852139528357,229.72796452917527,6.809987292124263,231.18862352389147,6.779209009856219,228.36915136324745,5.952275692419698,43.86296510082967,29.932265188728127,1.5240194119271422,2.7213484814532674,259905.00000000003,1.0,40.937311939414606,50.40381020085438,869.1248762892061,81.79231169136263,867.7232425397182,83.78136709723104,4.161475019934553,3.196378848462243,229.71904106418856,6.248426873259228,1.097728985509345,0.8145487183909309,259905.00000000003,1.0,4.003151341736201,5.4533331163449175,31.272326956352327,14.286502180546403,30.433571266792136,14.580173719959705,1792365.500953833,612488.1621169779,259035.8751237108,81.79231169135905,1471494.1925350341,547753.4909624892,259873.72767304367,14.286502180543662,1662787.4876999285,517712.62568631367
1164,194.18140755910133,6.2896043866330515,230.26403328563367,7.458336971503037,231.71622249564334,7.385355415353544,228.8741294918497,6.574492741032125,43.896025667883606,29.92521418833339,1.561417077368595,2.711450368961804,259905.00000000003,1.0,41.95041976703083,50.313747574310305,869.3757317793569,81.39481580884478,868.9915429558727,81.81914304588992,4.140772698489755,3.202736088818665,230.26403259144814,6.913422972195995,1.1695593264403383,0.8578901097602447,259905.00000000003,1.0,4.021697682146378,5.440734520150027,32.0577986453917,13.889510659795326,31.272326956352327,14.286502180546403,1797917.8345925866,607530.0364107346,259035.62426822065,81.39481580884241,1479839.2837983114,539256.8716116723,259872.94220135463,13.889510659793489,1641349.0430147857,549278.0290737238
1165,194.64556422710166,6.762374949932705,230.8144397088479,8.018957589541914,232.25843153285405,7.8986687510705496,229.37694232603675,7.108817720556643,44.142998243157194,29.77687784675684,1.678064814049547,2.727635185236705,259905.00000000003,1.0,43.226271867570446,50.0516673769058,868.4810600075608,82.88862902502889,869.2423984460236,81.422203108348,4.147447792723587,3.1996959101239217,230.83531496357338,7.503071990236772,1.2389184835026545,0.8549577987176535,259905.00000000003,1.0,4.036882141397243,5.430120717999341,32.78909563661962,13.421154092314762,32.0577986453917,13.889510659795326,1806197.9630486064,596342.544079884,259036.51893999247,82.88862902502905,1494499.5784816192,516375.44541401986,259872.2109043634,13.421154092314,1630553.8464128324,568336.5593244032
1166,195.13745420753241,7.17425557717942,231.39773289957017,8.507373677361139,232.81111629436847,8.341645539010349,229.89534170752714,7.571921462293505,43.98810890647793,29.882081377468896,1.7735679033471852,2.7239727704837833,259905.00000000003,1.0,44.62085895044479,49.657962349467134,865.9414087269134,87.16273400639567,868.3477266742275,82.91403460273872,4.149396415006506,3.1984594957775876,231.40147658333842,8.004894824251526,1.257469794890155,0.8589245963340617,259905.00000000003,1.0,3.966801489910084,5.459220087436336,33.43176066497288,12.980489067673833,32.78909563661962,13.421154092314762,1797211.1472275662,607045.0440789441,259039.05859127312,87.16273400639915,1503720.2809372887,501353.4843763671,259871.56823933506,12.980489067672607,1610013.1138582078,596403.8382239601
1167,195.6700726831365,7.554558847512376,232.02932264982766,8.958344364130978,233.40632895013036,8.763949027056626,230.45166216461325,8.000512088035334,43.5182687945762,30.287419268461466,1.8517592195691142,2.7096097458279504,259905.00000000003,1.0,46.31814917681488,49.22660425243835,861.1564357917723,95.33509244076953,865.8080753935801,87.18287629155307,4.133409398765605,3.211953419142612,231.98382618021307,8.437884944451309,1.2495781140343758,0.8603112211071188,259905.00000000003,1.0,3.867672659188811,5.489613370153324,33.98318854346065,12.616805691975419,33.43176066497288,12.980489067673833,1789318.5642828504,616782.0343064419,259043.84356420825,95.33509244077356,1514079.21181672,483058.8791643731,259871.01681145656,12.616805691973566,1592120.8552739392,620694.5765286898
1168,196.26212001014517,7.892221057586057,232.73138422112845,9.358750106900436,234.05421516973746,9.149391835034617,231.0629267496713,8.394144968221262,42.334469392520994,31.081841332618605,1.894677958907581,2.691515518478608,259905.00000000003,1.0,47.70470254499589,48.7329081155861,853.7581913470565,106.87612176574635,861.023102458439,95.34658660463312,4.057469794890156,3.275924520489093,232.61843211954624,8.855258051653593,1.2396004695782605,0.8615558440658613,259905.00000000003,1.0,3.7925551451913777,5.515889900537984,34.4694765524071,12.29983019384385,33.98318854346065,12.616805691975419,1770902.3754160712,634870.0711731132,259051.24180865297,106.87612176574936,1519279.6521388185,475220.73186008213,259870.5305234476,12.299830193841306,1566202.3355127077,643594.3264423402
1169,196.8884141980914,8.191425818121344,233.4740561548433,9.713552495742022,234.7643444376923,9.49574695163396,231.74307275919287,8.788442117373371,41.30022782870543,31.835462079467398,1.9333333333333333,2.671619912058342,259905.00000000003,1.0,49.13148239190821,48.17598143032813,843.860270117187,120.80584876949321,853.6248580137232,106.8768274002,3.973107787020409,3.3416564155808275,233.3141719309853,9.243074286610206,1.231431465218761,0.8645083675748463,259905.00000000003,1.0,3.6701848984804255,5.545905637065396,34.8415633190021,12.08537019782266,34.4694765524071,12.29983019384385,1759030.7241757335,643282.189833013,259061.13972988282,120.80584876949702,1500569.0524173377,471697.04034923227,259870.15843668103,12.085370197820149,1520119.8370989817,629837.8249467289
1170,197.60871723398964,8.590199817527873,234.32820560949725,10.18642599557212,235.6031672433011,9.974006604487625,232.49268938276128,9.220640736386342,40.61893387038672,32.30935718547462,1.9333333333333333,2.671619912058342,259905.00000000003,1.0,49.860221647705885,48.0010316892308,832.5523156732012,135.69268191461077,843.7269367838537,120.79517153981874,3.9387566976470123,3.3659586049339856,234.066006231803,9.623845534612816,1.2629784136345943,0.8997030186093857,259905.00000000003,1.0,3.5413202416061917,5.560807964420369,35.05323848030702,11.970701326037654,34.8415633190021,12.08537019782266,1765565.739259501,641449.0182652919,259072.44768432682,135.69268191461398,1495282.035757743,467651.6379782611,259869.9467615197,11.970701326035833,1481887.3606760835,616656.0687422091
1171,198.38351798330513,8.988141148971089,235.24697926324473,10.658312220215112,236.50862491387196,10.458812350948206,233.32082714182332,9.685148610907195,40.26221994297278,32.49639982428837,1.9428921242100794,2.664968837620883,259905.00000000003,1.0,50.38222282650105,47.79097570905739,820.3560873321295,149.75500417745448,832.4189823398679,135.67168039015223,3.929749986128774,3.3722819001793303,234.89293851731398,10.051678308269375,1.3697843371896707,1.0447469087375327,259905.00000000003,1.0,3.4674631278525223,5.583305750773535,35.103368186056706,11.937158121897944,35.05323848030702,11.970701326037654,1782614.1777900127,633084.236906653,259084.6439126679,149.75500417745573,1494544.3667956258,467361.4401453376,259869.89663181396,11.937158121896005,1457639.133777979,611688.7537356173
1172,199.19445892621553,9.400952814114499,236.2086086167757,11.147832394585404,237.46286854511482,10.92301988721299,234.20270312134247,10.127884699563813,39.86536836063971,32.70859214617748,1.9507182002631125,2.659405431757416,259905.00000000003,1.0,50.804398545544,47.58972843987129,807.3712407771358,162.86708869423137,820.2609891623032,149.73253449716566,3.922375914424691,3.378106219452872,235.76778523033417,10.472684564720174,1.6413724836580021,1.7120298554033413,259905.00000000003,1.0,3.3923835954426247,5.608156863430923,34.82248236503422,12.207363785175326,35.103368186056706,11.937158121897944,1799829.1822044246,620292.2605713778,259097.6287592229,162.8670886942334,1474542.9221756854,453346.9592559453,259870.177517635,12.207363785173795,1419681.0958000384,594668.494037877
1173,200.02757520124507,9.77729180868519,237.1965340430491,11.59410242216705,238.45655941414762,11.348481952345107,235.12456442338896,10.568684861392638,39.79066854510495,32.76385966544733,1.9571256494036577,2.654770922034559,259905.00000000003,1.0,51.24058304752529,47.35948912335144,793.9004067596976,175.25616123650556,807.3074469115215,162.8481876544805,3.9304044657292034,3.3706414084321987,236.673837336319,10.872367919166514,1.8637300513430721,1.96886421252796,259905.00000000003,1.0,3.327397190685914,5.632920169637204,34.26706746985104,12.836463220110286,34.82248236503422,12.207363785175326,1814475.3650370056,604279.585010355,259111.09959324033,175.25616123650636,1457990.395591644,452136.0157207962,259870.73293253017,12.836463220108518,1388655.901580434,595082.9110943509
1174,200.92063446848215,10.134705336355857,238.25554106846863,12.017930355252378,239.4946315663445,11.75150463788061,236.09426870923713,10.982295530605102,39.728420485953116,32.81311687524557,1.9623716250638055,2.6509228804287197,259905.00000000003,1.0,51.68952272556166,47.080742210552856,779.9387688259732,186.8622049442347,793.8622426906455,175.2423233146621,3.948517792584198,3.351793214622322,237.63537754260838,11.270515581996518,1.9884282849259827,2.0989791906202644,259905.00000000003,1.0,3.295289718455694,5.648065827704213,33.56533882017503,13.745040523073392,34.26706746985104,12.836463220110286,1823059.2930144141,594363.087852414,259125.06123117404,186.86220494423645,1454202.2002283167,454816.2565704519,259871.43466117984,13.745040523072255,1365417.2417522895,607154.4758726906
1175,201.8229255653144,10.376331902128646,239.32549534216545,12.304456059129688,240.5200323556843,12.07123847812171,237.09484763915836,11.322981875725446,39.26499127524558,33.13557273934445,1.9284315031596833,2.668183348688301,259905.00000000003,1.0,52.50822956571361,46.57672621941301,764.749918865934,198.188844521213,779.9215886595617,186.8544813601974,3.652959282557765,3.2695677901218914,238.63405168496266,11.659645925062918,2.076456633030765,2.128989822555237,259905.00000000003,1.0,3.279551791475251,5.656854546309535,32.76843397861951,14.82069726771198,33.56533882017503,13.745040523073392,1805020.19458678,606617.3262012025,259140.2500811341,198.1888445212152,1437533.917600815,462018.8967175246,259872.2315660214,14.820697267711662,1327597.8651383002,606984.2131237391
1176,202.71304027094166,10.506143692796273,240.38101081602727,12.45838953121197,241.552145795269,12.27613868477862,238.10059635085778,11.576441460062082,38.74525600246033,33.546908430728145,1.5912458908916818,2.195101780601428,259905.00000000003,1.0,53.08754763030415,46.15219157320068,748.8163813471986,209.11495504087657,764.749918865934,198.188844521213,3.394384684896447,3.240398635122954,239.63999912982592,11.919785279171697,2.1239127702447207,2.1235639822706145,259905.00000000003,1.0,3.3335782028038885,5.635973132788747,31.978099411178682,15.808909868568355,32.76843397861951,14.82069726771198,1771675.3976737114,627950.2100515348,259156.18361865284,209.11495504087955,1416737.1930443628,475683.6352745,259873.02190058885,15.808909868567307,1281052.0126129577,608789.0365012767
1177,203.60675983674503,10.496230192005283,241.44080122806477,12.446633608010579,242.59277624215923,12.34003322901367,239.11535711732407,11.705353714848506,38.043420106944346,34.03270711222862,1.3151816606324407,1.811992523272763,259905.00000000003,1.0,53.51920920824674,45.785725938884454,732.0254105852637,219.0594279286956,748.8163813471986,209.11495504087657,3.1826817098263604,3.248026016555448,240.65365969245275,12.04473141664873,2.092436916283835,2.1485033714934225,259905.00000000003,1.0,3.407478316928612,5.6169273021978245,31.29314081182346,16.522351790405953,31.978099411178682,15.808909868568355,1728731.9888773274,651711.2387010515,259172.97458941478,219.0594279286992,1402188.4086832071,490734.48786461516,259873.7068591882,16.522351790404617,1236381.7255899322,618309.8070234979
1178,204.49133973074538,10.386325815349927,242.48975347713906,12.31630676392858,243.63862158353166,12.261238629279406,240.130958693415,11.698589427160137,37.33399174633565,34.4865633579317,1.079600594617653,1.4644353522450975,259905.00000000003,1.0,53.78713921060195,45.53638197557649,714.4926625263797,227.5881094763374,732.0254105852637,219.0594279286956,2.980677600988141,3.2513452933684417,241.6701187391487,12.002096077287879,2.057107875789921,2.1746231656903423,259905.00000000003,1.0,3.4679826130184956,5.599751008070142,30.704015549052034,17.040613914560208,31.29314081182346,16.522351790405953,1683946.2203806464,677246.534916052,259190.50733747365,227.58810947634066,1373572.0219988066,510879.36575070524,259874.29598445096,17.040613914557735,1181907.110021314,619046.4439327783
1179,205.35763984789048,10.15895079693914,243.51702917109685,12.046680815475133,244.67214476322198,12.026891054057643,241.15279564590327,11.55374626236866,36.77425982627568,34.85554180767906,0.886723131028452,1.1757433121462872,259905.00000000003,1.0,53.86980506560709,45.452260995281925,696.5103941560199,234.3744630128829,714.4926625263797,227.5881094763374,2.7805719439732077,3.2436348941759996,242.68612009242975,11.835454375483055,2.049281799736888,2.180753762471312,259905.00000000003,1.0,3.5175193409206194,5.584617368773223,30.172253090235763,17.432313216042044,30.704015549052034,17.040613914560208,1639027.4252039967,700035.038076251,259208.48960584402,234.37446301288736,1346876.4228595437,530838.3644027788,259874.82774690978,17.43231321604033,1124822.4378544367,616314.5835807824
1180,206.21087422118362,9.820721835044015,244.5288111726136,11.645601947166083,245.68827418917567,11.630685812759914,242.15281956149778,11.283203011417738,35.93344172304738,35.3097746287137,0.7428743505963423,0.9913077671444943,259905.00000000003,1.0,53.8803301297948,45.44053527437379,677.8206313986761,238.86730819455457,696.5103941560199,234.3744630128829,2.7353090416133234,3.2694044229295796,243.67960798216765,11.496794728523598,2.0333155597195964,2.1925901069020677,259905.00000000003,1.0,3.5676353743376903,5.567028346343745,29.706572904853857,17.72276504950871,30.172253090235763,17.432313216042044,1599280.444585441,716647.2260941474,259227.17936860136,238.86730819455835,1329727.9099816734,545003.8598131565,259875.29342709517,17.722765049506574,1070132.5934421616,609793.6678546561
1181,207.09455120542734,9.423759553471776,245.57669262309514,11.174876244313388,246.73141913165603,11.13414452912605,243.13372156017698,10.883925785463799,34.87269138559573,35.746730609838195,0.718510793182703,1.0005507651492747,259905.00000000003,1.0,54.084630280765616,45.22193503446709,657.8901817103235,240.74847128143847,677.8206313986761,238.86730819455457,2.7017673941237326,3.29035775855221,244.65037934003678,11.02286831471211,2.001125926252924,2.2128799636078544,259905.00000000003,1.0,3.6318454879801756,5.544306540579922,29.337292466581108,17.919040387425056,29.706572904853857,17.72276504950871,1574945.8643952487,724339.0085035999,259247.1098182897,240.74847128144134,1319346.81096852,551080.3926498079,259875.66270753345,17.91904038742324,1019388.963020168,598802.4026034175
1182,207.99064350355337,8.95428428978448,246.63929628776756,10.618163555422651,247.79492426700406,10.544400758571719,244.13066538416544,10.401486054456399,34.01006803949096,36.12813058566295,0.6698872268435376,0.9987818958586543,259905.00000000003,1.0,54.190037212256115,45.109614626642994,637.0403253107148,239.91842774462236,657.8901817103235,240.74847128143847,2.712540979322087,3.285173025839564,245.6646841153605,10.498139429051268,1.984330074280197,2.223037623252272,259905.00000000003,1.0,3.6773833173858868,5.521443172585902,29.0303457096868,18.06982402805409,29.337292466581108,17.919040387425056,1553903.7249054313,729042.2241285008,259267.9596746893,239.9184277446249,1311850.0343888977,553964.8447628178,259875.96965429033,18.06982402805127,973419.0722358319,585693.360355427
1183,208.90537925400164,8.356485079539038,247.7240076013589,9.909281546712537,248.8703195229531,9.817905230174578,245.15206017606982,9.810002857235045,32.79511618125885,36.46906138206144,0.6240353095266017,0.996841553045122,259905.00000000003,1.0,54.21140688664033,45.086423844461514,614.9999992958067,235.44127795542553,637.0403253107148,239.91842774462236,2.7223523019061755,3.2797058517986124,246.68595466571065,9.869807572562642,1.974095276391992,2.2299901309517227,259905.00000000003,1.0,3.7337841205022526,5.49251156994809,28.79003455379706,18.177001949468288,29.0303457096868,18.06982402805409,1528630.488603976,730416.0554510922,259290.00000070423,235.44127795542477,1302968.1706312648,556232.5659003393,259876.20996544624,18.177001949466074,915442.3326278153,544512.1465148267
1184,209.8822618233294,7.6243829491539135,248.88241363093582,9.041140608704024,250.01153941876413,8.915903901061627,246.21209598057237,9.092294917867289,31.733486195277756,36.750362819864286,0.5864949347316373,0.9984826484907502,259905.00000000003,1.0,54.67311441627957,44.688492189581964,591.4738761400732,227.58499520514133,614.9999992958067,235.44127795542553,2.744451064018185,3.2645651332513586,247.76198517747008,9.074395970096914,1.9752745234861266,2.2291620827878855,259905.00000000003,1.0,3.79907877426541,5.458129651315976,28.613838804576343,18.24793077961658,28.79003455379706,18.177001949468288,1515866.944803118,731251.7079204402,259313.52612385995,227.58499520514223,1293430.1791535444,555384.7375077455,259876.38616119543,18.247930779613785,855933.9870856642,494062.3944493321
1185,210.89135633454384,6.981976704495822,250.07901705496067,8.279362545778625,251.1928091137559,8.08307326270235,247.33343540011063,8.29199399908133,30.738747041317318,36.79650772596783,0.5557594754049264,1.0019823486926878,259905.00000000003,1.0,53.56050170441266,45.054502758099666,568.096362001573,218.09291267483627,591.4738761400732,227.58499520514133,2.711233563134501,3.27535265771322,248.90597874660273,8.205634189109581,1.9606389102400927,2.2383547437491402,259905.00000000003,1.0,3.7247567512691773,5.466227383048519,28.377956645605426,18.3054238459096,28.613838804576343,18.24793077961658,1494983.9786631647,721068.9199425558,259336.90363799845,218.09291267483684,1272068.3272875103,538554.6595666629,259876.6220433544,18.305423845906784,803872.3719719633,441825.9711477415
1186,211.8061396035252,6.394387322979807,251.16378425308733,7.5825873833076685,252.281118544002,7.458840552827867,248.40157751623227,7.594522384963053,27.991715847327043,32.758629048434315,0.5376283749361948,1.007111896855489,259905.00000000003,1.0,49.07468203890175,41.399913525672446,546.4757674350622,207.24888952115262,568.096362001573,218.09291267483627,2.483302765208969,3.055326125568503,250.03744131195052,7.502617155362448,2.0321595758914004,2.2232966971412953,259905.00000000003,1.0,3.1397086957136,4.652935077396066,27.485505765427625,18.0542083710722,28.377956645605426,18.3054238459096,1445188.6424042932,654144.4782145591,259358.52423256496,207.24888952115106,1230417.5129439267,474597.577243581,259877.5144942346,18.054208371069716,760015.6015446057,374112.4067060045
1187,212.65876406184648,5.873489095045805,252.17484236272412,6.964895475811472,253.27898036037138,6.939947404176256,249.38518130217463,7.024744204583039,24.832472115866246,27.10763906617006,0.5333333333333333,1.0091879446209142,259905.00000000003,1.0,44.97032276800899,37.50818073094631,525.8045834495861,194.56401779829966,546.4757674350622,207.24888952115262,2.22527013552921,2.7962423962018588,251.07365508123473,6.964849495355946,2.0776404708179763,2.208402236697905,259905.00000000003,1.0,2.6607118606017726,3.9922821000979622,26.068577155211422,16.93037366620692,27.485505765427625,18.0542083710722,1394975.1130290502,578936.6806101018,259379.19541655044,194.56401779829875,1194893.5544525268,422631.95150691073,259878.93142284482,16.930373666205732,721840.2307398231,301534.87078057736
1188,213.40661814423544,5.529742831233967,253.06166219281104,6.557273976591404,254.15675422065664,6.587020968255188,250.2817162884242,6.585291119321172,22.143976801863275,22.184700983087083,0.5333333333333333,1.0091879446209142,259905.00000000003,1.0,40.53278621335994,30.897339397966203,506.882440704756,182.72655955843004,525.8045834495861,194.56401779829966,1.9984097872053292,2.563154699583739,252.028096993611,6.505005644606052,2.1053182872951264,2.1974844410174192,259905.00000000003,1.0,2.137245174378976,2.8859831004981435,24.66447270402328,15.633609966831905,26.068577155211422,16.93037366620692,1349868.1740293468,499619.23014729685,259398.11755929526,182.72655955842876,1164480.9262758978,367775.8855893901,259880.335527296,15.633609966828413,703799.1173286128,269725.45709502697
1189,214.06299237469153,5.272290140529042,253.84000361316004,6.251981685624461,254.90730893279175,6.347353860698575,251.08383597780158,6.287025777613141,19.642439497495722,17.29561941293074,0.5333333333333333,1.0091879446209142,259905.00000000003,1.0,36.50242707717187,24.70594311372388,489.48911979174653,171.48784115241028,506.882440704756,182.72655955843004,1.6692903802273964,1.921677219441488,252.84367576762523,6.227459658728274,2.11490369330026,2.19299064545816,259905.00000000003,1.0,1.7016339348645264,1.7886480124941082,23.27691009444451,14.138867059682765,24.66447270402328,15.633609966831905,1300491.6773469446,417370.8370029876,259415.51088020828,171.4878411524097,1136597.7457529115,332901.2878259616,259881.72308990557,14.138867059680159,690757.3911447647,252127.2839040727
1190,214.62366985755423,5.044401343590376,254.50486586195802,5.981747148886662,255.56551777668633,6.124648574603909,251.78728380846155,6.066732509031638,17.576574831482166,13.361836111178546,0.5333333333333333,1.0091879446209142,259905.00000000003,1.0,33.11934854427724,19.589008934209858,473.4130127456181,160.7776876156357,489.48911979174653,171.48784115241028,1.4078538226530886,1.4216628567510774,253.5546264821397,6.000082969579984,2.1297845252694247,2.183742120077784,259905.00000000003,1.0,1.3906998910857833,0.872961200678742,21.941572108410003,12.509123908145531,23.27691009444451,14.138867059682765,1258625.6650335072,369389.03715118626,259431.5869872544,160.77768761563385,1117786.8696172296,317823.6347560181,259883.0584278916,12.509123908143096,689773.2562758273,251118.23240514848
1191,215.10169586077345,4.895532579223204,255.07171838907246,5.805215805245672,256.1312070235014,5.933401865770078,252.41039209952538,5.874617896937855,16.441487715261886,12.74796727331558,0.5333333333333333,1.0091879446209142,259905.00000000003,1.0,31.20992165095128,17.191801418881955,458.1112454765954,151.44600258089554,473.4130127456181,160.7776876156357,1.2676538085544116,1.292408183643249,254.17283283848326,5.803439659777138,2.1138360588658704,2.195765613478264,259905.00000000003,1.0,1.3320609983806107,0.8555135899959128,20.87305626002259,11.266628315905155,21.941572108410003,12.509123908145531,1220117.0230981468,338523.4150952811,259446.88875452345,151.44600258089247,1095069.249945315,302181.3586930768,259884.12694374,11.26662831590409,688525.3949336389,250511.14622441362
1192,215.53178713030997,4.728510671676919,255.58172899160516,5.607158173517854,256.6550987275243,5.750752300473914,252.97827338677175,5.694578624640164,15.271160216032696,11.83695183886925,0.5333333333333333,1.0091879446209142,259905.00000000003,1.0,29.544243672444846,15.832819227110594,443.30482868684993,142.18256790065197,458.1112454765954,151.44600258089554,1.1261726869222004,1.1371111677904355,254.73796367381692,5.650085617043647,2.0087071328354025,2.1796605427226736,259905.00000000003,1.0,1.2744927427197,0.8518349587727382,20.105508536573556,10.579668591963229,20.87305626002259,11.266628315905155,1187486.6754371244,320496.27415036736,259461.6951713132,142.18256790064737,1084186.482902036,296503.40696884226,259884.89449146343,10.57966859196168,690017.4129648057,251265.76813238463
1193,215.9822129821128,4.538454623898026,256.11585245400147,5.381786497405679,257.20536647003564,5.578393653138932,253.5253309333149,5.500837192325911,14.186534773994644,10.031442942973502,0.4759805880728579,0.9880589294886161,259905.00000000003,1.0,28.7031193641752,15.657221315801445,428.3122635085965,130.48178630953555,443.30482868684993,142.18256790065197,0.960017961693491,0.7938281930793405,255.25535588095642,5.515348253760374,1.9165925398254642,2.176122740365671,259905.00000000003,1.0,1.2826329066839581,0.8455351844126121,19.438215570098716,9.991209999099627,20.105508536573556,10.579668591963229,1169200.5070181952,314848.6732140653,259476.68773649144,130.48178630953223,1082168.890204504,296256.89542446285,259885.5617844299,9.991209999097785,693483.0725371826,252185.9619254484
1194,216.47708270307746,4.419998997953133,256.7026782958507,5.241319564167177,257.8142013371164,5.447536938305974,254.12752570305645,5.370540504864643,13.465872933375428,8.966502277108042,0.42902413175465925,0.9755990118010298,259905.00000000003,1.0,27.920760065325524,15.00981479423068,413.42835224489176,117.58337878868774,428.3122635085965,130.48178630953555,0.876729218069704,0.7110233480968852,255.8294739866506,5.406384582808091,1.8638095541204691,2.175698710677701,259905.00000000003,1.0,1.317973881886831,0.843092172795066,18.85904656453174,9.453343420992505,19.438215570098716,9.991209999099627,1164270.5348602592,313042.6969236892,259491.57164775513,117.58337878868461,1087883.1278966554,297582.8617520132,259886.14095343548,9.453343420990977,698890.5494420228,251210.20174290394
1195,217.07917610060235,4.427691687255594,257.4166518173551,5.25044114695619,258.6317281137832,5.623838462132083,254.8135935051075,5.306229992388561,13.517720713293105,9.071635176519099,0.304550319020674,0.751939486204081,259905.00000000003,1.0,27.1455557660752,14.320804968100601,399.49596687308895,103.5742184171024,413.42835224489176,117.58337878868774,0.8024958540489482,0.608385680657692,256.463878187772,5.36743450464315,1.8205945004845143,2.1814608644206896,259905.00000000003,1.0,1.3564674160059356,0.8347650230996699,18.36158614671983,8.957670187860735,18.85904656453174,9.453343420992505,1184908.401578382,331270.85987472144,259505.50403312696,103.57421841710082,1111584.3647129487,311000.04254572757,259886.6384138533,8.957670187859627,706039.5301415964,248996.13976969643
1196,217.75715337734772,4.531298564569024,258.2206099408602,5.373299777559606,259.5456283618552,5.908508808887712,255.59195545952502,5.340054010170501,13.733120612170248,9.356097347762246,0.20263978058249052,0.5445794062115077,259905.00000000003,1.0,26.143380387210208,13.611144020839719,386.8830673174665,88.87410527598105,399.49596687308895,103.5742184171024,0.7512775068974685,0.5469009570581238,257.23641848547766,5.513231861365123,1.7947717979535895,2.1874703998955454,259905.00000000003,1.0,1.3844667735378908,0.8283119241882863,17.9179477889708,8.472882985724134,18.36158614671983,8.957670187860735,1207265.7650925124,339102.3163348172,259518.11693268258,88.87410527598169,1133602.1357195594,314184.8389504242,259887.08205221104,8.472882985724675,711152.275483889,247099.07086377815
1197,218.4722409443471,4.705527485989808,259.0685741956351,5.579902883822698,260.48964792330264,6.23743877867008,256.42676389306075,5.472579974543624,14.203967384657563,9.598188085907289,0.11920248870041394,0.32907608764496293,259905.00000000003,1.0,24.981625718313886,12.1367962459937,375.9862064951098,75.68983808287547,386.8830673174665,88.87410527598105,0.726925884192788,0.538451035401077,258.08381989006,5.729653191989257,1.7801184110938186,2.1945142861539133,259905.00000000003,1.0,1.4013484003849945,0.8212843433734351,17.50584444492864,7.957813915077988,17.9179477889708,8.472882985724134,1223196.8950459515,337585.7356651409,259529.0137935049,75.68983808287804,1146562.1670196855,308948.29338622524,259887.4941555551,7.957813915079816,712781.0470070645,246050.24174262193
1198,219.2310978548723,4.970980996780365,259.9684409782432,5.894681358653153,261.45684110728007,6.57086282575314,257.2959744342231,5.667252627624389,14.715611346937722,9.513935436420784,0.07198870775908581,0.22011124543645819,259905.00000000003,1.0,23.95002848809741,11.126521161879657,366.67980064619104,64.25789540019608,375.9862064951098,75.68983808287547,0.7280873576731858,0.5375681631120672,258.9530143087524,6.011015174113518,1.7620789244042416,2.2034300179584774,259905.00000000003,1.0,1.421212215677439,0.8144831303794897,17.131644402868506,7.417051020310772,17.50584444492864,7.957813915077988,1240934.4386865005,334510.4823963419,259538.32019935382,64.25789540019719,1159850.6995074812,306388.828414888,259887.86835559714,7.417051020312408,714067.429427296,245814.07803002378
1199,219.9736237668822,5.155909567795973,260.8489420715831,6.113972007995516,262.40680258223017,6.831055444049419,258.1400592877178,5.873507071977777,15.222074279897303,9.334532154919586,0.03333333333333333,0.07929507613443851,259905.00000000003,1.0,22.63694899210557,10.028950961461804,359.23159260064944,55.11995477607159,366.67980064619104,64.25789540019608,0.7385970826072179,0.5310979095438121,259.82147826800764,6.291170375848397,1.7689528492199575,2.2006820864271774,259905.00000000003,1.0,1.426925884192788,0.8089930129971139,16.756284104508,6.824332316201025,17.131644402868506,7.417051020310772,1244766.740568528,334080.925127349,259545.7684073994,55.119954776074536,1151599.0557846886,305385.3655603478,259888.2437158955,6.824332316203001,703491.0803568189,238208.35496290834
1200,220.56768521800956,5.2951364660302485,261.55339118744496,6.2790692057417345,263.1347144634998,6.970661879551407,258.8795743471901,5.997706436410954,15.91576625994343,9.637977763614568,0.03333333333333333,0.07929507613443851,259905.00000000003,1.0,21.360959087363263,8.895021162639578,353.75306643989626,47.77143078254324,359.23159260064944,55.11995477607159,0.7316006185096205,0.526897425411254,260.6201790716669,6.465486846603592,1.7267867884772008,2.194899662451274,259905.00000000003,1.0,1.41852856679644,0.8143091169915555,16.41469254949391,6.278786707554566,16.756284104508,6.824332316201025,1225683.1615418587,324204.9238541087,259551.24693356012,47.77143078254564,1122294.2563498304,285956.064948604,259888.58530745053,6.278786707558013,690534.1710703657,224066.2900065844
1201,221.0707256702392,5.36428600652137,262.1499058016583,6.361067319453129,263.7590068991201,7.048339205157469,259.52517902236883,6.101039877418511,16.123549500901273,9.765657099645104,0.023774542456587434,0.06337806550179151,259905.00000000003,1.0,20.452320712003875,8.374245737727277,349.4005206863371,40.90997316412129,353.75306643989626,47.77143078254324,0.7223559155440997,0.5150199973570696,261.30017500517124,6.578024333744428,1.6218361190277182,2.147587221535357,259905.00000000003,1.0,1.421212215677439,0.8121795681959731,16.19029410368704,5.958983803483487,16.41469254949391,6.278786707554566,1205924.202472281,310328.9801973822,259555.5994793137,40.90997316412127,1097187.603258312,269565.0171654732,259888.80970589633,5.958983803485953,676114.7215011142,201044.8500366843
1202,221.50114490311424,5.41780180342605,262.66030468990743,6.424527020848436,264.29819065223944,7.078817523977502,260.1057087386235,6.168593215935405,16.246418587326083,9.80356227253897,0.01594846640355432,0.049371964443921175,259905.00000000003,1.0,19.573826215207756,8.181052725227758,346.05716459205183,34.6249782039866,349.4005206863371,40.90997316412129,0.7147869929231566,0.5088046502787088,261.9018289369621,6.639313127167713,1.355283408796423,1.6600141440028267,259905.00000000003,1.0,1.426925884192788,0.8061527347579955,16.245988112679854,5.9988853740452335,16.19029410368704,5.958983803483487,1187782.496297179,302345.3558061879,259558.94283540797,34.62497820398791,1076058.532444956,261934.87298903512,259888.75401188733,5.998885374047824,660548.3175752365,181787.46013234934
1203,221.9423369490349,5.517234358977263,263.18347820449253,6.542435743142368,264.85322709900134,7.177404167477833,260.6538354078282,6.270421151202425,16.57191912831927,9.932136866448063,0.009541017263008957,0.036502219292503635,259905.00000000003,1.0,19.3370224378156,7.8655417297899675,343.2825202652925,29.035776487594116,346.05716459205183,34.6249782039866,0.7181488740824687,0.5111772687826086,262.4742836163529,6.706878687369342,1.1405649902597894,1.2520634172334937,259905.00000000003,1.0,1.4376461485499317,0.7928822364060267,16.533528253706987,6.019997465882962,16.245988112679854,5.9988853740452335,1182153.135277201,300212.6090199142,259561.71747973474,29.035776487594134,1067505.2497927642,260243.26749562548,259888.4664717463,6.0199974658851945,651063.8942769413,174459.46032577968
1204,222.40717624818052,5.732625420148645,263.734693111748,6.797850530302149,265.45393081737444,7.410699792406921,261.22421731736466,6.475461988518235,17.15341038470738,10.265975690400632,0.004295041602861385,0.02352491171310326,259905.00000000003,1.0,19.521683957654457,8.179801947615655,340.9099516507425,24.009389733299056,343.2825202652925,29.035776487594116,0.7365024486832709,0.5250346026627195,263.04321246438286,6.861683881905466,0.9542189698135423,0.8913220591812413,259905.00000000003,1.0,1.4655407404137428,0.7641383781791498,17.040554982704325,5.804757862412459,16.533528253706987,6.019997465882962,1195163.019499941,312716.8463591777,259564.0900483493,24.009389733301642,1079163.0931264556,268933.3095363798,259887.9594450173,5.804757862414926,656228.2847949652,179006.74405183134
1205,222.90467923673094,5.9413777946195605,264.3246413585174,7.0453934129925395,266.10829405293094,7.680992110994397,261.80573812835434,6.702062283312005,18.00104793221692,10.725777282484195,0.0,1.0,259905.00000000003,1.0,19.356244535136756,7.868598284304525,339.5547550478227,21.208722528378903,340.9099516507425,24.009389733299056,0.8350323769438497,0.6850547139315415,263.64644992936167,7.1412814124178725,0.8765869106510366,0.6914419780816509,259905.00000000003,1.0,1.4918953832632158,0.7244536982240228,17.655863455316506,5.16144585722783,17.040554982704325,5.804757862412459,1211831.0572021045,323324.9126210579,259565.4452449522,21.20872252838216,1095416.0374138742,278808.86478375184,259887.3441365447,5.161445857227619,664772.7271644541,190930.76154011278
1206,223.42554195528547,6.09709221625842,264.94228997033963,7.2300429346737465,266.7907658134938,7.920072444505501,262.4029163372808,6.9131909970745165,18.93885955118868,10.842593851520936,0.0,1.0,259905.00000000003,1.0,19.385274951177312,7.905564012220133,339.1083396478341,20.392656940980935,339.5547550478227,21.208722528378903,0.9157018593093529,0.7246778827812718,264.29486399883143,7.4112946779132605,0.8376425349120075,0.6217554788559103,259905.00000000003,1.0,1.4526035119439786,0.7274928797073185,18.270824432348476,4.251553540485327,17.655863455316506,5.16144585722783,1235894.9580487323,326658.2861923866,259565.89166035218,20.392656940984217,1116231.6909543765,280641.01137419627,259886.72917556766,4.251553540486136,677591.0963903904,198051.84150502234
1207,223.9307385791164,6.1272668277048785,265.5413614052797,7.265824801751107,267.49196682099523,8.08227008979134,262.9824791254578,7.021585786823658,19.99091266495237,10.999412013754371,0.0,1.0,259905.00000000003,1.0,19.508495216713985,7.977065712093028,339.5907570960725,21.205479450625102,339.1083396478341,20.392656940980935,1.0008660271103642,0.7624944914908006,264.9785073023947,7.636641738335943,0.933439975015755,0.7041819868278794,259905.00000000003,1.0,1.372640094165207,0.6725168523195988,18.710024551497927,3.446804003133847,18.270824432348476,4.251553540485327,1273295.7457832368,334874.98613213934,259565.40924290396,21.20547945062996,1146894.6319676705,284724.45175051363,259886.2899754485,3.4468040031348774,701679.9020791512,214243.87314437918
1208,224.42569801203751,6.069323612730011,266.12829347124784,7.197115008508062,268.1511984766184,8.080111870181883,263.56448363883885,7.04200023940138,20.92684828181653,10.950047118815979,0.0,1.0,259905.00000000003,1.0,19.79074705029631,8.020109726122513,340.7268583275927,22.91752727191251,339.5907570960725,21.205479450625102,1.0670760677033337,0.7588188249442925,265.6600639208337,7.712464306642175,1.0118722852948392,0.7272883118734536,259905.00000000003,1.0,1.3705666383997135,0.6680253611712882,19.068718904602804,2.776893220552823,18.710024551497927,3.446804003133847,1312766.6330355622,330870.0306893878,259564.27314167243,22.917527271915205,1180680.565584465,279875.88002225495,259885.93128109543,2.7768932205559773,722073.9086507905,212063.52833161838
1209,224.93242822312885,5.914875882914614,266.7291836397076,7.013968258246508,268.7911743037488,7.924982069416809,264.14398012802764,6.974819024267013,21.572576487218534,10.640710447758103,0.0,1.0,259905.00000000003,1.0,20.174874326453736,7.824266678135099,342.1245604883575,24.79883307224653,340.7268583275927,22.91752727191251,1.1142512988073154,0.7337712640751429,266.3263415039361,7.67029025626501,1.0665284388785339,0.7325098196707184,259905.00000000003,1.0,1.361836071107333,0.6531617541629695,19.364026536831602,2.213966173536942,19.068718904602804,2.776893220552823,1336972.5922694125,306365.5457150518,259562.87543951167,24.79883307224997,1201499.691334932,256133.06182025556,259885.63597346318,2.21396617353711,736198.6296199483,198423.32759999362
1210,225.46320504547882,5.679853845702602,267.35858882063127,6.73527476964111,269.4533476996922,7.641051719439814,264.7385103053802,6.809167990279994,22.02156231504001,10.211186443358352,0.0,1.0,259905.00000000003,1.0,20.775393623654146,7.300374231200388,343.4185231341271,26.290780753390123,342.1723544427412,24.902295555839196,1.1151844592508648,0.7326996523767856,266.9987319241539,7.455471935405966,1.1188545894166237,0.7270940414815633,259905.00000000003,1.0,1.3738056689267362,0.67579080689219,19.571183661957985,1.7848082081736198,19.31623258244787,2.236393820739705,1354518.2364166896,285143.9841139417,259561.5814768659,26.290780753392955,1216111.5714878521,235336.32359968396,259885.42881633807,1.7848082081739147,746271.9361857219,185259.33679992607
1211,225.94769967826747,5.435593761026983,267.93311155084655,6.445626872505813,270.0763421826058,7.313491297732974,265.34837017967993,6.534959408451406,22.49638719960341,9.728749469995186,0.0,1.0,259905.00000000003,1.0,21.11872209163126,7.020748558526096,344.88311257674815,27.685096385097854,343.50544746877597,26.459128986362906,1.1159484664035544,0.7317613245844202,267.6934864525372,7.108856333557801,1.1616956180523461,0.708232246882241,259905.00000000003,1.0,1.356910488255799,0.648236851877665,19.679474197512544,1.572992400398399,19.48425932730909,1.8517227749738094,1358671.848656796,280704.1132039535,259560.11688742327,27.685096385100884,1218911.829166021,231404.04220806144,259885.3205258025,1.572992400396557,754490.4199832919,175019.31266376196
1212,226.46810286549655,5.226388641792847,268.55021543434526,6.197548169319466,270.7042319352644,6.989560215867559,265.9526540236136,6.243551038997618,22.869192056078536,9.284602232406554,0.0,1.0,259905.00000000003,1.0,21.73788983010339,6.746607196618866,346.1333763830749,28.477846282950527,345.00207415709974,27.895527555623378,1.099982226386263,0.731945947282608,268.3061838598348,6.759837738869584,1.1661131989370888,0.7040028853183835,259905.00000000003,1.0,1.3893366701219916,0.6867142098756513,19.783736088345822,1.4192248983491924,19.56051261716092,1.6936596127917973,1358234.2505896424,281144.4114281021,259558.86662361695,28.477846282952044,1217224.7826805133,233249.93747078034,259885.21626391166,1.4192248983498408,760432.5582911848,167913.35476808067
1213,227.01007402804103,5.017490416020261,269.19289528239295,5.949833220614418,271.3497001978612,6.64376768958767,266.57225776602155,5.963878883149221,23.200667769880052,8.801869619530658,0.0,1.0,259905.00000000003,1.0,22.162505595385554,6.177695598315363,347.31673001622175,29.03601872971166,346.27856784172724,28.71076427892093,1.0869101746730825,0.735503349910741,268.9560776939731,6.40804604467778,1.1697300082616369,0.7000053594858777,259905.00000000003,1.0,1.3912696038986592,0.6880510816653679,19.860084225330485,1.3516880085547929,19.638544629693463,1.5754147959473999,1350880.5252181652,290225.7177560229,259557.6832699838,29.03601872971297,1209230.1733034886,243518.03533948062,259885.1399157747,1.3516880085540208,766708.0541604296,159724.43400583896
1214,227.5018331017346,4.8503404545577995,269.7760328209659,5.751624032683879,271.95775476157735,6.34046814852611,267.1769909206066,5.70584313400414,23.678834047310225,8.262433221390365,0.0,1.0,259905.00000000003,1.0,21.86530381807752,6.300965736682321,349.29692691212114,29.48931511901789,347.48339668288844,29.281521883872298,1.0762076839296757,0.740668734436942,269.59994846448643,6.0856103199629095,1.1762076839296758,0.6942686195989908,259905.00000000003,1.0,1.3737345744717884,0.6797407782652644,19.890944449205932,1.3412371766405888,19.693417558663818,1.5259628928962756,1337811.964574217,301907.7453764497,259555.7030730879,29.489315119017565,1195277.8406404955,255585.87223077109,259885.1090555508,1.3412371766402629,775313.7759284653,146751.8216352313
1215,227.87039015807963,4.76077706152645,270.21307508957216,5.645418126429621,272.44991604580457,6.153601652884319,267.69132049928777,5.504300823391498,24.024609209328975,8.0874514531913,0.0,1.0,259905.00000000003,1.0,22.025524479934905,6.395386938314233,351.46267830818186,29.389865395291878,349.46359357878777,29.719589832910476,1.0518441265160363,0.7483342511162919,270.16796462026844,5.868098150822759,1.2378732444067495,0.7043127706977004,259905.00000000003,1.0,1.333227559578366,0.6728813233793396,19.819632097710883,1.3561974692000207,19.724277782539264,1.5202173852897296,1317892.068507169,308135.80186777795,259553.53732169184,29.389865395291487,1174835.5732896866,264754.48771161045,259885.1803679023,1.3561974691997394,783731.9738370163,137537.19731452604
1216,228.2343496920489,4.626389817658796,270.6446656468362,5.486059030034097,272.89218781110696,5.981370600681502,268.153772626057,5.317752330874106,23.410268648634414,7.713974119333679,0.0,1.0,259905.00000000003,1.0,22.363925125317596,6.447439145007881,352.67568849816536,29.484274824987587,351.62934497484855,29.608304422490082,0.9936617693001251,0.7290614308343403,270.64294632772305,5.736460668378369,1.2118904081611528,0.6650329117680762,259905.00000000003,1.0,1.3080868431230475,0.6821797068636863,19.74916186600611,1.4269020203826945,19.652965431044215,1.5253933407374272,1291554.1087805817,315415.7716459596,259552.32431150187,29.484274824987374,1151673.86117418,276464.54337203264,259885.250838134,1.4269020203843605,780806.1156314018,139572.47554154205
1217,228.54812160862676,4.463167489153438,271.01674272789217,5.292506445671299,273.29564399006347,5.774528833119416,268.55562416286244,5.096397580262313,23.516079783658473,7.839310141768007,0.0,1.0,259905.00000000003,1.0,22.661289111094614,6.615488544788329,353.69714583739585,29.747751078101015,352.842355164832,29.6949774440226,0.9591013576836478,0.7374096148159214,271.09779852077315,5.6055455955067615,1.222810316350943,0.6815107870595997,259905.00000000003,1.0,1.2673951265918826,0.7076019058638442,19.627080009580382,1.6397883845483527,19.582495199339444,1.5809182661907497,1267187.3493599189,322164.04066988407,259551.30285416264,29.747751078100986,1129171.4601670133,289927.77233624825,259885.37291999045,1.6397883845498202,773062.0046178985,145416.60693331328
1218,228.82335144060113,4.27815048525316,271.3431154498694,5.073109757767464,273.6560036225801,5.5227755988964695,268.9116488713869,4.849309912906289,23.52326831572292,7.842510590469317,0.0,1.0,259905.00000000003,1.0,22.686433129466376,6.627850788567869,354.7006476903191,30.006446268831485,353.86381250406254,29.950721042765803,0.9212468949774585,0.744679628068936,271.4914464439987,5.4089249043367555,1.2317507810067125,0.6892493291845924,259905.00000000003,1.0,1.2149619851187943,0.7416369549335601,19.4436245470258,1.9992388313210254,19.460413342913714,1.7635367710462138,1240710.225335781,325430.44095080945,259550.29935230972,30.00644626883232,1103734.5453879335,297580.49973637535,259885.556375453,1.9992388313205882,759274.7049617957,149665.19610989143
1219,229.09329693952148,4.051756254224469,271.6632216228026,4.80464763816635,274.00168235452037,5.1992929256901155,269.24372434833515,4.5800462752670095,23.49002633328829,7.857144001726715,0.0,1.0,259905.00000000003,1.0,22.82846266878729,6.59941881217608,355.5288780214868,30.155073914666183,354.86731435698573,30.201949926113834,0.8902542822186577,0.7553085927287505,271.84427108444504,5.146106572735834,1.2868645687509273,0.7545207810851602,259905.00000000003,1.0,1.1790663250063125,0.7739095562622766,19.169159636614516,2.588927048997242,19.27695788035913,2.0868280707967064,1225661.517903187,331877.60009103146,259549.47112197854,30.155073914667,1089484.581224326,305137.62013892573,259885.8308403634,2.5889270489984217,751790.5562043658,150993.49538039695
1220,229.3724484322545,3.731267957685953,271.99424442402443,4.424607174422596,274.3443556610905,4.775458794461411,269.57954431860907,4.2448910121841585,23.56795679961999,7.78993015937559,0.0,1.0,259905.00000000003,1.0,22.903736217509955,6.5366941759846116,356.35976527026344,30.263744586011867,355.6955446881534,30.344914694035268,0.8719126423268143,0.7664945319980658,272.1960883759142,4.796936631070541,1.3073725431736445,0.755681446636442,259905.00000000003,1.0,1.1567104094622127,0.7984011737968243,18.851830836236417,3.208577873135028,19.00249296994785,2.6392793874232403,1214034.5951141105,342818.66232408833,259548.64023472977,30.263744586012486,1071671.6497444462,319916.13139834383,259886.1481691638,3.208577873138699,737254.232787377,154699.63087758925
1221,229.64856999210005,3.3409621405742844,272.3216742424854,3.9617757359324117,274.6948947086224,4.219251707568065,269.9239770004235,3.8096598699161626,23.86474101484254,7.282443944528144,0.0,1.0,259905.00000000003,1.0,22.615304572811922,6.593232782799919,357.77586837896075,29.895544063075537,356.5264319369301,30.448203370843633,0.8614029173927822,0.7746799538439788,272.56065152185005,4.335424215303949,1.3427361228082095,0.7306832690361654,259905.00000000003,1.0,1.1323646256623103,0.822618252741119,18.474792672423852,3.8268982120111326,18.685164169569752,3.2324604658914264,1205972.9649367484,352295.2044698311,259547.22413162107,29.89554406307612,1056433.1927240237,335343.14827840286,259886.5252073276,3.826898212013128,724697.1272868004,165329.96184510554
1222,229.9149854656418,2.819910813566132,272.6375942416494,3.343904320520451,275.01792258357636,3.5548514782918788,270.2477754584746,3.261165074044315,24.225798304030157,6.690174308863165,0.0,1.0,259905.00000000003,1.0,22.402879802460568,6.831585931213359,359.765453547197,29.09131182288781,357.9425350456274,30.0741433054275,0.8588405906136336,0.7765081158795577,272.8951613574514,3.8012502947444093,1.3420223433024223,0.7312335858381452,259905.00000000003,1.0,1.1159484664035544,0.8405466533997018,18.08205212885832,4.394515591464808,18.308126005757185,3.830008545778711,1203472.2996522316,354869.8720729293,259545.23454645285,29.09131182288776,1039178.2082096649,347332.72622001026,259886.91794787114,4.394515591467869,715598.7809653176,166595.13512288322
1223,230.1356973139439,2.2738476488647303,272.89931799752424,2.6963737803384755,275.2693693483113,2.9198686339945246,270.54462592355736,2.589049326477762,24.376489978636407,6.549196472538162,0.0,1.0,259905.00000000003,1.0,22.570453390373522,6.824253855090801,361.7381568021265,27.844792894369746,359.93212021386364,29.263097929875347,0.8602592175261213,0.7758287988644043,273.1990233154194,3.1563621207162442,1.3414379500701177,0.7318027511846257,259905.00000000003,1.0,1.0904234355095173,0.8628780723908659,17.66437094763105,4.915080453981583,17.91538546219165,4.381798152086419,1198736.9545238805,358621.882566763,259543.2618431979,27.844792894368336,1021402.3474049417,358227.4374469921,259887.3356290524,4.915080453985174,708566.7455048878,166997.1802147988
1224,230.285263633371,1.8747298067856994,273.07667621748686,2.223093625846634,275.4365552382556,2.446191435294461,270.750743460603,2.0531648336411017,24.428447211024842,6.491180276445361,0.0,1.0,259905.00000000003,1.0,22.414300494206223,6.728723433529613,363.91897018561184,25.422125430761874,361.9048234687932,28.012081781003474,0.8614206910065192,0.7751296242144246,273.41741901407653,2.6179912608345846,1.3042594943753876,0.770968877187012,259905.00000000003,1.0,1.098201680373541,0.8702725570458644,17.291646466962536,5.210560046781264,17.497704280964385,4.889005587804724,1184403.6412818998,366903.41478178365,259541.0810298144,25.422125430757607,996386.4762644622,368679.1650494298,259887.70835353306,5.210560046783718,702151.486544116,169685.5392737014
1225,230.40266400804538,1.6894451601446316,273.2158917211822,2.003379807403247,275.47487558788237,2.3930922639260244,270.89389219134756,1.7067971765416317,23.9448065512059,6.451996680489496,0.0,1.0,259905.00000000003,1.0,23.196618129208296,8.572930949787212,364.8338252742761,23.659928166860222,364.08563685227847,25.590558633560104,0.8528128341870594,0.7794645132913125,273.5671037706777,2.241754817452036,1.3216143037298944,0.7677149160278377,259905.00000000003,1.0,1.1236875504021802,0.9003661403569094,16.927053046968155,5.392903017782907,17.124979800295872,5.173564543580958,1163110.1335207592,350566.59674982715,259540.16617472575,23.659928166855973,971296.9693207317,349779.45012722607,259888.07294695306,5.392903017785992,695890.40932922,171889.43415460177
1226,230.471676673448,1.640023047582939,273.29772806301804,1.9447742433306887,275.501024095553,2.386727787875634,270.9849910953582,1.564414855054577,24.083582847208834,6.599095291841202,0.0,1.0,259905.00000000003,1.0,24.13379593257501,9.793777057668667,364.9502788555766,23.40014972589481,365.00049194094277,23.83419735064138,0.8397230088601418,0.785757294061599,273.68267150181356,2.1064465134592023,1.3297809116315005,0.7646906234373808,259905.00000000003,1.0,1.1385113077328415,0.9121509543628019,16.56911677640283,5.489922644992369,16.76038638030149,5.345420018645241,1152636.5833855928,340215.6989394942,259540.04972114446,23.400149725890714,956521.4448881932,335913.05880082765,259888.43088322363,5.489922644994829,700281.0983805524,173574.7775379129
1227,230.4989425323818,1.6374833031679101,273.33006049486903,1.9417625348745193,275.48474203088523,2.383293259885279,271.03320294979835,1.5346489782049788,24.0575346197655,6.593865265714198,0.0,1.0,259905.00000000003,1.0,24.662666960836898,10.202240825528191,364.5118131811719,24.481788138793895,365.11694552224327,23.575487551168155,0.8254894836665634,0.7948910613772602,273.7491584961898,2.0748756950998466,1.343500129960899,0.7538245573918881,259905.00000000003,1.0,1.150647973735619,0.9169790416763769,16.209597953510883,5.511968249971187,16.402450109736165,5.431936723151916,1145997.2824757113,336681.48803713097,259540.48818681887,24.48178813879289,949646.0795487434,332581.2956979171,259888.79040204652,5.5119682499733855,707139.953586233,172840.86576820692
1228,230.4771603703186,1.622889779324611,273.3042309570562,1.9244574514320758,275.4435026154496,2.355700298764072,271.05283949460767,1.5393664012537112,24.01951801286271,6.61765240664816,0.0,1.0,259905.00000000003,1.0,25.06411995813577,10.249424594063266,363.6338779025655,26.696983552086152,364.6784798478385,24.652499905971382,0.8138360588658704,0.8046115536051605,273.7980956463968,2.083487081211285,1.354732475915369,0.7424758316957129,259905.00000000003,1.0,1.148500018970461,0.9163566939865799,15.836698829899309,5.453709527830536,16.042931286844215,5.442840058014108,1138536.128994201,332352.35910643765,259541.36612209748,26.69698355208567,941160.6459871202,326654.15793887957,259889.16330117013,5.453709527832046,710974.4520379379,173700.16753302672
1229,230.45932664436893,1.6089207905813276,273.283083520111,1.9078929577206443,275.40495924235506,2.3224076023182634,271.0832547240424,1.5623020701348451,24.047726707046774,6.5987886613552975,0.0,1.0,259905.00000000003,1.0,25.4932447011506,9.955114395491064,362.3550265751283,29.52785415360353,363.80054456923216,26.859252934965554,0.7947362507261155,0.8172277166409314,273.845962545793,2.112477959970124,1.3422853356392905,0.7513977364263181,259905.00000000003,1.0,1.13619197440997,0.9242588539916841,15.463938802003323,5.386757788031993,15.670032163232642,5.371878220668121,1133541.9040819446,331524.9375090793,259542.6449734249,29.527854153600742,937936.3677526659,325836.29821189155,259889.536061198,5.386757788032751,713098.6091959005,174182.6864580145
1230,230.4655252035338,1.608904781275003,273.29043402458876,1.9078739577754726,275.42669434862756,2.3212361931193337,271.1428752886035,1.5759579994467992,23.781781894465503,6.511421375108082,0.0,1.0,259905.00000000003,1.0,25.40690494267162,10.095503005046218,360.89657019358884,31.624125882992896,362.521693241795,29.682076941766322,0.7634975513167293,0.8294164608091522,273.91509193380574,2.1361580091883687,1.304953275000584,0.7755203155586238,259905.00000000003,1.0,1.1095232436492721,0.9455884976800463,15.101842103985344,5.326493344306331,15.297272135336655,5.2917624219165855,1132213.726530063,331687.2399336085,259544.10342980645,31.624125882990803,938679.3638483302,325741.2422835415,259889.89815789604,5.326493344306977,717554.1629924228,176757.85823336116
1231,230.47717824376733,1.599711130207519,273.3042526582091,1.8969717490598774,275.44174065017,2.310790988028813,271.1864137543565,1.5561378768164364,23.607082098586922,6.550594438593172,0.0,1.0,259905.00000000003,1.0,25.141621992873617,10.55251223932147,359.52869696596883,32.804517383865175,361.06323686025553,31.776088093367793,0.7223203683166258,0.8358243469562391,273.97372078676733,2.1115562684536995,1.3161400150328983,0.7740788234755758,259905.00000000003,1.0,1.081646425399198,0.9660276012298792,14.700681847684978,5.291510019784224,14.935175437318676,5.218453839948549,1127150.4716000946,332803.94179544336,259545.47130303405,32.80451738386211,935508.3064214112,326507.9732867771,259890.29931815233,5.291510019785517,718317.6884666281,177153.30554756537
1232,230.50432356521358,1.5697037132929461,273.3364422215961,1.8613882200748344,275.47191418892396,2.276744718978538,271.22683943064874,1.5184125231470096,23.46756648579069,6.652996838897942,0.0,1.0,259905.00000000003,1.0,25.07825962883298,10.660444868634785,358.08467048959324,33.44748810733879,359.6953636326355,32.95819287924808,0.6886073422693213,0.8441187160537703,274.01694263626626,2.0672500972945005,1.3252989431240427,0.7700689959877353,259905.00000000003,1.0,1.0588228169998968,0.9836568301732916,14.267539054894165,5.273435967821631,14.53401518101831,5.169378715024539,1127525.0374114437,332726.30302572774,259546.91532951043,33.44748810733588,942185.0381130978,327010.2108906465,259890.73246094512,5.273435967822321,730582.930345668,185772.79050633952
1233,230.49004450967962,1.5807744606702276,273.31950999239274,1.8745160288302192,275.4271808313091,2.31694694271991,271.2295025610899,1.5157437056633594,23.104267688802363,6.857498572139099,0.0,1.0,259905.00000000003,1.0,24.35176975466438,11.302076774689855,357.00383509039784,33.73790135871736,358.25133715625986,33.605632235270384,0.6514466601883282,0.8492319198328013,274.03095854204884,2.051214195162979,1.3327976392174923,0.7648609701231815,259905.00000000003,1.0,1.0376106013224577,0.9998099763762738,13.805685350332462,5.258468545269973,14.100872388227497,5.136357204562959,1120061.7614111123,333303.0520407814,259547.99616490962,33.73790135871445,945994.8478467307,328290.7165988288,259891.19431464968,5.258468545270725,745974.1297069775,197340.10939320436
1234,230.40177511008386,1.5867176633328473,273.2148385422967,1.8815637492881763,275.27760900654346,2.362804134349536,271.1547172923369,1.5462925163755354,22.400847434621156,7.0782843607554,0.0,1.0,259905.00000000003,1.0,23.295622365214275,11.70745149855057,356.27572682647144,33.88798468618653,357.1705017570645,33.90018801118967,0.6054209678557854,0.8457514291941831,273.9767851718004,2.098196434324974,1.3494865002552212,0.7458191684828859,259905.00000000003,1.0,1.001125926252924,1.0174755865304166,13.290658109663498,5.187815585308764,13.639018683665796,5.105415748949338,1097912.4976635193,317291.59529713285,259548.72427317358,33.887984686183415,934159.8484905821,316082.9969212622,259891.70934189035,5.187815585307925,750390.5965359804,201908.40953093057
1235,230.27882278909004,1.562365950726321,273.06903916348904,1.8526871896426846,275.0681301788618,2.3356371288938558,271.05074598971737,1.5422989117684003,21.40459825548141,7.22968497056372,0.0,1.0,259905.00000000003,1.0,22.500805525009532,11.93504329572008,355.34618622360995,34.02060721489571,356.44239349313807,34.053242679806935,0.49830095638948374,0.6938961192270493,273.8388743558667,2.128314005326958,1.3093139214061913,0.7575073795889585,259905.00000000003,1.0,0.974771283403451,1.0332331576617593,12.789448804994091,5.139811526735481,13.123991442996832,5.014939030034967,1073904.4654877216,300971.09627054544,259549.65381377641,34.02060721489245,916451.2665547582,298127.29495249386,259892.21055119502,5.139811526736298,747336.8151036813,198061.59366926274
1236,230.18325337435056,1.4942503259914608,272.9557110365103,1.771914514711153,274.8644305652439,2.214639052656373,270.95606269594845,1.479750820428112,21.3552752193171,7.146521305383312,0.009558790876745903,0.05235565385668315,259905.00000000003,1.0,22.316365607844617,11.865471145687515,354.54220371087234,33.96216724923067,355.51285289027663,34.189911924882054,0.41763147402398054,0.596630998673412,273.6776732467654,2.0927918600987696,1.2623574650879927,0.7939205383801684,259905.00000000003,1.0,0.9567104094622126,1.0405859016791603,12.317135082701645,5.061436427019802,12.622782138327425,4.947829288025697,1054277.0345955717,282180.66382593807,259550.45779628915,33.962167249227555,903042.1373097013,282307.69292241463,259892.68286491733,5.0614364270213565,745259.5316081372,195984.41904171792
1237,230.123259565024,1.470983283031542,272.88456922110225,1.744324110188969,274.68760130777736,2.040979054316779,270.89590191196754,1.444963343956576,21.267098978390475,6.963107155405612,0.017384866929779016,0.06651138002884802,259905.00000000003,1.0,22.08943316001472,11.862644562721783,353.869151328985,33.62922882367392,354.70887037753903,34.13582285187973,0.3324673062229693,0.44380378278820903,273.5426717871985,1.979371921855276,1.1665600249842452,0.7656431277346144,259905.00000000003,1.0,0.9419234165390562,1.0478041244459315,11.92583180758979,5.039827672934067,12.150468416034979,4.849600399729286,1024310.0394130977,234538.54814172979,259551.13084867105,33.62922882367028,878232.6329188744,246892.95333614908,259893.07416819243,5.039827672933689,733650.0395666183,178585.7834291359
1238,230.0959640573163,1.463411089949226,272.85220152031235,1.7353448390619635,274.5757370132521,1.961477952490134,270.87153406224627,1.4275394435157776,21.134384930082703,6.747886116864804,0.02379231607032438,0.07365431592850825,259905.00000000003,1.0,21.808199725347826,11.889708338316199,353.33821088431625,33.17257642447739,354.03581799565166,33.80802738719691,0.26625726562999974,0.31925273467345916,273.4469754553864,1.9061114132351877,1.088127714705161,0.7604177404032595,259905.00000000003,1.0,0.8664217971961121,0.9936799794273017,11.537459223414073,4.95180965615079,11.759165140923123,4.8130464511919895,994257.225710556,174961.43476567953,259551.66178911572,33.17257642447475,850967.9842392366,201916.46762357772,259893.4625407766,4.951809656151606,725738.5960974197,171698.261137594
1239,230.08969683305003,1.461958532929414,272.84476948709124,1.7336223196009648,274.526348066905,1.9377931805635398,270.8779569741382,1.4321068571522573,21.179462436730887,6.785483663810514,0.02903829173047195,0.07741014401074406,259905.00000000003,1.0,21.60687105009569,11.940175222064969,353.0484306458876,32.84661055873525,353.5048775509829,33.35656748060542,0.21908203452601793,0.2377824688309164,273.38670366733584,1.8665852481038019,1.0239127702447206,0.7684815468586583,259905.00000000003,1.0,0.8020804739481344,0.9580052837079581,11.14896026045082,4.7970540739877325,11.370792556747407,4.706596483496088,975950.7262120943,161865.52905048133,259551.95156935413,32.84661055873217,834288.0360368288,191828.68997229173,259893.85103973956,4.797054073988366,723611.5023310013,171790.13278663554
1240,230.0993928300369,1.4669510695756538,272.8562670661653,1.7395424974114777,274.50926428339824,1.9281493342651794,270.91288263931995,1.4603712852937,21.405714329118336,6.819597697461695,0.03333333333333333,0.07929507613443851,259905.00000000003,1.0,21.303706860208575,12.016033525927309,353.235977493747,33.08393092136338,353.16730335817056,32.97256838236011,0.20859008320572278,0.2403456623546678,273.37202679884524,1.8599589099944205,0.9637605436535973,0.7758594942012724,259905.00000000003,1.0,0.720725881281046,0.8868406018350911,10.787052885795333,4.624241958209869,11.030087548167884,4.608001377915558,957334.4262298831,159800.03092981988,259551.76402250628,33.08393092136068,818323.4933429487,189740.77929951146,259894.21294711423,4.624241958208756,720112.6580098892,174390.52340485685
1241,230.14870095374667,1.4972339374878614,272.9147373549152,1.7754522592528392,274.53928248046896,1.9479438350924214,270.96411141987545,1.5005118495265926,21.602985645672327,6.850765598371799,0.03333333333333333,0.07929507613443851,259905.00000000003,1.0,21.27356462248458,12.019358152191133,353.61180751561915,33.58741463943144,353.31571982576475,33.16205810059593,0.2,0.24311904227526426,273.3758345671602,1.8619456784027146,0.9145120658773297,0.7889095788977358,259905.00000000003,1.0,0.6541183743603683,0.8496142605157245,10.4469168622606,4.441337949583093,10.70731055377756,4.4841116292183205,944960.4772369555,160614.96001406535,259551.38819248442,33.5874146394274,808325.0637274681,190858.97332828416,259894.55308313775,4.441337949582804,717058.6380193144,176330.95532723572
1242,230.172114001524,1.5313516046737445,272.94250053964134,1.815908915417555,274.556058752009,1.9652055704702855,271.03725619617387,1.59025291549528,22.08796146052119,7.049679085950448,0.03333333333333333,0.07929507613443851,259905.00000000003,1.0,20.912793396283824,11.98001858035608,354.80134733283825,35.20138008472422,353.6595126019342,33.62625555689486,0.1713236273697623,0.21119077185862348,273.4332836953254,1.8882219414849322,0.8952897184556936,0.8043005479199495,259905.00000000003,1.0,0.5804671783050631,0.7643493339729188,10.084389235794925,4.138963187206233,10.399211775945554,4.344078086276046,932834.9223759697,163872.01696034215,259550.1986526672,35.20138008472126,796413.5064293843,193042.18929277215,259894.91561076423,4.138963187207181,711159.223644067,181590.14309628465
1243,230.15755680230788,1.5057957801004294,272.92523770795003,1.7856032613215254,274.55847696924104,1.9685860009677933,271.0775291636723,1.652940807223993,23.003628241703012,7.870623360459375,0.03333333333333333,0.07929507613443851,259905.00000000003,1.0,20.750054582054773,12.026619564750531,357.04306286716746,38.67271200018886,354.82282254085254,35.21595401047435,0.14784539921066295,0.18774027735590818,273.467243789769,1.9249553231404084,0.8891105823519968,0.8083653719710707,259905.00000000003,1.0,0.525664475862201,0.7260244262213038,9.699467921290822,3.7219004740334065,10.062914027780618,4.088270295915658,923263.2460135913,173750.3728503847,259547.95693713287,38.672712000185825,784791.629114259,203211.8885623645,259895.30053207872,3.721900474034677,703070.5967604015,189587.75308178808
1244,230.1379953740558,1.4708529102238723,272.9020406344131,1.7441659958789708,274.5365598608647,1.9364444832256376,271.09138429892744,1.675866883412729,24.189500692712798,9.998721426564126,0.03333333333333333,0.07929507613443851,259905.00000000003,1.0,20.803385622090627,12.00401722594222,360.3958446044563,44.979695554893844,357.04306286716746,38.67271200018886,0.1286230517890269,0.1711047614804716,273.4681298321601,1.9261252305500687,0.8744927427196999,0.8163280080371322,259905.00000000003,1.0,0.4843123006664599,0.7076732387830107,9.309287479237582,3.1917224101091706,9.699467921290822,3.7219004740334065,914741.4576111237,181412.46944044167,259544.6041553956,44.97969555489284,774261.2687045184,211262.97219929573,259895.6907125208,3.1917224101083845,693442.0080509627,198111.49309891465
1245,230.16631496648117,1.5170966645623851,272.935621826749,1.7990015441807956,274.5681678459252,1.989993887430755,271.1339301224639,1.741586945169685,26.75771967106033,17.38856424727641,0.05245091508682514,0.12622881267038744,259905.00000000003,1.0,20.558205978373664,11.92756881300657,366.5429073820561,58.531379878952926,360.3958446044563,44.979695554893844,0.11288512480858416,0.15975621222760153,273.45753823011455,1.9114495212341704,0.8061625796699908,0.7830168207660984,259905.00000000003,1.0,0.47056424194181995,0.7041893723280366,8.97368914150941,2.678803916011419,9.309287479237582,3.1917224101091706,921766.3251042776,186312.92930100198,259538.457092618,58.531379878949714,778472.1227381785,212341.05183180538,259896.02631085852,2.6788039160095893,684869.3761241146,200883.37106310923
1246,230.26589180059898,1.715558023553375,273.053701222169,2.034339625692592,274.67254709940505,2.1946861869158423,271.223862872015,1.8911204605774752,29.056279218240174,20.6073198112613,0.06810306719289137,0.1469178379658653,259905.00000000003,1.0,20.507090767141793,11.89682382235207,375.0239927659616,75.41849278725633,366.5429073820561,58.531379878952926,0.10955879087674592,0.15482433793324576,273.4775429324257,1.9416153854148555,0.7502185738183612,0.7667087424811565,259905.00000000003,1.0,0.47842586522232694,0.7081596156653214,8.701896432913378,2.16016205445906,8.97368914150941,2.678803916011419,940946.3064899464,204846.92142342083,259529.97600723407,75.41849278725402,794506.8305426071,222831.4380422105,259896.2981035671,2.1601620544610403,681454.7564805754,202445.2549940227
1247,230.4833890459155,2.1466811812377804,273.3116129866165,2.5455729672200604,274.90490395000955,2.6807422843251025,271.46504467585544,2.348189218911836,31.561680060134368,25.265889412928882,0.0809179654739821,0.15718092552988677,259905.00000000003,1.0,21.780641098375117,14.718403820642619,384.72411376224693,92.34801831853498,375.0239927659616,75.41849278725633,0.10782607605303313,0.15305351299297343,273.59884502425865,2.207556095466024,0.7235330775307492,0.7212135124958535,259905.00000000003,1.0,0.5110129650167076,0.7200458970712206,8.489376320399336,1.7698345298312004,8.701896432913378,2.16016205445906,972630.928460156,254381.59048865116,259520.2758862378,92.34801831853305,823194.9066462779,255185.75712665374,259896.5106236796,1.7698345298332765,688328.2225358526,201566.4376758239
1248,230.6249570029027,2.249510571898381,273.4794864650739,2.6675097545126274,275.1082169228106,2.914523356934767,271.58175324182076,2.397293009813618,38.663237429875295,45.654511266057895,0.09140991679427724,0.16202391509967534,259905.00000000003,1.0,24.94187101214007,23.352192543258067,398.1628944456529,117.14515030949688,384.532937944712,91.74771692159095,0.10640744914054537,0.15203001348053474,273.7255722370929,2.3668398930627683,0.6981683584129211,0.6898416272295357,259905.00000000003,1.0,0.5447259910640121,0.7189710892407856,8.259463626036458,1.5530719624682392,8.489376320399336,1.7698345298312004,1080276.5476018481,614766.8570062164,259506.83710555438,117.1451503094959,876852.3050142023,363602.8222459183,259896.74053637398,1.5530719624681941,753647.099835256,381125.9662225717
1249,230.61230586298035,2.2563505244891466,273.4644843190158,2.6756207852925136,275.20699638574354,2.931601739688063,271.5361778406267,2.4339711277270797,47.823818893278975,65.12910113473427,0.14779395438372953,0.33311104322014423,259905.00000000003,1.0,29.363918205764268,33.462770560817944,416.12730384018835,149.86754814171013,397.8151971070574,116.16735319016814,0.10524597566014758,0.15148391182251159,273.7825244061696,2.373310323781152,0.6331240110902526,0.5521040760919542,259905.00000000003,1.0,0.5723278822682594,0.7132092927231821,8.059588561776234,1.6477445368949655,8.259463626036458,1.5530719624682392,1202343.1850877295,878738.1131162237,259488.87269615984,149.86754814171064,930989.4779640078,451110.5226023052,259896.94041143823,1.6477445368938155,831034.6344128234,550563.1296329953
1250,230.50099830316668,2.4105538894522267,273.332493641917,2.8584780194797785,275.16992045238334,2.9627632525696086,271.3509748552267,2.732816080774473,57.407035188817794,80.05677532758887,0.2347182890326246,0.5577260895339551,259905.00000000003,1.0,35.315541819885304,45.289683129866866,437.50823259868173,185.02057419735246,415.65145751878185,148.70804361778144,0.10429504160286139,0.1512346989639729,273.67972872706537,2.4932843100666497,0.6044855821453822,0.5190432871560164,259905.00000000003,1.0,0.5914099167942772,0.7049791988428715,7.8561743678625335,1.9114619998075961,8.059588561776234,1.6477445368949655,1352020.1613523995,1140464.4929952659,259467.49176740134,185.02057419735544,996834.5853541184,532354.0312978219,259897.14382563214,1.9114619998052718,939231.7633023888,760071.4575900638
1251,230.328809415201,2.7016488969573538,273.05016619275307,3.4243471779154784,274.95799740181565,3.336098290877037,270.999648707099,3.486251594184262,65.65323986339936,87.9642310575399,0.305885915000517,0.6545552765334196,259905.00000000003,1.0,42.84531518751053,58.90407970231742,459.4295055249606,213.59087032479854,436.9274667640723,183.80049745475253,0.10955879087674592,0.15482433793324576,273.40340026870297,3.0527736359417683,0.5810384196483782,0.49984604422681633,259905.00000000003,1.0,0.6477939543837296,0.7234490819017008,7.690623568754109,2.1497620749839808,7.8561743678625335,1.9114619998075961,1491273.8185813832,1301101.203591163,259445.57049447508,213.5908703247998,1058260.8990062668,579086.7078526111,259897.30937643125,2.1497620749801523,1043756.749517048,889597.4287102639
1252,230.0911786494061,3.187546633226731,272.6271709917508,4.414735240992457,274.59791917106514,4.152430452058798,270.5018121518411,4.635786913714467,72.64050797937931,92.29845385675273,0.36415303900398166,0.7024378822005682,259905.00000000003,1.0,48.70795143146182,64.24309120319184,482.33124236720744,239.696182826857,458.7628388582939,212.3591528114467,0.10782607605303313,0.15305351299297343,272.99762431521845,3.9857293370168674,0.5643673322243862,0.5010822192610427,259905.00000000003,1.0,0.7060419164023869,0.7396591901351662,7.565631486265444,2.315332092609014,7.690623568754109,2.1497620749839808,1620394.3466012538,1418606.496082349,259422.6687576328,239.69618282685866,1117348.4361121538,615738.2039512479,259897.43436851376,2.3153320926053387,1147858.399931826,1006279.8518597336
1253,229.85005646652087,3.650290444944193,272.149010054134,5.428734854145452,274.160993099677,5.119665705553527,269.9729257438311,5.668404848459525,77.47354915589938,93.26912355519399,0.4214169161957724,0.7407089659958227,259905.00000000003,1.0,52.4404491447773,66.02886001497798,506.2762587954671,263.128191525334,481.66457570054075,238.66545322060657,0.09684865826379947,0.13283118468507865,272.52278878435163,5.01350371627187,0.5793945728933501,0.5102369477084095,259905.00000000003,1.0,0.75373131421118,0.7386883860030736,7.473301560916607,2.4321977128537147,7.565631486265444,2.315332092609014,1720048.417300364,1467290.1858646807,259398.72374120457,263.1281915253349,1168302.0559567786,630635.030347831,259897.5266984391,2.4321977128494834,1237559.5259289136,1073231.6278802627
1254,229.61277388907928,4.045022009784986,271.63392992658754,6.361048729048967,273.67368009991173,6.083892652035464,269.4366956082553,6.561270632819149,80.32157649358032,92.69773160191676,0.4507182002631124,0.7408502048860869,259905.00000000003,1.0,55.28155227103486,66.60116795457364,530.1988981510827,281.97296792372634,505.6095921288004,262.2525715479086,0.08786110873036856,0.11801761259513774,272.01174336530175,5.995870828056229,0.6188390410697407,0.5096408260093078,259905.00000000003,1.0,0.744982136409279,0.724751238260923,7.332777989589478,2.520461202765726,7.473301560916607,2.4321977128537147,1799441.8981894287,1478726.9552934542,259374.80110184895,281.97296792372674,1218197.324268829,634066.9814699321,259897.66722201044,2.5204612027610067,1316494.3791036333,1106787.973741457
1255,229.3090872644367,4.389913827681078,271.00539188629205,7.198959459362401,273.0774346519321,6.983536573010631,268.86050184047986,7.351238371704146,81.82518605633712,92.0058248690879,0.45712564940365774,0.7376419260637437,259905.00000000003,1.0,56.57549109177401,66.9110707701274,554.3248007995755,295.12279203943353,529.5322314844161,281.2147177722952,0.08050272553253701,0.1075533040865878,271.46320206474564,6.8883547469355015,0.6320158584510657,0.5358739692822632,259905.00000000003,1.0,0.9003183603833959,1.3469937880691116,7.334413824855142,2.5216481211166664,7.332777989589478,2.520461202765726,1845598.9907725214,1478411.9225132812,259350.67519920046,295.1227920394346,1253575.3727324728,643455.823021395,259897.66558617516,2.5216481211124773,1381007.7803828577,1116749.2261376926
1256,228.96538341880597,4.70069043648741,270.3297258209785,7.909980150967471,272.38090889919107,7.752132816194819,268.2530746036098,7.9928293821098,82.33105509400583,91.76829094306126,0.47193041594055124,0.7325906317498435,259905.00000000003,1.0,56.70464423010786,66.90025601576775,578.8126145808664,304.97104844989747,553.6581341329089,294.45492412301235,0.07096170826952805,0.10118087548198176,270.8132614583723,7.628435232156103,0.6428041240688489,0.5502253335419369,259905.00000000003,1.0,1.0481496542949384,1.6797699222376792,7.473092688414565,2.772558014652572,7.334413824855142,2.5216481211166664,1872904.5811726607,1476137.853403978,259326.18738541915,304.9710484498987,1277341.4287010801,648947.2270505558,259897.5269073116,2.772558014648644,1429528.5054438494,1123496.917154161
1257,228.60519302505733,4.965994251713091,269.6345921740044,8.50449292129297,271.65435859830535,8.419617935220185,267.60776787580556,8.542101870932632,82.654439960704,91.57604095852196,0.4840515335964457,0.7275036255719389,259905.00000000003,1.0,57.53541718029057,66.83775845197526,602.7809191610166,310.5933974492834,578.1459479141996,304.38028294657767,0.06666666666666667,0.10137340688573189,270.12007245401605,8.269909285180725,0.6959142806402194,0.6498813894891361,259905.00000000003,1.0,1.17170950647235,1.8549223393943355,7.682221247580029,3.2222003431820907,7.473092688414565,2.772558014652572,1894947.41814225,1471040.586867274,259302.21908083902,310.5933974492835,1293981.2019586319,648163.2928826938,259897.31777875245,3.2222003431777098,1465084.962524593,1119387.7422331208
1258,228.2294349379495,5.183275801289612,268.92099399365196,8.993871837141935,270.8954257269525,8.986217216649688,266.9254057356319,9.009242752843956,82.69236562440845,91.54920404743027,0.5573705188742124,0.7855595464456127,259905.00000000003,1.0,58.32109102281084,66.6661248780238,625.9281565770733,312.23453433205225,602.1142524943499,310.06666141904526,0.06666666666666667,0.10137340688573189,269.36279828357965,8.841199017316152,0.7288477511879512,0.6790313546543562,259905.00000000003,1.0,1.2728717572957664,1.9468206817565563,7.959578587021177,3.8395510065800913,7.682221247580029,3.2222003431820907,1903232.2276322613,1467792.749702968,259279.07184342295,312.23453433205304,1299329.3473548556,646661.4319947137,259897.040421413,3.839551006577102,1484235.149571593,1112583.5979046763
1259,227.84992175221026,5.355247159453449,268.20282777991946,9.390471940708728,270.1170132145866,9.456314976299502,266.2192428265448,9.367801513870104,82.50366270731202,91.68821702271599,0.6173990269055918,0.8099276241558917,259905.00000000003,1.0,59.03705079006592,66.41098095415578,648.1107028007472,310.71501709716176,625.2614899104067,311.7617802714758,0.06666666666666667,0.10137340688573189,268.57091028581834,9.29971183914183,0.7522949136849553,0.6880937533094355,259905.00000000003,1.0,1.3828376072022914,1.9877711839437076,8.323454613871847,4.582935392682778,7.959578587021177,3.8395510065800913,1906655.0793877777,1466008.1543421943,259256.8892971993,310.7150170971642,1301582.9906694235,645595.3145623235,259896.67654538614,4.582935392680643,1495567.6124840255,1106902.1041869714
1260,227.50275200359314,5.509452093305827,267.5228962957302,9.733957293472915,269.40335733205455,9.827227378291028,265.5328193165696,9.65284355771521,82.3024608944302,91.83205880632369,0.6665462124922708,0.8158839579385163,259905.00000000003,1.0,60.09601859628907,65.82636588536832,668.9839322197294,307.3483535766156,647.4440361340805,310.28925484724243,0.06666666666666667,0.10137340688573189,267.79518342768176,9.655170869036137,0.7689660011089472,0.6824615084556969,259905.00000000003,1.0,1.4417661979571554,1.9715005434242803,8.729588144053388,5.28769391713385,8.323454613871847,4.582935392682778,1908908.16084728,1464735.3790872036,259236.0160677803,307.3483535766186,1301927.7066260183,645381.2813416681,259896.27041185595,5.28769391713283,1498631.170862642,1105266.1930634254
1261,227.18754922917702,5.664151789870469,266.88107865294614,10.054418135315247,268.74371035089445,10.15926676650282,264.87739057454036,9.923548951274435,82.277301065565,91.84991532748406,0.7032680421133037,0.8096170502873363,259905.00000000003,1.0,61.065202834223825,65.18443986320521,688.8260957422906,302.7423547179394,668.3172655530627,306.9648203483443,0.1622545754341257,0.5207720015125267,267.08169587580534,9.96947459232951,0.7634975513167293,0.678024176082676,259905.00000000003,1.0,1.4759469168596615,1.9544575120398093,9.175370842929654,5.871663228426228,8.729588144053388,5.28769391713385,1913429.0012736954,1461985.4576482002,259216.17390425774,302.7423547179434,1306272.5868739688,642410.2180125231,259895.82462915708,5.871663228423648,1504484.5170578458,1101997.4171143072
1262,226.8723545237736,5.80927863646347,266.2395360417545,10.340023187929225,268.0976244314747,10.464188559413135,264.24255880677464,10.162630258412907,82.288448649608,91.84170945797455,0.7333333333333334,0.7992817395528609,259905.00000000003,1.0,61.57386868089248,64.80395834255634,708.1406757110061,297.0205466896357,688.159429075624,302.39823466218854,0.24051533596445684,0.6547318597396259,266.4028460575766,10.271444875034938,0.7414379500701177,0.6764070188989064,259905.00000000003,1.0,1.509974030818191,1.9366805291695999,9.67724025701106,6.4046770243951325,9.175370842929654,5.871663228426228,1919185.8121850712,1458871.3534994435,259196.85932428902,297.0205466896393,1303358.4017558713,643749.8720833386,259895.322759743,6.404677024390908,1508822.9184146263,1100326.8909311122
1263,226.54367259035507,5.955851631496178,265.58261750827813,10.605475404424475,267.45181966667707,10.758744723675845,263.60420992071295,10.400284119418261,82.41337003293174,91.74834918263812,0.7524509150868252,0.787914824734847,259905.00000000003,1.0,62.057240588737784,64.41604150879053,727.0776875734466,290.28620002472974,707.4740090443395,296.71468609155886,0.30458982736991047,0.7210793336589703,265.74378708328675,10.533767461381522,0.7233770761288794,0.6785318802813051,259905.00000000003,1.0,1.5473918663312742,1.9172474633471817,10.23458838054679,6.896917873274442,9.67724025701106,6.4046770243951325,1937889.0534836012,1450078.1007758544,259177.92231242658,290.2862000247329,1304272.2780576944,643481.9275595854,259894.76541161948,6.896917873270417,1519975.5123822098,1097820.1911280039
1264,226.19978961447,6.104001368293959,264.908330838932,10.851559476187767,266.80146569637657,11.03452179537013,262.96122322041714,10.619374890316864,82.6483810605261,91.56554650617,0.7681030671928915,0.7770407163827937,259905.00000000003,1.0,62.50494534921959,64.04214266524933,745.7863535508935,282.3901666759151,726.4110209067799,290.01827136882537,0.3570495839713862,0.7546236088409057,265.08131857127483,10.784361428864743,0.7085900832057228,0.6825647608563102,259905.00000000003,1.0,1.5840693072101828,1.8970429709599967,10.843400937884581,7.348627717211865,10.23458838054679,6.896917873274442,1952656.7861335983,1442476.009158829,259159.21364644912,282.39016667591807,1346285.8635268281,669223.0246214402,259894.15659906215,7.348627717207636,1577393.299683971,1115351.8082824037
1265,225.82886202128938,6.276376073326808,264.20323258645686,11.10535063910206,266.12326710163734,11.305243812443262,262.27999297385094,10.832159736192766,83.15271543241666,91.16910194416423,0.7809179654739822,0.7670422148090548,259905.00000000003,1.0,62.7559955890692,63.834335164501645,764.7354887621003,272.9414473363845,745.1196868842269,282.1604704680228,0.4,0.7701106842824654,264.4007297224997,11.014120279370362,0.7573527452604755,0.7195404506953054,259905.00000000003,1.0,1.6609015533243843,1.8772477251087285,11.480283079281824,7.7323222785643155,10.843400937884581,7.348627717211865,1972234.4863708534,1432050.5979744464,259140.2645112379,272.94144733638785,1383734.0119062373,678273.2877419476,259893.51971692074,7.732322278557864,1631652.8793355776,1123172.6080059605
1266,225.41434671893953,6.4108178565128515,263.4467573962775,11.287843279321589,265.39711136657803,11.531252152029348,261.5591556817619,10.981483049151477,82.6690844642262,91.48579202705369,0.7818511259175314,0.766437101683103,259905.00000000003,1.0,62.64466123940863,63.9071659139057,783.3113941943337,262.15986214704037,764.0688220954337,272.7517099337556,0.4,0.7701106842824654,263.6791546497149,11.220502036078091,0.8138679924554201,0.7245701066167894,259905.00000000003,1.0,1.7142476851693913,1.8595074419262771,12.113996105329129,8.063943991684125,11.480283079281824,7.7323222785643155,1989233.7473190287,1423598.8341131136,259121.68860580568,262.15986214704384,1416608.0900725294,684885.6716623916,259892.8860038947,8.063943991677677,1682195.3025203627,1123488.9626155088
1267,224.99162966746184,6.5280636510027845,262.6809065110076,11.430091336593431,264.63520812855495,11.687477950702167,260.81720791566465,11.084194474847214,82.02865334874055,91.9032759392027,0.782615133070221,0.7658841869927147,259905.00000000003,1.0,62.63953750135829,63.91079666273393,801.2512282419791,250.36163997111123,782.644727527667,262.01121513627925,0.4,0.7701106842824654,262.9031470718043,11.340947879548313,0.8601387633517253,0.7150647828326405,259905.00000000003,1.0,1.7639661120993853,1.838406735571668,12.751156787410123,8.356678886771158,12.113996105329129,8.063943991684125,2006491.8159981342,1414134.7631675287,259103.74877175805,250.36163997111453,1450415.003802494,682696.9028575382,259892.2488432126,8.356678886765547,1725790.2218661315,1114888.447435566
1268,224.57697187402482,6.587622691696294,261.92397121200435,11.485245247473195,263.8732090116706,11.778555813025813,260.06198816646133,11.102290953439056,81.6321918291711,92.16094724413199,0.7953252656831675,0.7588804815222158,259905.00000000003,1.0,62.83057935108884,63.776934640099846,818.5908487877115,237.3856976057293,800.5845615753124,250.255427321657,0.4,0.7701106842824654,262.1087244750257,11.407795210685316,0.917139648206648,0.7122864880288476,259905.00000000003,1.0,1.8107144254523657,1.8223659007001325,13.378064897989173,8.611947620148904,12.751156787410123,8.356678886771158,2017927.663715543,1406671.197678574,259086.4091512123,237.38569760573375,1477167.574086484,672526.0910760522,259891.62193510204,8.61194762014117,1758231.0830913743,1099826.9150387568
1269,224.1787595872212,6.589155894417639,261.1856524098591,11.452212564813411,263.12244842801374,11.781538104313096,259.32457860916514,11.019562744793399,81.48975812880789,92.25108829496716,0.8057314421290862,0.7519396586716972,259905.00000000003,1.0,63.13497855730962,63.566170146532066,835.4732302504141,223.04355180118296,817.9241821210449,237.3240701670897,0.4,0.7701106842824654,261.3331760325806,11.382842475777382,0.9733668164667759,0.7039205343753121,259905.00000000003,1.0,1.8837073881099484,1.8073812294361433,14.021738802965679,8.867027301602532,13.378064897989173,8.611947620148904,2030152.6301951914,1397527.952700471,259069.52676974962,223.04355180118765,1483611.8012150999,665789.4834653741,259890.97826119704,8.867027301596053,1768495.82970328,1090871.3261238597
1270,223.77675732813455,6.528214779246787,260.44219501166015,11.322430789591644,262.3587504412608,11.706174933405844,258.58664503312457,10.843156753398647,81.9357735029764,92.00395912928592,0.8238100896840614,0.741552615685395,259905.00000000003,1.0,63.3162973554566,63.42882332755734,852.6022296415831,207.33008115843677,834.8065635837473,223.03017037252778,0.4,0.7701106842824654,260.56527989117285,11.277342559373972,0.9983028324037612,0.6811318235587347,259905.00000000003,1.0,1.9223700755199125,1.7850695398933183,14.679139379415163,9.110967173715677,14.021738802965679,8.867027301602532,2045045.2382450462,1385242.3001049168,259052.39777035845,207.33008115844183,1493343.3824681437,654634.5992636381,259890.32086062062,9.110967173711037,1780667.7642947014,1078718.621559011
1271,223.36555912944982,6.396272967840712,259.6872252658214,11.084247354991032,261.5854508617894,11.524468885274755,257.8548200635842,10.586668274271377,82.2466119142243,91.82231320745281,0.8421281170573897,0.727148475020862,259905.00000000003,1.0,63.180858510629164,63.52974587372812,870.1591882614542,189.40314813681704,851.9355629749165,207.37265889102292,0.4,0.7701106842824654,259.8011230983716,11.08474612666181,1.0152022328646018,0.6615159231376281,259905.00000000003,1.0,1.9670996802218488,1.7558918138838933,15.364370160105745,9.351157299314714,14.679139379415163,9.110967173715677,2053400.0121051075,1377932.0629901488,259034.84081173857,189.40314813682036,1497521.1345215724,649398.2369682932,259889.6356298399,9.351157299310167,1787136.459165715,1071737.01510513
1272,222.9353068528899,6.181080078877375,258.9092594048763,10.722063594402313,260.7995107676426,11.255802988054022,257.10058293820623,10.200859173551903,82.17095597390907,91.86617139937829,0.8571256494036578,0.7136959947815337,259905.00000000003,1.0,63.05743980114697,63.6261855044996,887.748912118146,169.32138289015666,869.4925215947875,189.5136568196438,0.4,0.7701106842824654,259.0327226042478,10.78286232789123,1.038597082607218,0.6363048901543897,259905.00000000003,1.0,1.9906459096415876,1.7390244846750935,16.04975232047345,9.56558054728639,15.364370160105745,9.351157299314714,2062745.7918707929,1369465.3904940728,259017.2510878819,169.32138289015984,1501768.65165206,643646.8715956684,259888.95024767955,9.565580547280879,1798010.2279571437,1059512.4349948058
1273,222.52291192706593,5.926791963487521,258.1519639935918,10.286455005292327,260.0087684750963,10.88740913089414,256.3488721146776,9.724644652199329,81.51295097777869,92.22827613504622,0.8623716250638054,0.7077319828064339,259905.00000000003,1.0,63.783599140621284,63.18236305333223,903.949225663573,147.30182641684033,887.0822454514794,169.51656552953725,0.4,0.7701106842824654,258.24903530061397,10.356632891857904,1.0507182002631124,0.6248495418551706,259905.00000000003,1.0,2.0064074491405455,1.7246449158355486,16.738774902684213,9.72636392027558,16.04975232047345,9.56558054728639,2074127.8945593094,1358401.1901185885,259001.05077433644,147.30182641684263,1509031.8425308994,632486.2727755632,259888.26122509735,9.726363920269291,1808961.4647800832,1046269.137480305
1274,222.10960156326215,5.637788619244004,257.39373744616313,9.780905327240907,259.22013678326874,10.463834170390971,255.5982389951033,9.172239151821525,80.21818528130657,92.85647285636854,0.8666666666666667,0.7026910374038254,259905.00000000003,1.0,64.23737045178022,62.8803738116402,918.3967071597659,124.2530328674284,903.2825589969062,147.6018584262897,0.4,0.7701106842824654,257.46617974517164,9.848544000753863,1.0571256494036578,0.6171320117143909,259905.00000000003,1.0,2.0052459756601477,1.7259200817424363,17.420228562274037,9.822612163563653,16.738774902684213,9.72636392027558,2081530.1043897856,1350883.2268548652,258986.60329284027,124.25303286743143,1511649.552384032,628178.7048961243,259887.57977143774,9.822612163557375,1818233.9604100147,1034406.5767640545
1275,221.65807356329327,5.271411307506504,256.5909664057309,9.15054063904062,258.38945096195005,9.874283501247188,254.81904426800722,8.496526256677331,77.35992639767473,93.47778601470506,0.8571078757899209,0.7087405496375077,259905.00000000003,1.0,64.89763201951553,62.50937429661825,929.3352269954686,105.13069141102223,917.7300404930993,124.68850902387182,0.4,0.7701106842824654,256.68752165019856,9.248121648225903,1.1484007429545184,0.683705880775626,259905.00000000003,1.0,1.9947362507261157,1.7366803922470473,17.999897403378966,9.787698198182847,17.420228562274037,9.822612163563653,2075610.8246893361,1355497.7406742668,258975.66477300457,105.13069141102254,1503471.0821577937,638044.7113628745,259887.00010259665,9.787698198177766,1830972.9764068972,1019840.2522927774
1276,221.12318310438513,4.669144058122394,255.69008860682823,8.2049483621568,257.47049786890847,9.025415475359356,253.9812512650841,7.582318296014884,74.90587038420135,94.15002017750965,0.8492817997368878,0.7144407925655755,259905.00000000003,1.0,65.12960460472932,62.3754736863335,937.595544308537,89.05579204367612,928.6685603288018,105.71640362766787,0.39044120912325414,0.7733375929442307,255.8536844871436,8.489717504017651,1.3569535413091205,1.1595979500024503,259905.00000000003,1.0,1.9634975513167292,1.764564382415154,18.33977474671991,9.648487887367455,17.999897403378966,9.787698198182847,2062113.9876452219,1364425.2678168213,258967.4044556915,89.0557920436751,1488733.4940620707,651113.7800588475,259886.6602252533,9.6484878873619,1845798.4648804811,1003570.8859227613
1277,220.47269272211213,3.5599581509381677,254.65329328374347,6.658474803371419,256.43802132839477,7.646484486091254,252.99434716319647,5.995148566937855,72.03463617703818,94.38387315516738,0.8428743505963424,0.7195967807326811,259905.00000000003,1.0,63.91691126081793,62.65573140207086,944.2037282074942,74.43084586761631,936.9288776418704,89.80992905607023,0.382615133070221,0.7761500290277162,254.89391613020217,7.2283915369199745,1.4763916939327628,1.3503580423200836,259905.00000000003,1.0,1.9318791591933717,1.7864251709901784,18.528595545313852,9.511771651488706,18.33977474671991,9.648487887367455,2039494.2440431158,1374864.5430648988,258960.79627179253,74.43084586761431,1462811.528988593,665970.9485149926,259886.4714044547,9.511771651482722,1855964.4244028064,993720.7676421346
1278,219.907917849484,2.4854440423822344,253.7188049128635,5.08817588875443,255.44592739398405,6.102423934832256,252.1316362119031,4.5110781497235735,64.65817515917162,89.31130500848896,0.8376283749361948,0.7241389147199172,259905.00000000003,1.0,60.592188781493675,62.16473160396789,946.9565953611042,69.50731068814284,943.7282373583624,74.65494885225131,0.37620768392967563,0.7785656762187002,253.947507763898,5.762533068759984,1.5741793825765604,1.431482513816263,259905.00000000003,1.0,1.9059922091991004,1.8057462569274891,18.670212032283693,9.355933155841438,18.528595545313852,9.511771651488706,1942129.0297547008,1330465.8941288735,258958.0434046389,69.50731068814171,1411235.8366272561,662071.4183358656,259886.32978796773,9.35593315583577,1809737.4860704378,996185.438620361
1279,219.5442652657396,1.7648897924110163,253.02151437256583,3.783862958986602,254.61720253070766,4.546125964661917,251.45789804300594,3.23411040897711,55.456021599831914,78.36604966735189,0.7855393789496039,0.7167640919992428,259905.00000000003,1.0,56.96754890569896,59.50702274497002,944.3405593482165,72.30119695137047,946.6376260330331,69.37320256376837,0.37096170826952807,0.7806184902479115,253.12273131213368,4.232489733290364,1.6542411705416522,1.4628356637290525,259905.00000000003,1.0,2.028179630286587,1.8536743917035654,18.916562760800193,9.06064746961055,18.670212032283693,9.355933155841438,1833064.783777214,1241886.167777763,258960.6594406518,72.30119695136823,1361381.6098248372,644837.3791330806,259886.08343723923,9.060647469605826,1744740.8421874102,983488.5412851945
1280,219.32113411047683,1.3183341409730447,252.48997169089864,2.5762158213585686,253.9798087681308,3.101328565085815,250.9577230285737,2.0802723912412864,45.7577914841591,62.78737628895762,0.7559677895611843,0.6545981748735199,259905.00000000003,1.0,51.59781465516898,53.36254938680077,937.5537480423852,75.07328717215141,944.1497390029563,72.09724257553142,0.3666666666666667,0.7823490993595377,252.51702353531823,2.9097923745245913,1.6977006655577196,1.4555279670313668,259905.00000000003,1.0,2.1317347122162134,1.8563210753450843,19.274268669354615,8.597377363583417,18.916562760800193,9.06064746961055,1695922.4016371286,1069103.3581948555,258967.44625195765,75.07328717214692,1302616.649278464,613471.4700810664,259885.72573133066,8.597377363580211,1648084.8306720958,921720.7085435825
1281,219.1631129253445,1.0345287574371793,252.1139678614327,1.6742930115232757,253.55361832566157,2.002037213677443,250.63585417275604,1.3319569709712515,37.51102805264972,47.688810720306535,0.7317566199114905,0.6140066497345157,259905.00000000003,1.0,44.527761882372964,39.32117414230666,929.7193567606932,77.49194164414851,937.467847210328,74.96716849928431,0.3571078757899208,0.7851060138136966,252.132648738672,1.9472541705482547,1.6840515335964459,1.4676169318239973,259905.00000000003,1.0,2.175757453337803,1.8611750746673847,19.731614256273083,8.017731823845658,19.274268669354615,8.597377363583417,1569514.7075290794,889811.6848482258,258975.28064323933,77.49194164414394,1246086.7450728512,590612.0430861498,259885.26838574375,8.017731823844178,1555139.9322467032,862258.3885197496
1282,219.09301531242244,0.9882321096705131,251.905524951192,1.3157024792611793,253.29227373123183,1.3922270425312762,250.49085081201173,1.153272335709814,30.328957944744705,31.4818879705857,0.711934190751298,0.5891632791685028,259905.00000000003,1.0,39.10931685456716,28.625490758145073,920.2270636601195,77.89834138562081,929.7193567606932,77.49194164414851,0.34928179973688767,0.7875338459027731,251.88466407636088,1.4011947799405364,1.6809001918602453,1.4708187271089452,259905.00000000003,1.0,2.205757917098105,1.8612865954492797,20.25647198151094,7.366454531037484,19.731614256273083,8.017731823845658,1446837.7778081265,671940.9352326706,258984.7729363399,77.89834138561537,1191441.9813231595,561778.3053294986,259884.7435280185,7.366454531036001,1452967.2528899654,778817.2702121774
1283,219.06101920595918,0.972900325177553,251.79288829397606,1.1666529390662805,253.1435808763723,1.0874784965832167,250.40702467199975,1.0855752566558472,25.240838477907282,18.55036369240059,0.6861461675203928,0.5598127628858828,259905.00000000003,1.0,35.38889656770308,21.990283070749985,909.3928594028033,75.86013758028848,920.2270636601195,77.89834138562081,0.3428743505963423,0.7896349219888862,251.73004539688606,1.1369823767451386,1.6592025097138678,1.4844966153916734,259905.00000000003,1.0,2.230320219385266,1.8555588777015513,20.82758969118234,6.628059143377927,20.25647198151094,7.366454531037484,1352906.0991527312,499854.59040502494,258995.60714059722,75.86013758028459,1150532.2189329294,538813.1143651793,259884.17241030885,6.62805914337739,1367627.4713839686,707789.7152374713
1284,219.03868678063637,0.9585486293024633,251.73286205406572,1.1016245191256449,253.0713444761111,0.9634446230363719,250.36855599148228,1.0537953265146678,22.148805873040835,11.390587120739857,0.682615133070221,0.5588874515037966,259905.00000000003,1.0,32.3685327822028,17.170068648817065,898.4905173605712,73.26725425078676,909.3928594028033,75.86013758028848,0.33762837493619474,0.791430498357628,251.6461474492825,1.02233018668507,1.631879159193372,1.5010091668982344,259905.00000000003,1.0,2.341064755095171,1.9234863959737185,21.53677528708414,5.832921671390352,20.82758969118234,6.628059143377927,1278225.6069321195,372300.7941422089,259006.50948263943,73.26725425078357,1107160.2902418599,521523.5548826766,259883.46322471293,5.832921671390538,1291690.7143335657,657111.0063550578
1285,218.9893310290405,0.9303705497123784,251.67613924870534,1.0692405119347297,253.03808060504005,0.914015262086967,250.31767066222775,1.044759904331992,20.584742563169296,8.509145759056542,0.6762076839296757,0.5657630824577949,259905.00000000003,1.0,29.835055249928708,13.458245974602336,888.5639969898821,71.31322794460823,898.4905173605712,73.26725425078676,0.33333333333333337,0.7929507613443849,251.61442987017398,0.9806805961954781,1.8831971446247315,2.0616524989833147,259905.00000000003,1.0,2.2501176855580414,1.7436898723934835,21.903695828017447,5.351690069163014,21.53677528708414,5.832921671390352,1229027.5195803458,293831.1340033272,259016.43600301014,71.31322794460462,1064747.9388090777,503696.17148906353,259883.096304172,5.351690069163982,1234680.8264447742,623581.1942853505
1286,218.94801718983396,0.9108523080211204,251.62865870356313,1.046808827417187,253.0005200756893,0.8776068486825066,250.25260762962534,1.0219053259975606,19.471005684502526,6.822140332484889,0.6614029173927822,0.5777296670588237,259905.00000000003,1.0,28.53756848334046,13.0003534542306,878.8360312736513,68.29821938433838,888.5639969898821,71.31322794460823,0.33333333333333337,0.7929507613443849,251.55626885746838,0.9210886962679055,2.08895890809899,2.314384741465432,259905.00000000003,1.0,2.193238936055731,1.6245510496959044,22.00797585597419,5.223610080113007,21.903695828017447,5.351690069163014,1187641.4695857593,242630.30231613526,259026.16396872638,68.29821938433673,1026785.1748337997,491776.14034632925,259882.99202414404,5.223610080114241,1181555.511387628,598518.5920257381
1287,218.90716795397714,0.8920688006781821,251.58171211579747,1.025221485329166,252.98257113299962,0.8631496990618265,250.19379154424513,1.0012843272387824,18.682481357584535,6.357057844602576,0.6492817997368877,0.5879172778978933,259905.00000000003,1.0,26.858908044140918,11.308637325325707,870.0103227873581,66.4960089699704,878.8360312736513,68.29821938433838,0.33333333333333337,0.7929507613443849,251.50458965362802,0.882417094932675,2.2131449199252056,2.4369317200596483,259905.00000000003,1.0,2.1597458281643287,1.5657697270540532,21.954576764213314,5.284986186795483,22.00797585597419,5.223610080113007,1154575.5813066717,209644.15854971405,259034.98967721267,66.49600896997005,994699.9805832027,490850.53489740787,259883.0454232358,5.284986186795786,1142703.1051940552,591054.6418771746
1288,218.86540616010782,0.8709140471658179,251.53371670976492,1.0009089750630922,252.96534995604964,0.8553158939140357,250.14135293946097,0.9865759803726586,18.270220167157902,6.623170653043845,0.575962814459121,0.5212934694295481,259905.00000000003,1.0,25.48201129300814,10.140776778083993,862.2225688470487,66.49920857358771,870.0103227873581,66.4960089699704,0.33333333333333337,0.7929507613443849,251.47810247205635,0.8744793703172054,2.3218527922014585,2.488893619374364,259905.00000000003,1.0,2.1418827815942247,1.5421027273614445,21.77460675360608,5.457794450013715,21.954576764213314,5.284986186795483,1131656.7215723211,211936.55394506862,259042.77743115296,66.49920857358713,968598.5022343848,500224.8545783415,259883.22539324642,5.457794450015779,1115229.1440178305,598815.7103954727
1289,218.797083181323,0.8559516010836876,251.45519557427133,0.9837131056071706,252.9220787477156,0.8629237940958038,250.05968934903805,0.9741333563130606,18.047296376913035,6.861859704575098,0.582845842564963,0.5390839894497803,259905.00000000003,1.0,24.346483224963272,9.599304901758957,855.3405361564335,67.86406059070092,862.2225688470487,66.49920857358771,0.33333333333333337,0.7929507613443849,251.44383665694917,0.8729889688468097,2.4143717529817117,2.502979775755564,259905.00000000003,1.0,2.064951725456691,1.5198466315476666,21.42518672608106,5.774766607719139,21.77460675360608,5.457794450013715,1115242.504588547,223835.97998410315,259049.6594638436,67.86406059069922,945827.5659222235,512321.69202307996,259883.57481327394,5.774766607720105,1096082.8122962099,607706.1895544584
1290,218.73784846472637,0.8208466047796603,251.38711916749907,0.9433680949481426,252.85621666477644,0.8361256553198845,249.97646017278285,0.9292995539389416,17.754583463433207,7.135324165192525,0.5884811893495159,0.5495083025881223,259905.00000000003,1.0,23.636151835521897,9.16702183092399,848.8704865949953,70.35244020450114,855.3405361564335,67.86406059070092,0.33333333333333337,0.7929507613443849,251.37001872301198,0.887314356323537,2.388141874680974,2.5246522433999816,259905.00000000003,1.0,2.11657302858808,1.5356256415646579,21.153617879988165,5.893498091834318,21.42518672608106,5.774766607719139,1101123.5047034803,235201.01595594612,259056.12951340503,70.35244020449896,931188.6082464835,519326.27325662645,259883.84638212004,5.893498091834734,1081092.0599355367,616355.2485592153
1291,218.71779393067024,0.7967896352869513,251.36407110352243,0.9157201490508923,252.8236645036195,0.7953359031151608,249.92842612544416,0.8858968356640408,17.374074361777755,7.372378715628505,0.5966115037123004,0.5590838079110781,259905.00000000003,1.0,23.850834930200417,9.468641218921302,841.7971145228604,74.72506124472876,848.8704865949953,70.35244020450114,0.24730421544262024,0.6322319094938664,251.3153517628686,0.8617704674405058,2.357107875789921,2.5451736485000467,259905.00000000003,1.0,2.2257485131129306,1.5713863529438845,21.022258517311176,5.901642085491095,21.153617879988165,5.893498091834318,1098120.143998893,235546.16903706497,259063.20288547716,74.72506124472788,927682.5428383271,519594.23174966476,259883.97774148273,5.901642085491748,1072584.2508908098,619359.0503806056
1292,218.69654805232577,0.7765952987087991,251.33965396504578,0.8925115106747304,252.8178888712777,0.786895804928689,249.88481510678542,0.8430773822832157,17.307453572712742,7.384009457882554,0.6032680421133036,0.5640117700745161,259905.00000000003,1.0,24.186727249309797,9.577159510005124,834.31457280415,79.53891629149723,841.7971145228604,74.72506124472876,0.1768695309653222,0.4923884609799979,251.3098200619902,0.85636035543139,2.358840590613634,2.543861683471758,259905.00000000003,1.0,2.3116173571296033,1.5736551214923884,20.975035283827143,5.888804967045358,21.022258517311176,5.901642085491095,1092733.5376774874,234056.75329756908,259070.68542719586,79.53891629149629,923846.8056602725,519655.0811955309,259884.0249647162,5.888804967046307,1062150.4948077588,620438.9132180843
1293,218.72379978321786,0.8100191794286219,251.37097333990252,0.9309243568162299,252.85491182961397,0.8400035429884276,249.89564046622783,0.8552126314234595,17.24325192717116,7.386977891578919,0.6142157515798415,0.566596161139646,259905.00000000003,1.0,25.315981491363726,10.850266002718019,825.6276274883776,86.00513296986821,834.31457280415,79.53891629149723,0.2625843518516025,0.878852740366569,251.31962927467933,0.8683318487355055,2.3602592175261217,2.542734279539783,259905.00000000003,1.0,2.51222741008574,1.7861095587670133,21.12700347638676,6.026618936148764,20.975035283827143,5.888804967045358,1081027.4847072307,218782.22406572214,259079.37237251166,86.00513296986657,919633.4493166795,518394.00751801126,259883.87299652363,6.026618936149554,1039279.2956343859,618563.4036777329
1294,218.78856028764605,0.8826483196581272,251.44540008670992,1.0143942660583656,252.94180882517256,0.970100566076388,249.9550463736845,0.9336705665917947,17.211340815844977,7.3895181073902965,0.5985635994737754,0.5771180603518647,259905.00000000003,1.0,26.343603687035674,11.490603027655014,815.9541537629736,93.33195552226127,825.684980233638,85.8776322121246,0.33276171170577107,1.0538065685380855,251.38072905712414,0.9479679747531232,2.3614206910065194,2.5417754915543465,259905.00000000003,1.0,2.6799895124635436,1.8826703290953348,21.43601350696704,6.4436081888216155,21.117444685510016,6.01464954971695,1070280.2231254913,207824.41301381701,259089.04584623704,93.33195552225897,873684.0975412723,443442.20579746814,259883.56398649307,6.443608188820785,970941.6249060516,531737.8830830058
1295,218.88359933095325,0.9110570685973951,251.55462483608707,1.0470434351609037,253.06173867923147,1.0647757944364618,250.0620272193555,1.0197588634558934,17.039752664500572,7.357290872554005,0.5857487011926846,0.5862328066964284,259905.00000000003,1.0,27.07420671890203,11.456710804484068,805.4382602089581,100.38259518586435,816.0584629645523,93.11359733080876,0.39021807438819905,1.1502870892859065,251.48129618078613,1.0572206272777818,2.410165579447535,2.548188523761503,259905.00000000003,1.0,2.742406346390733,1.9007613451367227,21.75086940698046,6.84727249821521,21.418628640037262,6.417126168662,1054372.0372114906,190011.4787031588,259099.56173979107,100.38259518586291,837466.2488693643,381169.0809464623,259883.24913059303,6.847272498215981,912175.9346835833,437488.6428423835
1296,218.97871323537638,0.9013457098812209,251.66393566341458,1.0358826540890298,253.18810998306125,1.0894321557362456,250.17477561768092,1.0749693056307243,16.929381343421785,7.369588591803586,0.5752567498723895,0.5940150249976688,259905.00000000003,1.0,27.195818466059,11.405318572881399,794.7393202328705,106.58819923252932,805.5810141053801,100.10563106058714,0.4689077092904126,1.2022446706475738,251.59406819163004,1.0894450836215233,2.4535910013155617,2.5466888924661126,259905.00000000003,1.0,2.7688935493146,1.893956632289328,22.042379638909175,7.181499989204348,21.727077090910136,6.8108138131782425,1028523.6756987263,172248.87369703018,259110.26067976715,106.58819923252929,795440.0073491018,308137.58047165413,259882.95762036112,7.181499989205461,853379.6040357569,333852.5020524558
1297,219.09860359437718,0.8857113123768249,251.8017210823064,1.017914563170207,253.3132174631515,1.0789808029019856,250.3088378449032,1.119420726208149,16.714851033062036,7.520982499212583,0.5762254575434126,0.59350278204429,259905.00000000003,1.0,27.32703408720606,11.327633098872736,783.7251414715658,112.41309494152293,794.9135499832533,106.27706816793568,0.5333333333333334,1.227765983353621,251.70930442512497,1.0933065239928415,2.4856282470182887,2.5388565225316597,259905.00000000003,1.0,2.781020646034641,1.888206916455856,22.308733746195053,7.46209371124171,22.013341347178702,7.138672613082505,997598.3552430716,167035.7705243744,259121.27485852846,112.41309494152298,752165.6713332722,228974.44621015128,259882.69126625382,7.462093711243835,797397.5807817933,236506.97600237073
1298,219.2563185026939,1.0292172509863962,251.98297694673948,1.1828405737487022,253.5401833416702,1.3577156560029755,250.47446547282473,1.2560479492062897,16.576899122547985,7.5333450444737275,0.5649339518429539,0.5967692396586279,259905.00000000003,1.0,27.274438050056258,11.355136305398265,772.6626685922147,117.44485493875692,783.9251414715659,112.08459324110491,0.6098036603473006,1.2643020156555969,251.9608765942918,1.4246446187843922,2.502299334442281,2.535227448665156,259905.00000000003,1.0,2.751277506897469,1.9097704491903251,22.52437858531691,7.657614671412296,22.27540041286172,7.415205157364353,986729.255789281,157420.09654801682,259132.33733140782,117.44485493875571,735603.3499061621,176226.90994839673,259882.47562141472,7.657614671414733,768159.701793917,158324.89186654083
1299,219.43142674827945,1.2890884977522723,252.18422230267979,1.4815010001221451,253.77533640922,1.6870036575528695,250.66291551091663,1.546750574775212,16.24915311196856,7.457051987442255,0.5556892488774331,0.6004345001611928,259905.00000000003,1.0,27.191159579322118,11.3820344502262,761.3649728759837,121.8663079108727,772.8626685922146,117.15000492642886,0.6724122687715656,1.2794779300386985,252.2305137750295,1.8339793695852196,2.5446248390337924,2.5317404487635082,259905.00000000003,1.0,2.6982495115625507,1.9365328849840224,22.644669924512332,7.753264493437618,22.491045251983575,7.612907426479659,986938.5669515679,157708.71536446942,259143.63502712405,121.8663079108716,747768.8616018274,199136.21844558825,259882.35533007552,7.753264493441397,770887.3422807693,162978.17206066646
1300,219.6275628462244,1.6136186163690867,252.40963421960913,1.854471356365032,254.0254884582952,2.0035585544060757,250.86175507999,1.8642989913565489,15.343796501949605,6.121496262899443,0.538561535379744,0.6043415043647609,259905.00000000003,1.0,27.255710983612936,11.342039591649792,749.1144968589406,124.83017148538931,761.5649728759836,121.60140465914249,0.7236718618959285,1.2824109782051702,252.49934023718748,2.193454892934983,2.561695618052346,2.5209125645979835,259905.00000000003,1.0,2.675932756883849,1.9548161991483741,22.725573730010503,7.817380931899838,22.611336591179,7.7096500107299315,995833.3066326451,173990.17014012125,259155.8855031411,124.83017148538907,769140.298821721,245391.52558957684,259882.27442627,7.817380931903207,786791.4223512425,196808.48470282005
1301,219.84134628694798,1.9691575758347941,252.65532737174703,2.263078524600842,254.28012008525633,2.3291363780388172,251.09047202919504,2.2473364871322787,14.552233422856204,4.934866224991832,0.5245385496092771,0.6089412409776264,259905.00000000003,1.0,27.456351840455692,11.178829194839121,735.8858398917318,126.13777092835281,749.3144968589405,124.5919158164381,0.765639667177109,1.27850711052283,252.78535760807333,2.577107479478478,2.5756719898138347,2.510267900403934,259905.00000000003,1.0,2.6672201343962447,1.9608147213833282,22.78378854125958,7.867651986246685,22.69224039667717,7.774485011238475,1007315.3546702866,185657.74114233337,259169.1141601083,126.13777092835414,793331.68941099,278786.65158151346,259882.21621145876,7.867651986250314,806447.6923193254,221810.18950959793
1302,220.06914710238928,2.320615070871588,252.9171300663299,2.666994875782425,254.56885389434674,2.694634531409069,251.34491342112767,2.665504191596579,13.867902537616937,4.133776703331268,0.509541017263009,0.6163378911987296,259905.00000000003,1.0,27.668416634660502,10.95808342752562,721.7757847774252,125.63100463011409,736.0858398917318,125.92372673778844,0.8,1.2710506750966757,253.07413267240827,2.949555092459607,2.5775560843146703,2.5088337954783717,259905.00000000003,1.0,2.663603325071697,1.9638609325377872,22.836502448683273,7.914841630382488,22.750455207926247,7.825288182987311,1019535.1809575999,196580.09806616255,259183.2242152226,125.63100463011605,825123.4169917873,320982.8912860515,259882.16349755134,7.914841630387005,830493.1855074767,257110.18466550225
1303,220.2988140700946,2.6470519870007614,253.1810773622618,3.0421557381592934,254.84028926282596,2.9811879553870217,251.61288791160453,3.061538530361205,13.34233847745144,3.929118677423542,0.5042950416028614,0.6200969899601955,259905.00000000003,1.0,27.078426356105748,10.922981633512673,707.7354018571681,124.9950259305159,721.9757847774252,125.43937048880201,0.8,1.2710506750966757,253.34159000664823,3.23981595623629,2.582615133070221,2.5049637254997235,259905.00000000003,1.0,2.6858020220338954,1.944658980713702,22.906356004313615,7.979236631667065,22.803169115349938,7.872962647316221,1028954.2170002495,200241.9460210829,259197.26459814285,124.99502593051787,850256.3227388746,337247.2535397162,259882.0936439957,7.979236631671458,847940.9574437736,268069.3576401577
1304,220.56108022272886,2.986944023376113,253.4824898471935,3.4327806323872863,255.1526118584718,3.2918771155420825,251.91759758455882,3.4708317835196425,12.976330363370927,3.987333608991428,0.5,0.623225482447809,259905.00000000003,1.0,26.640651299834932,11.053172218829655,693.7710809207041,124.03498665968644,707.935401857168,124.82568912386465,0.8,1.2710506750966757,253.63104275304147,3.5323850574396842,2.5762076839296757,2.510906488082994,259905.00000000003,1.0,2.7240850167298882,1.9040481700494467,23.020900003780493,8.088240973026169,22.87302267098028,7.938000851772031,1036556.288550367,197878.38390148059,259211.22891907932,124.03498665968853,873418.5847762076,339550.95633808745,259881.97909999624,8.088240973030196,860807.7300402953,268304.7965914489
1305,220.896880625568,3.389780734803872,253.86841249714374,3.895745615571994,255.53488700659105,3.7110503991536454,252.26847990876544,3.8756554157681546,12.688359417506627,4.047680452807288,0.4904412091232541,0.628783149788641,259905.00000000003,1.0,26.655568753990803,11.072691592671283,679.5134303750966,124.79137040313142,693.971080920704,123.88766045592999,0.809558790876746,1.265894737403576,253.95509557596,3.8573698617687637,2.494491381255561,2.5387166949457374,259905.00000000003,1.0,2.7841048544376568,1.846942715210387,23.105121907847828,8.131584538214229,22.98756667044716,8.048054542714366,1038321.0641843103,197500.36907785237,259225.48656962492,124.79137040313522,887594.7028618118,338631.0480102225,259881.89487809216,8.131584538218412,856606.3238356959,268973.7417048058
1306,221.35263706384941,3.9652460337953577,254.3921959956025,4.5571058354865,256.0639800612133,4.351971230407651,252.71880201467172,4.3912381685806,12.578834343654847,4.041967298676178,0.482615133070221,0.633518170620209,259905.00000000003,1.0,27.924044731427713,13.756277370408409,663.8856048542535,128.794481026383,679.7134303750967,124.66860207018406,0.8651788213135087,1.2657552658488045,254.38345154407196,4.273402849084319,2.312882240707484,2.441684777808666,259905.00000000003,1.0,2.829728458717744,1.7918819528769279,23.275707187788733,8.105252924953861,23.071788574514496,8.091972280851426,1043644.4899998731,198493.65897485308,259241.11439514576,128.79448102638588,902978.3613551025,341343.9073186012,259881.72429281223,8.105252924958357,847070.857306954,269242.4926941263
1307,221.91339258960338,4.589243368059341,255.0366509599344,5.274242216026239,256.6836104213005,5.053876444930373,253.28701545011882,4.987692561111676,12.261733130539938,3.539807886077071,0.48576647480642154,0.6322577342222626,259905.00000000003,1.0,28.887649865205425,15.03159058889239,646.9739216447816,134.63384061304757,664.0856048542536,128.70065751316153,0.9202754415959654,1.26276727237053,254.93417595551117,4.843722924655383,2.167709734946724,2.3964944156545656,259905.00000000003,1.0,2.857523115731366,1.7572083019824065,23.503925545974205,7.946247570616016,23.2423738544554,8.066240621967655,1046819.5954886177,200188.6011676192,259258.02607835524,134.63384061305013,916286.0560007049,341830.1200544339,259881.49607445404,7.946247570620556,834016.9069633113,267650.23678617214
1308,222.55026680723216,5.207809563089892,255.76858633219587,5.985136976493329,257.3934628853109,5.736121504538275,253.96433008757435,5.633126723463499,11.978487894063631,3.3364508312483987,0.48834657519930713,0.6310281876136499,259905.00000000003,1.0,30.013273064871917,15.693096851909276,628.6507898987741,141.5268410298485,647.1739216447817,134.5700928050659,0.9653847390118729,1.2528917448568537,255.59063415440872,5.442433349003887,2.048852539978999,2.3853656973458945,259905.00000000003,1.0,2.8697300082616373,1.739543694689226,23.768780429775013,7.630512241003153,23.47059221264087,7.9074460127556465,1045918.0389113572,199877.6269275191,259276.34921010124,141.5268410298545,927115.4230228999,340275.1036546275,259881.23121957024,7.630512241008211,819046.1052705772,265496.3633525551
1309,223.19037858170083,5.817219111143607,256.50424241152257,6.685508134219409,258.1236189535271,6.414917376033521,254.6791634687516,6.276950140347822,11.664073673052933,3.1475387984201575,0.49045898273699107,0.6298882978717473,259905.00000000003,1.0,29.92667521305129,15.59999275998546,610.0977293760387,150.01428649012024,628.850789898774,141.49299472688617,1.0023171080560176,1.2397140545850023,256.3014670014616,6.061420616228188,1.9515404992343368,2.3894518469245485,259905.00000000003,1.0,2.7328258207784875,1.768703263960799,23.91673241798583,7.431254023406452,23.735447096441682,7.591299948314415,1038618.7564253383,195691.0052429276,259294.90227062398,150.01428649012382,931263.6535976634,340147.59668117773,259881.08326758203,7.431254023412119,806811.1337571255,265841.6412245149
1310,223.831417052931,6.379708473366533,257.2409634340242,7.331955788961528,258.84677348544426,7.024776076333846,255.41466047982328,6.924331409150459,11.412052512012014,3.1963291692982607,0.4383522131366632,0.5878747192418706,259905.00000000003,1.0,29.832346898880445,15.569520249777332,591.4390827760336,158.83841735622383,610.2977293760387,150.00794680458318,1.0290382917304721,1.2259275172057567,257.0150663989941,6.677798973282674,1.8904412091232543,2.409125303299564,259905.00000000003,1.0,2.610188704322843,1.8274035337461891,24.003146579852086,7.319060609120001,23.8833990846525,7.39167489754304,1030312.2389991259,197633.11168034628,259313.56091722398,158.8384173562271,932681.4961435715,339562.5450760177,259880.99685342016,7.319060609123753,796340.843503739,270830.3131080086
1311,224.45179576074065,6.777563870367496,257.9539409797313,7.789195963422532,259.527767905022,7.487284186399012,256.1329012707609,7.421831970260232,11.33909196371669,3.119260411390654,0.39569079842132593,0.5608470274427388,259905.00000000003,1.0,29.3317026870009,15.771487824661138,573.2507812543281,165.99928102956113,591.6390827760337,158.8567329416651,1.0333333333333334,1.2224186529885068,257.68670256767797,7.194824098145224,1.892173923946967,2.4079118296273303,259905.00000000003,1.0,2.5097819256118012,1.8863550899011643,23.987421248183587,7.336922490017033,23.969813246518754,7.279280818042086,1020747.2212664717,202063.69648116152,259331.7492187457,165.9992810295621,932259.1504010187,339918.8533089274,259881.01257875183,7.336922490020366,789385.2257637868,274475.43605863256
1312,225.06051720113035,7.059445861956097,258.65352131903256,8.113152231804238,260.21473327743496,7.836405861941239,256.82772732844717,7.7821319264387325,11.332550304355205,3.1168622867458047,0.35724610357805375,0.5464660772865769,259905.00000000003,1.0,28.885556025000223,16.07389706560839,555.540529430105,171.50111308842978,573.450781254328,166.03947202016118,1.0333333333333334,1.2224186529885068,258.34035083377415,7.529495786517938,1.9031513417362007,2.4006343719094874,259905.00000000003,1.0,2.4215334998328415,1.9408329952041163,23.872470072946896,7.449736133536625,23.954087914850255,7.297165761227356,1011802.3285575166,208457.91487352937,259349.4594705699,171.50111308842878,929661.4061949832,342101.2259616017,259881.12752992706,7.449736133540061,786933.671720893,276369.51790658425
1313,225.64611960151086,7.269314939464637,259.32653185433645,8.354346795735339,260.8821949468367,8.088524847875403,257.51244648629165,8.065167753562863,11.454975210703505,3.250726541183276,0.32577024961716833,0.5386262628652119,259905.00000000003,1.0,28.30097435373417,16.52974526527623,538.5687600374572,175.08292151475587,555.740529430105,171.56137425725595,1.0333333333333334,1.2224186529885068,258.99311470862295,7.768662237960475,1.9121388912696315,2.3954829389570746,259905.00000000003,1.0,2.3492817997368878,1.9903288316079606,23.67627964808082,7.620863801381154,23.83913673961356,7.410049751140313,999855.8825507747,217539.47416348473,259366.43123996258,175.08292151475408,922019.7924805665,346338.4679591757,259881.32372035194,7.620863801383756,779645.1350673867,280818.6555075061
1314,226.23531098622456,7.452472115730809,260.003667165319,8.564842373220067,261.55907129756815,8.315485669740315,258.19515619544757,8.328124980430713,12.103031297631937,4.7244326027605865,0.30000000000000004,0.5349676676555291,259905.00000000003,1.0,28.455719701517054,16.4591167327288,522.116071633572,176.97646186216656,538.7687600374571,175.1619980296469,1.0428921242100793,1.2151594306910805,259.646145162221,7.9688431992102196,1.9194972744674632,2.3908969166329785,259905.00000000003,1.0,2.180374905691662,1.9665914785855594,23.303823945971683,7.820960099391131,23.642946314747483,7.5811808816388435,996313.1133074855,219816.70299541578,259382.88392836644,176.976461862165,924393.1829975565,344881.85692375276,259881.69617605404,7.820960099393467,777617.6974122509,282146.1631303304
1315,226.85874922390946,7.5896263696061865,260.72016115065236,8.722468661184879,262.2423928246422,8.504876090957318,258.93055229831066,8.5292218565146,12.426293317615082,5.273607075759346,0.30000000000000004,0.5349676676555291,259905.00000000003,1.0,28.62272932013521,16.340649055533998,505.81963563105194,176.97922598553316,522.316071633572,177.07391736176584,1.0507182002631124,1.2089513969999166,260.3134598026233,8.178811351890428,1.6231569836746034,1.9451732202139598,259905.00000000003,1.0,2.0325268462532056,1.9579186337296433,23.079860475216954,8.008809048570285,23.27049061263835,7.780647065446894,984525.9071876276,227345.59206580478,259399.18036436898,176.9792259855317,923214.8977638178,345882.11175644444,259881.9201395248,8.008809048572056,767715.6185920341,287508.42569918995
1316,227.49359187685087,7.685576600981596,261.44976171132373,8.832740752676726,262.94708764343517,8.613127668138338,259.6743656911095,8.664802846865747,12.55119086003521,5.369049734234018,0.30000000000000004,0.5349676676555291,259905.00000000003,1.0,28.655853699836946,16.311463308645305,489.6149727912502,175.2748570952448,506.0196356310519,177.09571971071918,1.0571256494036578,1.203688493971826,261.00252346545227,8.294149595001889,1.377017591580405,1.5879699095949467,259905.00000000003,1.0,1.8732439297010564,1.9208443723007838,22.94275348000427,8.14622481258608,23.04652714188362,7.968477175761798,974222.3271530835,237687.55533497408,259415.38502720877,175.27485709524305,922233.7060167524,346790.7650172738,259882.05724652,8.146224812587912,759538.147631393,293229.8927919615
1317,228.15550523973332,7.758263418342222,262.21047352283773,8.916277074945997,263.66175313963015,8.682849163772353,260.4424299184668,8.769293030509322,12.657955458705732,5.369108484996856,0.30000000000000004,0.5349676676555291,259905.00000000003,1.0,28.68495496229797,16.285835522848945,473.48797328765795,172.21323905695323,489.81497279125017,175.41159715624423,1.0623716250638053,1.1992571986405,261.7275206464836,8.376700557860168,1.1719792190829534,1.3049671883509943,259905.00000000003,1.0,1.7272330083723781,1.889933846601665,22.86467393596036,8.232354704792268,22.909420146670936,8.10599341021977,963834.5577108361,247939.58564405484,259431.51202671236,172.21323905695178,923233.816441501,345701.4265138832,259882.13532606405,8.232354704793696,749507.5369833491,300748.16496921255
1318,228.8457017829891,7.808153465232521,263.00369003747534,8.973613652023266,264.4107324830888,8.708859528364105,261.2155155350193,8.807312887865027,12.699652644579162,5.338406551871786,0.30000000000000004,0.5349676676555291,259905.00000000003,1.0,28.693081595857727,16.278474392920256,457.3945443363794,168.06125134291364,473.68797328765794,172.37176635054604,1.0762254575434127,1.1889175004217205,262.48446352951817,8.432292048082338,1.004107997958231,1.0983002836005042,259905.00000000003,1.0,1.5981305859185935,1.8704815102292205,22.825363190587392,8.277948178692276,22.83134060262703,8.192217627645622,956515.4898913053,256672.4638593436,259447.60545566364,168.06125134291216,926385.9955267753,341340.19103178993,259882.17463680942,8.277948178691528,742832.1184305487,307377.6388219248
1319,229.60327002681228,7.821012401866443,263.87433426067895,8.988391696405676,265.2320831002963,8.674398310904358,262.02968456804354,8.769927764118831,12.515224977455663,5.601317856285907,0.2330884638627787,0.4291200497839736,259905.00000000003,1.0,29.069654359544312,16.01789117355533,440.807026490428,163.42744895362168,457.5945443363794,168.243483324546,1.0840515335964458,1.1823434914341278,263.28541601017264,8.443394829735457,0.8666666666666668,0.9412791571131015,259905.00000000003,1.0,1.5522106673410179,1.8928582538735168,22.87757385792841,8.208267262785398,22.792029857254057,8.237868695021742,949925.5215205908,265228.8766536025,259464.1929735096,163.42744895362182,931395.4998156129,333692.53692555026,259882.12242614207,8.208267262784293,734958.3096990166,315468.0736650904
1320,230.3814352460688,7.825064551511414,264.7686497809271,8.993048294349155,266.0857681736542,8.611220595351968,262.8820461802136,8.72909036749958,12.346993741169321,5.837585082423965,0.1783059314915469,0.3381124089958379,259905.00000000003,1.0,29.15514190059706,15.96826955185987,424.0205723995087,158.55726499821546,441.00702649042796,163.63581622067764,1.090458982736991,1.1767738733098134,264.16063566533603,8.393903425653503,0.9049018301736503,0.9280650192405488,259905.00000000003,1.0,1.4416607734547646,1.8830869069685217,22.78099946787619,8.323423429977534,22.844240524595076,8.168066281580828,942900.9649717697,274226.5648791783,259480.9794276005,158.5572649982155,931295.9575186896,333832.14677996276,259882.21900053215,8.323423429977396,727658.6418744148,323000.28480207216
1321,231.17010729830676,7.868651558202318,265.67504049900765,9.043140960073789,266.955872341239,8.597672251629046,263.7701843711769,8.731262881767671,12.170477979424238,6.065194070997403,0.13345378750772938,0.25759025526310303,259905.00000000003,1.0,28.520754625766635,15.916207484726668,407.7368419656586,154.71240987366113,424.2205723995087,158.79389686435454,1.0861461675203927,1.1800534674100924,265.0614461308225,8.373764779770912,0.9266473435090369,0.92069551090169,259905.00000000003,1.0,1.298304570027408,1.8205939026878486,22.51932336106123,8.5737013190288,22.747666134542857,8.283379299230473,924953.4388363005,285811.0061433786,259497.26315803436,154.71240987366164,918019.6927841128,345371.5590194063,259882.48067663895,8.57370131902989,712483.5730060062,333019.5406470106
1322,232.03042954759985,7.915550029115684,266.6637760687404,9.097039468245711,267.89501383014266,8.655487529684834,264.7044779593382,8.714646186947423,11.87653492549863,6.131826488819242,0.09673195788669636,0.18233837497348684,259905.00000000003,1.0,28.170894664698338,15.95169823237282,391.54575026857214,150.83774824640784,407.9368419656586,154.97665392542388,1.0826151330702212,1.1828440075954958,265.977438527217,8.403386516673619,0.9348922731414393,0.9180463924479135,259905.00000000003,1.0,1.1784086120522062,1.782029092602472,22.12950636663866,8.866533574366867,22.485990027727894,8.533774235359223,907260.3749696757,292402.51265036874,259513.45424973144,150.83774824640855,905602.0280453078,354106.4917381843,259882.87049363338,8.866533574368018,694238.8710815189,340207.1144450113
1323,232.87871679913403,7.951965939989131,267.6386801784262,9.138890885751048,268.88842472726645,8.776828026652769,265.6322829188681,8.683915272710205,11.712345034610042,6.083857857138886,0.06666666666666667,0.10137340688573189,259905.00000000003,1.0,27.094045883715015,15.30767533387227,376.2973827528005,147.9380452918007,391.7457502685722,151.1309351229362,0.9328258207784872,1.0075246143469294,266.9644764953898,8.501697806784252,0.951201441465197,0.9130450037064707,259905.00000000003,1.0,0.9403807235829863,1.3924870252541413,21.485352315423118,9.083077769964367,22.096173033305327,8.826408221178633,886656.4635159428,293067.58121725696,259528.7026172472,147.9380452917995,888333.8927851543,361460.0820403925,259883.51464768458,9.08307776996682,680966.33866911,345411.316466271
1324,233.67121100824681,7.875051282663741,268.54946362378985,9.050495879293988,269.8178767312923,8.78780557772515,266.5185707721393,8.596609631482943,11.61714354216331,6.033673596758492,0.06666666666666667,0.10137340688573189,259905.00000000003,1.0,25.906265948380405,15.011356238696562,362.0842409346563,145.16411014829535,376.44003000754003,148.1523620089227,0.8101887043228428,0.8772005190218746,267.91359842074945,8.525763323786023,0.9645542591289827,0.9068517149742717,259905.00000000003,1.0,0.7359411803262742,0.99821916809151,20.63296469416382,9.063143946953975,21.46157777296653,9.049058050603067,866810.9642503846,296531.3714055738,259542.91575906536,145.1641101482929,870943.4953721582,370055.7568693616,259884.36703530586,9.063143946957224,671281.9610767084,349303.56036843173
1325,234.52964189940644,7.7953572131481925,269.5360256019395,8.958906684416995,270.81543916562663,8.81406092419264,267.3764142734379,8.418571756159322,11.453616180266685,5.980105863631903,0.06666666666666667,0.10137340688573189,259905.00000000003,1.0,25.338681321039328,14.892873676326547,348.2281999256383,142.4544824827008,362.1799317330776,145.3138844944329,0.7097819256118011,0.7838902394400887,268.80327319892376,8.414834036623734,0.8562739913623143,0.7870244873463426,259905.00000000003,1.0,0.5966921002848834,0.7659244314576255,19.757434336682834,8.939988688428675,20.617016227760267,9.038665243283448,853949.9312756491,297171.47082016943,259556.77180007438,142.45448248269918,856623.4850307588,373283.68243944255,259885.24256566333,8.939988688430574,658995.0177616875,350685.31145000545
1326,235.3967428145876,7.5986091826608915,270.5325517740128,8.732792028231673,271.8418475725527,8.728247361156447,268.2622799460548,8.172671296680786,11.45905216915524,5.983077695314023,0.06666666666666667,0.10137340688573189,259905.00000000003,1.0,25.058722377513092,14.991887182968094,334.61910915419185,138.84892043439075,348.28544602921636,142.54909322703858,0.6310922907095875,0.7290184146063162,269.7521723675432,8.235791790922088,0.7615792979594903,0.6846677280705659,259905.00000000003,1.0,0.5072999746392631,0.6638798146297067,18.8936139960996,8.762235466663315,19.747893319419827,8.924484543417368,848893.4004562362,299856.47185580287,259570.38089084584,138.848920434389,848227.6758614988,378215.0286422057,259886.1063860039,8.762235466665548,651816.2558360752,352904.36497199966
1327,236.25740994087278,7.337189775259065,271.521684021905,8.43235301007105,272.8755535639043,8.503176045074177,269.14795883916787,7.850686792202122,11.758736274686528,6.055775777089497,0.05710787578992077,0.09308525483781031,259905.00000000003,1.0,24.76973117586674,15.121435441259157,321.57677662683886,134.47466279356524,334.644879403809,138.8938015429904,0.5666666666666668,0.6946088885788398,270.7095669611224,7.935150391011524,0.6875663229633195,0.6244905819951757,259905.00000000003,1.0,0.4376283749361948,0.5984945857743575,18.039381006469615,8.522249556102086,18.889318954496737,8.75479289885598,850265.007307889,298660.7847819036,259583.4232233732,134.47466279356374,844578.4175247964,381213.04019087437,259886.96061899356,8.52224955610302,651606.2623012147,353021.2051143775
1328,237.10970728625347,7.152974650113828,272.50119697110665,8.220641929571647,273.81788816195785,8.3953999124272,270.0510672233872,7.5807036541615815,11.717877653253428,6.044784287021345,0.049281799736887656,0.08732356919807122,259905.00000000003,1.0,24.835542699266934,15.107757856926082,308.4098297810885,129.3924666227953,321.57677662683886,134.47466279356524,0.4901963396526995,0.6201663765500858,271.5698101607251,7.819413462707229,0.613894350684405,0.5663341834700227,259905.00000000003,1.0,0.40465696070309565,0.5942951410929115,17.230143616488302,8.272645708954236,18.039381006469615,8.522249556102086,843521.3234608173,298197.58698261465,259596.59017021893,129.3924666227926,829371.5922449229,378973.75179771223,259887.76985638353,8.272645708955345,641787.7616533102,351275.3350326947
1329,237.95338513348588,6.999670744080832,273.4708038075933,8.044456024368724,274.7713941253259,8.307256532085965,270.95811929284724,7.403658248923368,11.62608204103601,6.042670916802877,0.042874350596342294,0.08343931880050365,259905.00000000003,1.0,24.680568020753615,15.15700701500232,295.31246945077453,123.61317274411421,308.4098297810885,129.3924666227953,0.4275877312284346,0.5678017242843673,272.4508306476493,7.788610090610279,0.5153416778327655,0.36665347197240356,259905.00000000003,1.0,0.37161994166725043,0.5880854619747683,16.486421880322787,8.056137883830324,17.230143616488302,8.272645708954236,826982.3613615854,291427.26554581115,259609.68753054924,123.61317274411054,807304.7787725002,371891.49054939277,259888.5135781197,8.056137883828965,622653.7690879572,342364.1278362278
1330,238.7309653942521,6.779523939561089,274.3644471946897,7.791450153459582,275.6888274831633,8.127237588033854,271.85834605928693,7.209031878606675,11.615758006467638,6.042455568394085,0.03762837493619472,0.08090068482133586,259905.00000000003,1.0,24.411491011142477,15.288580464613213,282.47910807116347,116.85130236109273,295.31246945077453,123.61317274411421,0.3763281381040717,0.5324318268618218,273.36369565351487,7.762623097157987,0.47333488287722625,0.35019347132853984,259905.00000000003,1.0,0.3445715181925812,0.5858148116419762,15.757658515638143,7.788797555655378,16.486421880322787,8.056137883830324,804578.876799604,269406.80955154024,259622.52089192887,116.85130236108876,777987.4142480823,345543.2824142865,259889.24234148438,7.788797555653461,597101.1932612341,310445.02002967225
1331,239.46031200712355,6.514558600791227,275.2026576792213,7.486935851597223,276.56815895569366,7.866909622831059,272.69716716350774,6.969064659698004,11.545990028365036,6.060843370152747,0.03333333333333333,0.07929507613443851,259905.00000000003,1.0,24.089014659967244,15.453008171686495,269.9027501062279,109.1079172050834,282.47910807116347,116.85130236109273,0.3343603328228911,0.5095853590370683,274.234012151826,7.678823031758355,0.44245911065489724,0.3497152524745333,259905.00000000003,1.0,0.30330856031810133,0.5639095592978584,15.018507965301348,7.416758327708294,15.757658515638143,7.788797555655378,781301.9209025392,250092.2081262527,259635.0972498938,109.10791720508058,757554.4396973728,318845.13548814924,259889.9814920347,7.416758327705073,580128.5080667557,280394.3863642343
1332,240.20379979049181,6.260664912078514,276.05712035385903,7.195145915162862,277.4384339788418,7.620441970323163,273.49098828762584,6.6986986399329975,11.50610347260627,6.081560093557068,0.03333333333333333,0.07929507613443851,259905.00000000003,1.0,24.02572796253137,15.475872613687134,257.34979228296953,100.47953725086032,269.9027501062279,109.1079172050834,0.30000000000000004,0.4955657041456683,275.0501030410201,7.490251504041109,0.41718016641144556,0.353481339182752,259905.00000000003,1.0,0.2886428894967952,0.5503611069710319,14.289970688386697,6.9066495381004165,15.018507965301348,7.416758327708294,761660.932015459,224783.25065311376,259647.65020771706,100.4795372508578,741724.6174460057,281544.9949082155,259890.71002931162,6.9066495380959445,563395.9536285434,233491.71649459412
1333,240.9279881221696,5.933661631301761,276.88940293121874,6.819333341022135,278.3316796393886,7.2711964993545655,274.2766429167762,6.386957661202495,11.644862481228499,6.028102569358694,0.03333333333333333,0.07929507613443851,259905.00000000003,1.0,23.725384634284485,15.660040371487534,245.2359367965802,90.4178830238527,257.34979228296953,100.47953725086032,0.30000000000000004,0.4955657041456683,275.904261208739,7.226245664945136,0.39044120912325414,0.353694618335841,259905.00000000003,1.0,0.2585087290886716,0.5123443359862826,13.558038208352114,6.202195629364215,14.289970688386697,6.9066495381004165,742179.5262640695,206468.66968576066,259659.76406320345,90.41788302385162,730592.8744796698,259519.81834375396,259891.44196179166,6.202195629361503,554216.4557037118,209306.63159460964
1334,241.60769591574035,5.544136980796819,277.6705655412928,6.37166769698611,279.17659745825483,6.8524835534732045,275.01485039625993,6.018115273785683,11.814286325591175,5.965922599403863,0.03333333333333333,0.07929507613443851,259905.00000000003,1.0,23.478841437641826,15.824744123238135,233.5380483511962,78.26393426602473,245.2359367965802,90.4178830238527,0.30000000000000004,0.4955657041456683,276.73629447691974,6.89675343049295,0.382615133070221,0.3598023317582648,259905.00000000003,1.0,0.22779465701362192,0.4735413494435661,12.803217732295515,5.16201523722711,13.558038208352114,6.202195629364215,733373.4547803784,196657.09903016046,259671.46195164882,78.26393426602276,730926.9258055324,260206.0804509082,259892.1967822677,5.1620152372258525,558584.1338135656,221090.26344624572
1335,242.24200087615853,5.183632435126146,278.39954828691515,5.957353818102745,279.94547086472335,6.465651445871984,275.7350872582422,5.618783929618609,11.888613126723095,5.926644112454778,0.03333333333333333,0.07929507613443851,259905.00000000003,1.0,22.57667138100116,15.568794551994811,222.81665676358483,66.39550844256928,233.5380483511962,78.26393426602473,0.2904412091232541,0.4985862541919007,277.522799949602,6.5212762602919145,0.36664889305292975,0.36595331152574917,259905.00000000003,1.0,0.1739717290232874,0.34879288315660134,12.182598804047299,4.269052368227071,12.803217732295515,5.16201523722711,725547.9909197513,189267.78789190445,259682.18334323645,66.39550844256821,736397.7114735037,269191.87699136324,259892.81740119596,4.269052368223147,571330.4263539449,242728.9100166618
1336,242.7813426350674,4.966868588444244,279.019393565213,5.708235500306368,280.58264701044004,6.23207691433148,276.3829860220326,5.310014474586708,11.765323912344815,5.979809959192374,0.03333333333333333,0.07929507613443851,259905.00000000003,1.0,20.577713418053317,12.612549100112338,213.97093392454298,58.35510287731857,222.81665676358483,66.39550844256928,0.2348211786864915,0.4275545388043732,278.23654415086713,6.200665353379276,0.3344592595862573,0.35371087654763966,259905.00000000003,1.0,0.13693820794892275,0.26694369235467935,11.698005357145988,3.5891943580291077,12.182598804047299,4.269052368227071,711651.5928340734,170949.92424753646,259691.02906607548,58.355102877318096,729911.7957583853,260230.40285833064,259893.30199464285,3.589194358024302,578176.8916499093,249333.21912485434
1337,243.21319946101292,4.795340030603139,279.51571047330043,5.511104384348926,281.08886916575307,6.024914913310713,276.9095272195154,5.050984654950991,11.549231604890394,6.033096874352254,0.023774542456587434,0.06337806550179151,259905.00000000003,1.0,18.819464969727825,10.186887249744665,206.67692601724897,53.2070605496107,213.97093392454298,58.35510287731857,0.17972455840403465,0.33499417843658713,278.8361126147138,5.9910934314940345,0.3081046167367843,0.34795738471522625,259905.00000000003,1.0,0.09958476005855493,0.1926051437162026,11.317747189733597,3.095343876286441,11.698005357145988,3.5891943580291077,696649.6863179684,144743.69661092322,259698.32307398278,53.20706054960974,721056.6765054638,250801.59493197972,259893.68225281028,3.095343876281486,582621.1384658387,252314.55490985702
1338,243.50997387747947,4.630803187781567,279.85678238747334,5.322008650743148,281.47051592145374,5.834741000142044,277.26402765670645,4.821259520136234,11.544912934517447,6.0340996553528905,0.01594846640355432,0.049371964443921175,259905.00000000003,1.0,17.270626833916744,7.720147403119218,200.93526365144612,50.59536552395117,206.67692601724897,53.2070605496107,0.13461526098812718,0.2524662830382476,279.29896425933566,5.7893998698910805,0.3091613245490378,0.34873890547713066,259905.00000000003,1.0,0.07955179147525082,0.16838756201798827,11.010826907808305,2.785898203154409,11.317747189733597,3.095343876286441,693173.9555685503,135705.1412690148,259704.06473634858,50.59536552395085,717692.3795990673,247069.26158406836,259893.9891730922,2.785898203151678,591506.7220480812,258975.88198159455
1339,243.6917566962552,4.49358575447522,280.0656987996976,5.164309771226546,281.74863379789144,5.6713574868034815,277.5000348413323,4.634690765986238,11.536869966563406,6.037784950523064,0.009541017263008957,0.036502219292503635,259905.00000000003,1.0,16.028151456171617,5.899550120399158,196.4344411445749,49.627342741961456,200.93526365144612,50.59536552395117,0.09768289194398255,0.17402112798228325,279.6174165285879,5.60252553212813,0.3291440654854393,0.3730371375543111,259905.00000000003,1.0,0.06666666666666667,0.15859015226887702,10.748349508989532,2.6417247149982943,11.010826907808305,2.785898203154409,692606.3734095114,134221.47295238645,259708.56555885545,49.62734274196103,715208.8112964499,244691.06136971054,259894.25165049103,2.6417247149970366,600093.835248085,264244.58854382363
1340,243.79798796349874,4.398370454121658,280.18778658989527,5.054882292879538,281.94171714131375,5.52368837033011,277.6224361998819,4.523258990136251,11.551383837229483,6.02742559446547,0.004295041602861385,0.02352491171310326,259905.00000000003,1.0,15.11817771624645,5.202825719087271,192.86335222395508,49.472574623344606,196.4344411445749,49.627342741961456,0.07096170826952805,0.11307447125149113,279.8025388179229,5.455231232233466,0.34902103266687345,0.3848006020721239,259905.00000000003,1.0,0.06666666666666667,0.15859015226887702,10.465995142989325,2.510480497310914,10.748349508989532,2.6417247149982943,703229.9840120046,158743.99660656275,259712.13664777606,49.47257462334453,724582.6189645807,253962.7369422245,259894.53400485704,2.5104804973094224,618727.3418980337,277830.12445266906
1341,243.89442169908781,4.286396231754201,280.298614504906,4.926194331018411,282.13154712215777,5.342120979562999,277.72599254912296,4.408827536051367,11.375509088738097,6.045388901985369,0.0,1.0,259905.00000000003,1.0,14.749765653735764,5.522546146955827,189.4890956589574,49.05335845804776,192.86335222395508,49.472574623344606,0.06666666666666667,0.1132467841005834,279.93431732912944,5.32101830355404,0.3627690913915134,0.3898344699257504,259905.00000000003,1.0,0.06666666666666667,0.15859015226887702,10.169892718264478,2.3912793440430145,10.465995142989325,2.510480497310914,714162.6598710087,175516.79739348945,259715.51090434106,49.05335845804755,737653.4950788834,259962.306072702,259894.83010728174,2.3912793440423386,634097.6825872563,286538.570510195
1342,243.99836984025845,4.148632114245486,280.4180782827866,4.767867119201094,282.309650012662,5.145025915690866,277.84175644233846,4.2614757769229366,11.183176557612473,6.105049232985982,0.0,1.0,259905.00000000003,1.0,14.50395294509042,5.806732998688291,186.16831927147945,48.31773690662278,189.4890956589574,49.05335845804776,0.06666666666666667,0.1132467841005834,280.07571339984923,5.1414511192830865,0.36446625898775237,0.3906595084760073,259905.00000000003,1.0,0.06666666666666667,0.15859015226887702,9.872093125943392,2.298834291893061,10.169892718264478,2.3912793440430145,726707.116685501,190274.66021774127,259718.83168072853,48.31773690662113,751952.546707231,264740.3471513331,259895.12790687406,2.2988342918926197,650094.107273528,294711.4886797617
1343,244.10646646085354,3.988908423787821,280.5423097543929,4.584302588535326,282.4851845389529,4.917775708469896,277.971254582671,4.08960711636457,10.808480000845156,6.106375797729091,0.0,1.0,259905.00000000003,1.0,14.433897401851807,5.905529890227494,182.5429018704728,46.86873881985196,186.16831927147945,48.31773690662278,0.06666666666666667,0.1132467841005834,280.233774868927,4.926537029973027,0.3492640261231507,0.3854367526346107,259905.00000000003,1.0,0.06666666666666667,0.15859015226887702,9.589495766486909,2.2332761822646012,9.872093125943392,2.298834291893061,734388.6699327201,192549.08521210952,259722.45709812955,46.86873881984973,759663.0834963509,264335.1150171322,259895.41050423353,2.2332761822648797,661702.8952776669,295842.18733785895
1344,244.21576195073362,3.828921468627898,280.66791885788894,4.40043571113074,282.63219346370073,4.718248010339771,278.1054597367273,3.920479198608355,9.924660471496557,5.0142777227900535,0.0,1.0,259905.00000000003,1.0,13.930794085617723,5.754372236808618,178.53676825635165,44.75773181951805,182.5429018704728,46.86873881985196,0.05710787578992077,0.10589207313923023,280.39262861142964,4.705299574597308,0.3297845252694247,0.3879034347085411,259905.00000000003,1.0,0.06666666666666667,0.15859015226887702,9.32637790788415,2.172880989685324,9.589495766486909,2.2332761822646012,731685.6012716269,192033.09736643214,259726.46323174366,44.757731819516685,759843.1948503036,264332.80044156394,259895.67362209212,2.172880989685814,667755.7572919554,295760.0642979666
1345,244.32144931012425,3.67788211016778,280.78938114701054,4.226852169859134,282.77546051149926,4.520909420215591,278.20879998681335,3.787749288634601,9.459137596320092,4.1004030919574355,0.0,1.0,259905.00000000003,1.0,13.489122533086842,5.7967817566455215,174.50678331958488,41.6185034801341,178.53676825635165,44.75773181951805,0.049281799736887656,0.1008646232481653,280.55614282372665,4.500367600007985,0.31383605886587035,0.39140012952707764,259905.00000000003,1.0,0.06666666666666667,0.15859015226887702,9.079208515684947,2.112650333834015,9.32637790788415,2.172880989685324,738639.6662301492,193700.80648688466,259730.49321668045,41.61850348013389,767721.8162177856,263625.8475459091,259895.92079148433,2.112650333834788,681174.7338642298,295847.0728030061
1346,244.47169447364814,3.4901837472046395,280.9620521585527,4.011137688324768,282.9732889705567,4.266077016741449,278.3218611274202,3.643102808545175,9.153827151840668,3.7456060633208272,0.0,1.0,259905.00000000003,1.0,13.252222877266956,5.867933581857604,170.4083875941586,37.47820053338923,174.50678331958488,41.6185034801341,0.042874350596342294,0.09752121003861712,280.74286254345276,4.256764573418527,0.3042950416028614,0.3955627966215198,259905.00000000003,1.0,0.06666666666666667,0.15859015226887702,8.841580140748752,2.0411571519028042,9.079208515684947,2.112650333834015,749300.53984508,194562.04216740516,259734.59161240587,37.47820053338683,779164.6383158212,263453.566574093,259896.15841985928,2.041157151904489,696130.6862975885,294813.1007028884
1347,244.57897474888185,3.3492348708370088,281.08534548410665,3.8491503733016783,283.19238688628195,3.9940761190737617,278.4076670506522,3.535477241305228,9.323902388824132,4.083639277733501,0.0,1.0,259905.00000000003,1.0,13.235375730604495,5.862776523264203,166.49691425237825,32.3302705307192,170.4083875941586,37.47820053338923,0.03762837493619472,0.09535820515333286,280.95714945956723,4.016789751415454,0.30000000000000004,0.3982240481077954,259905.00000000003,1.0,0.06666666666666667,0.15859015226887702,8.60824680741542,1.947342501101616,8.841580140748752,2.0411571519028042,763983.1378371584,198055.89919127856,259738.50308574765,32.33027053071683,790751.0463091291,261719.3677860365,259896.3917531926,1.9473425011028083,716004.4244253604,293479.47334109066
1348,244.668575126143,3.2400092523690263,281.18832001844095,3.723621218360869,283.3667666195836,3.7566297150725694,278.4829706499679,3.4355128302638214,9.554130618876684,4.283353677958977,0.0,1.0,259905.00000000003,1.0,13.143130812393778,5.863082865899044,162.90791405886114,26.254823922449543,166.49691425237825,32.3302705307192,0.023774542456587434,0.06337806550179151,281.1270949510038,3.8176962089007103,0.30000000000000004,0.3982240481077954,259905.00000000003,1.0,0.10490183017365028,0.25245762534077487,8.41314863758907,1.7780057452654523,8.60824680741542,1.947342501101616,778351.769281978,198336.56072063322,259742.09208594117,26.25482392244705,803524.823292169,256987.14495468876,259896.58685136243,1.778005745265413,735537.7548009377,288014.20148178755
1349,244.67190412803086,3.2358569664453767,281.1921462982938,3.718848673683758,283.4786067274673,3.6007633288853333,278.50841935609225,3.3995466432772408,10.259495817864009,4.763583668118037,0.0,1.0,259905.00000000003,1.0,12.697589456304291,5.529341104666312,160.46982042042086,21.29113633148987,162.90791405886114,26.254823922449543,0.01594846640355432,0.049371964443921175,281.2569480160442,3.665766908787251,0.3382351635069836,0.4227387537131205,259905.00000000003,1.0,0.13620613438578275,0.2938356759317306,8.211119608467868,1.5711503002808251,8.41314863758907,1.7780057452654523,793804.5673418362,196112.5017894091,259744.5301795796,21.291136331491586,813605.1115767646,250767.88841294416,259896.78888039154,1.5711503002798275,755889.0863422564,278426.5263044608
1350,244.6170761499962,3.301151377793218,281.1291350394036,3.7938885643455875,283.51007201957447,3.5536609452139287,278.4497635132929,3.479338742459081,10.837642875751035,4.796929214025316,0.0,1.0,259905.00000000003,1.0,12.307106644859394,5.300980640703553,159.0003566513125,17.876460031437176,160.46982042042086,21.29113633148987,0.009541017263008957,0.036502219292503635,281.29838167469103,3.6155537171223715,0.33130430421213247,0.4105495324204997,259905.00000000003,1.0,0.1618359309479642,0.31436185105977354,8.0416512352037,1.4328945982409809,8.211119608467868,1.5711503002808251,808298.5336432536,190168.07122910928,259745.9996433487,17.87646003143993,822517.3391296276,243037.24366153646,259896.9583487648,1.43289459824192,774549.6897811854,265514.0501204648
1351,244.48073904405632,3.4502614972480425,280.9724482672474,3.965254978338719,283.4206819857571,3.690586922322486,278.3076874307014,3.6379764079984303,11.413610525904184,4.760351979369123,0.0,1.0,259905.00000000003,1.0,11.92708164213676,5.091457768282389,158.48688553507992,16.6158800403768,159.0003566513125,17.876460031437176,0.004295041602861385,0.02352491171310326,281.2503365614552,3.67084647442523,0.3256297965621815,0.4029650568667269,259905.00000000003,1.0,0.2019374153420463,0.3655679775043054,7.917958853983564,1.333097996157396,8.0416512352037,1.4328945982409809,815729.2694317567,181457.52213686978,259746.51311446493,16.615880040379995,825333.8866458783,238908.09020695437,259897.08204114603,1.3330979961605713,786502.3140498414,250260.38578808637
1352,244.27193652633608,3.608610853636672,280.73247965187693,4.147239984458973,283.1950994734863,3.974671983748752,278.11917911250066,3.792261442798194,11.597615302224948,4.660639450669216,0.0,1.0,259905.00000000003,1.0,11.469143505534989,4.807355009081779,158.61535733176987,16.897381951495827,158.48688553507992,16.6158800403768,0.0,1.0,281.10288187888585,3.8281605848997406,0.3209839026405903,0.39845655509489786,259905.00000000003,1.0,0.25388731561304984,0.4392026428869013,7.850862266956024,1.2661203040463656,7.917958853983564,1.333097996157396,813577.6544507511,185104.8292699127,259746.38464266824,16.89738195149886,821344.8234885776,245643.59637676526,259897.14913773307,1.2661203040498168,790146.7048673988,243663.16823499792
1353,244.0381723947163,3.7501419383732286,280.4638237065934,4.3098963207361685,282.8808691279669,4.245890199981981,277.9100146355029,3.923788646922641,11.543023923193028,4.676759576455902,0.0,1.0,259905.00000000003,1.0,11.12487315684471,4.496957074585842,159.0335080981182,17.651253973628002,158.61535733176987,16.897381951495827,0.0,1.0,280.85085894889124,4.005669018632099,0.30762137553469965,0.38427386095875615,259905.00000000003,1.0,0.29191315687695274,0.4650844329585563,7.835154048298277,1.2512735822919798,7.850862266956024,1.2661203040463656,806423.0587490705,198179.91007196283,259745.9664919019,17.65125397362916,814128.3291783071,258535.11489665197,259897.16484595172,1.2512735822966499,788073.7519124683,247692.5358639273
1354,243.92379354683047,3.790210564804262,280.33237258273647,4.355945703472518,282.6706254506619,4.373777409901395,277.7236594751566,4.023974600480389,11.34756567414729,4.722070734987071,0.0,1.0,259905.00000000003,1.0,11.355371562108385,4.732404570951723,159.0257022101571,17.640044259643854,159.0335080981182,17.651253973628002,0.0,1.0,280.61886480710893,4.142929864063309,0.282615133070221,0.3788518306337665,259905.00000000003,1.0,0.3612812460383553,0.5645937065472527,7.913820161266411,1.3623649188883473,7.835154048298277,1.2512735822919798,805990.484320394,198818.7593036425,259745.97429778986,17.64004425964389,813818.8047205976,258998.63599935226,259897.08617983875,1.3623649188929141,785767.172098429,251759.24834138222
1355,243.81523737483008,3.767151945592087,280.20761323747723,4.329445408972187,282.46350154982,4.382093317412882,277.63443064494595,4.04477581963099,11.190608331757636,4.811952931780589,0.0,1.0,259905.00000000003,1.0,11.383569564251085,4.788651734584291,158.83274097766366,17.495999953097186,159.0257022101571,17.640044259643854,0.0,1.0,280.4912792821963,4.199449363930854,0.33356042919015105,0.4602866037143348,259905.00000000003,1.0,0.42763382479379697,0.6334420830938831,8.007893556870057,1.4812211955493446,7.913820161266411,1.3623649188883473,801244.450364695,204218.31210402097,259746.16725902236,17.495999953096852,809919.0351200436,263666.3679166986,259896.99210644315,1.481221195553343,781811.2669802842,258184.74122915312
1356,243.79089403215158,3.7529987412242076,280.17963649900844,4.313179749911311,282.3411722854249,4.3304251680359265,277.6038463050745,4.038486042809259,11.418848128108296,5.135602956289229,0.0,1.0,259905.00000000003,1.0,11.48411711985593,4.916514222233209,158.76747198591602,17.443707667099584,158.83274097766366,17.495999953097186,0.009558790876745903,0.05235565385668315,280.41269938061714,4.192435630347312,0.4039472824784399,0.578650262275284,259905.00000000003,1.0,0.47492575627488187,0.6530717295799741,8.0788720306665,1.5371783966324448,8.007893556870057,1.4812211955493446,802631.2753066518,203099.7527615489,259746.2325280141,17.443707667099062,810255.018258466,263281.2978770245,259896.92112796934,1.5371783966360015,780422.8297113928,260176.1109009568
1357,243.80199231677628,3.761903827030097,280.192391237844,4.323413946673119,282.30584941081486,4.303359105783734,277.6416565074883,4.058959092161611,11.973902407079631,6.528285783928904,0.0,1.0,259905.00000000003,1.0,11.766628592725958,5.298024542608002,158.9747458002697,17.700058302924983,158.76747198591602,17.443707667099584,0.017384866929779016,0.06651138002884802,280.433848205049,4.203022944526341,0.46157516387795,0.6337709207047592,259905.00000000003,1.0,0.5066121496588789,0.6522946426000213,8.123909016447428,1.5544832042268115,8.0788720306665,1.5371783966324448,806411.8701849075,200583.93133295226,259746.02525419975,17.700058302926006,811571.7888241997,261719.0793679259,259896.87609098357,1.5544832042312515,780717.1212830174,259804.40433714187
1358,243.80754520585097,3.768361692734034,280.198772940668,4.330835695683381,282.31308497060587,4.310912855315599,277.68541590077626,4.102326456308671,12.508230858697976,7.210067669538466,0.0,1.0,259905.00000000003,1.0,11.612061305946158,5.027159554321047,159.8709153530215,18.75468467867978,158.9747458002697,17.700058302924983,0.02379231607032438,0.07365431592850825,280.4920982769626,4.251909260379865,0.5122733652604715,0.6560174412549027,259905.00000000003,1.0,0.529038291730472,0.6458095712577802,8.140673942917427,1.5558123280393283,8.123909016447428,1.5544832042268115,808076.8999458574,200440.33419837244,259745.129084647,18.75468467868156,808965.0722643657,263632.5547222945,259896.8593260571,1.55581232804394,780757.0873313966,259769.36212139216
1359,243.76725088158724,3.7176694989537555,280.15246432719766,4.272577259516696,282.2906048290234,4.282704803028025,277.69657850034355,4.116862535193819,13.026679461003722,7.603883369726777,0.0,1.0,259905.00000000003,1.0,11.398144760151554,4.890108232588974,161.4994500538737,20.7263437603802,159.8709153530215,18.75468467867978,0.02903829173047195,0.07741014401074406,280.52946302706886,4.297226766406765,0.5537815418580826,0.6618558965274914,259905.00000000003,1.0,0.5333333333333334,0.6425902540078253,8.12022573439268,1.5617449595437638,8.140673942917427,1.5558123280393283,810388.1751836783,199594.7737296756,259743.50054994615,20.726343760381404,806398.0103566145,266062.7988651793,259896.87977426563,1.5617449595480668,783931.7213430862,256801.9976153922
1360,243.775610379085,3.7280627249139475,280.16207173986976,4.284521994238955,282.2915403003293,4.283869688714362,277.6934099746325,4.112367880674361,13.341495436250227,7.736612661536536,0.0,1.0,259905.00000000003,1.0,11.452317320696205,4.920972303868235,163.3886281694277,22.837287683365386,161.4994500538737,20.7263437603802,0.03333333333333333,0.07929507613443851,280.5107747570862,4.272022933625875,0.5762254575434126,0.6537965139221852,259905.00000000003,1.0,0.5428921242100793,0.6364870130052388,8.086892401059346,1.575014946580445,8.12022573439268,1.5617449595437638,810847.306003682,199457.73803895043,259741.6113718306,22.83728768336914,802330.3698448825,269220.61911891133,259896.91310759896,1.5750149465843508,782633.2806659229,257752.363641798
1361,243.800425200004,3.757457257530545,280.19059037435886,4.318303874675988,282.2996114204792,4.293322481255479,277.70943805841387,4.134238014340445,13.416834004751303,7.703737569873343,0.0,1.0,259905.00000000003,1.0,11.443378310834769,4.920493103794907,165.36208386334425,24.561493332672264,163.3886281694277,22.837287683365386,0.03333333333333333,0.07929507613443851,280.51283343616007,4.274840635390517,0.5840515335964457,0.6480409950681596,259905.00000000003,1.0,0.5507182002631124,0.6310013445147539,8.053559067726013,1.5874501550185878,8.086892401059346,1.575014946580445,813494.8011634846,197798.6521132563,259739.63791613668,24.56149333267584,790857.3329289667,273065.1617218707,259896.94644093228,1.587450155022105,774839.622710422,259498.1909039538
1362,243.76820914413076,3.7163596757959865,280.153565558075,4.271071803063923,282.2752895522738,4.26223668616573,277.7228329992496,4.151751327840504,13.515412734385546,7.649165928151854,0.0,1.0,259905.00000000003,1.0,11.105116836382042,4.822871821857654,167.77237976134774,25.9965343633187,165.36208386334425,24.561493332672264,0.03333333333333333,0.07929507613443851,280.54121399853625,4.3096427961913255,0.590458982736991,0.6429977792492761,259905.00000000003,1.0,0.538008067650166,0.6343573992383044,8.001108152639187,1.5956517258766254,8.053559067726013,1.5874501550185878,808687.5833496033,200559.40489951335,259737.22762023867,25.996534363324038,766658.7812293108,268047.27814180613,259896.99889184738,1.5956517258796952,757911.6901212259,259720.5736443893
1363,243.73021876943343,3.669017713906132,280.10990467310256,4.216663486365499,282.20154022818724,4.169493479987257,277.6877641361868,4.108467268555233,13.458782617016006,7.67160813238282,0.0,1.0,259905.00000000003,1.0,11.054860188397285,4.841069970651957,170.17630218996646,27.2396303954543,167.77237976134774,25.9965343633187,0.03333333333333333,0.07929507613443851,280.5088555338058,4.269997582480056,0.5957049583971387,0.6386415755634193,259905.00000000003,1.0,0.5276018912042473,0.6380686132784672,7.933005085446296,1.5932440859809718,8.001108152639187,1.5956517258766254,808518.8129871986,200694.70824242,259734.82369781006,27.23963039546164,747066.0443502069,265321.8807288888,259897.06699491458,1.5932440859841592,743336.187023722,258805.73131317022
1364,243.7124530246042,3.647433089069958,280.0894870072454,4.191856897207872,282.12731653075446,4.080759758053544,277.66180107790603,4.077897107054596,13.33044967459259,7.726378349658676,0.0,1.0,259905.00000000003,1.0,11.050958031591243,4.842215257935207,172.4557938329678,28.217870805892804,170.17630218996646,27.2396303954543,0.03333333333333333,0.07929507613443851,280.4702780471471,4.2227312837981925,0.6000000000000001,0.6349195813048932,259905.00000000003,1.0,0.519082034526018,0.6417418699374859,7.852087119972314,1.5762768252901973,7.933005085446296,1.5932440859809718,803039.5919073464,202527.4864248007,259732.54420616705,28.217870805900613,721761.5684214461,251354.02343723163,259897.14791288006,1.576276825292329,721791.447640692,247590.05597712102
1365,243.69135711145626,3.620564310361737,280.0652421424794,4.16097747394032,282.07610609793574,4.015514423944723,277.64054432364765,4.050356545160229,13.250985583580924,7.7746786309728595,0.0,1.0,259905.00000000003,1.0,10.844601147677412,4.852921850764933,174.86217826887133,28.845392253614428,172.4557938329678,28.217870805892804,0.03333333333333333,0.07929507613443851,280.4653393480193,4.216327221504951,0.6000000000000001,0.6349195813048932,259905.00000000003,1.0,0.5085900832057229,0.6477425477821565,7.760677203178036,1.5420239079343978,7.852087119972314,1.5762768252901973,797336.2119126851,205348.96176520782,259730.13782173116,28.84539225362283,700994.3002001203,232426.35240536302,259897.23932279684,1.5420239079353315,705284.263211692,235168.47226389375
1366,243.66184606966658,3.582327613679935,280.03132619550723,4.117033445353013,282.02890381773966,3.9565738209578267,277.6143495586107,4.01514787730865,13.219109400841827,7.801003519596904,0.0,1.0,259905.00000000003,1.0,10.657523496015614,4.924983142022972,177.42376417369755,29.10107299329827,174.86217826887133,28.845392253614428,0.03333333333333333,0.07929507613443851,280.45904231330957,4.208181731031398,0.6000000000000001,0.6349195813048932,259905.00000000003,1.0,0.5,0.6528728936740439,7.660677203178037,1.4881295534265677,7.760677203178036,1.5420239079343978,790382.9377756162,210828.00475728905,259727.57623582633,29.10107299330643,686229.0349916434,227489.12169461825,259897.33932279685,1.4881295534280352,693939.5648614129,233310.36726032887
1367,243.69915974618112,3.6302821049987184,280.07420925828416,4.172145557643778,282.0468430203265,3.9763922709076915,277.6258635384432,4.028869509226047,13.088953713022674,7.939954548001555,0.0,1.0,259905.00000000003,1.0,10.669730319612047,4.919973175880048,179.84298756710817,28.809472875165838,177.42376417369755,29.10107299329827,0.03333333333333333,0.07929507613443851,280.4458631149862,4.192536834598401,0.6000000000000001,0.6349195813048932,259905.00000000003,1.0,0.5,0.6528728936740439,7.560677203178036,1.4249672795364199,7.660677203178037,1.4881295534265677,786031.585812554,213117.44009605615,259725.15701243293,28.809472875173213,678354.9751808066,225501.9411763499,259897.43932279682,1.4249672795386155,686492.130171589,233053.0889227015
1368,243.86211913243574,3.8093401722132474,280.261492010332,4.377930023459105,282.197334783567,4.140696785804796,277.76757829157344,4.162777198874922,12.89779893348684,8.081467328507884,0.0,1.0,259905.00000000003,1.0,11.001751340113334,5.107772886950901,181.73903516048168,27.991214336962916,179.84298756710817,28.809472875165838,0.03333333333333333,0.07929507613443851,280.5422009137847,4.297714260726293,0.5808824182465082,0.6443092562576263,259905.00000000003,1.0,0.5,0.6528728936740439,7.479794784931529,1.3836773639404198,7.560677203178036,1.4249672795364199,777703.7360230718,209509.97913272996,259723.26096483954,27.991214336972003,672080.6090211053,220656.31658630713,259897.52020521509,1.3836773639441697,674017.3535780712,230926.2086448925
1369,244.11045154836086,3.9896747167390223,280.5468909899061,4.5851818924451875,282.4375060785916,4.362721850068102,278.00182649129295,4.330439560016036,12.848422650649796,8.11217083312857,0.0,1.0,259905.00000000003,1.0,11.256004747036013,5.125406366792583,183.33145306409546,26.968649328795514,181.73903516048168,27.991214336962916,0.03333333333333333,0.07929507613443851,280.77149046078813,4.501841545004939,0.5461126843869503,0.6466469684741671,259905.00000000003,1.0,0.5,0.6528728936740439,7.433682100544578,1.375553466303915,7.479794784931529,1.3836773639404198,765193.4524066079,205373.10213673278,259721.66854693592,26.96864932880431,662785.0142939015,216257.53276315855,259897.56631789947,1.3755534663075855,660616.9793206304,230238.00736777004
1370,244.40788822637836,4.117845794235207,280.88872376514007,4.732484314302132,282.7214337345178,4.513782487628709,278.29398000046234,4.4408383212909,12.86886599732492,8.099249622151396,0.0,1.0,259905.00000000003,1.0,11.450005533911419,5.030122360549554,184.75031352750895,25.879956701764115,183.33145306409546,26.968649328795514,0.03333333333333333,0.07929507613443851,281.06864763083104,4.621232661148282,0.5272044248765392,0.645625899984365,259905.00000000003,1.0,0.5,0.6528728936740439,7.406477675668039,1.381652641136723,7.433682100544578,1.375553466303915,747018.6531144578,190616.3581827312,259720.24968647253,25.879956701773654,643313.1529448559,201426.45284427708,259897.59352232434,1.381652641140653,637800.4104265478,220981.1997459551
1371,244.75537565567336,4.208447938970832,281.28807765659343,4.83660993521403,283.03514376052635,4.633571521294498,278.63354236724473,4.52597920384071,12.811659092514432,8.13911260180706,0.0,1.0,259905.00000000003,1.0,11.648065764815914,4.878380403249199,185.91390685520747,24.86472223581442,184.75031352750895,25.879956701764115,0.03333333333333333,0.07929507613443851,281.4248865936408,4.671768857636689,0.5117236513281864,0.6469261001566313,259905.00000000003,1.0,0.5,0.6528728936740439,7.394754024339853,1.3881881424587903,7.406477675668039,1.381652641136723,730041.1476031375,178496.71961513895,259719.0860931448,24.864722235823226,625145.9038775463,188464.0314064692,259897.60524597566,1.3881881424629883,615900.8425271495,215145.38403558926
1372,245.10358986520987,4.242218959575881,281.6882670689867,4.8754216658319045,283.37477269734416,4.721625569624767,278.9882951022625,4.582112730630747,12.782404453487741,8.163850490644986,0.0,1.0,259905.00000000003,1.0,11.776049597420322,4.735619428929871,186.9202617112749,23.8875921230147,185.91390685520747,24.86472223581442,0.03333333333333333,0.07929507613443851,281.7990630231824,4.647231053821096,0.49904906594271387,0.649415120750328,259905.00000000003,1.0,0.5,0.6528728936740439,7.395704958397139,1.387391925650013,7.394754024339853,1.3881881424587903,713332.1750967049,163931.23513262815,259718.07973828874,23.887592123025236,607052.5577193407,172217.8481629284,259897.60429504162,1.3873919256545435,593861.3483493726,205374.7946382633
1373,245.4758642044939,4.256414775724193,282.116107862307,4.891736371413519,283.73968323763603,4.773329651701739,279.34647037949054,4.638149080619525,12.798124747013816,8.149495532967553,0.0,1.0,259905.00000000003,1.0,12.00881139284003,4.582311928373919,187.7095750654487,22.9420982520693,186.9202617112749,23.8875921230147,0.042892124210079235,0.09148549957731149,282.1597935472016,4.593984325017279,0.4957049583971387,0.6509572411380128,259905.00000000003,1.0,0.5,0.6528728936740439,7.4,1.3831150110052148,7.395704958397139,1.387391925650013,703427.701744989,161182.48545002347,259717.29042493456,22.942098252079663,595053.8029862085,166576.30025737727,259897.6,1.3831150110093537,576546.1084980635,204246.64357294893
1374,245.83762780658415,4.259851750506466,282.5318690106964,4.89568587185617,284.1174920546255,4.788135106664121,279.70744779727977,4.722731858778963,12.884493790601123,8.063583465319875,0.0,1.0,259905.00000000003,1.0,12.151586678508062,4.530135366601771,188.44248217754173,21.813933315870035,187.7095750654487,22.9420982520693,0.050718200263112356,0.0975321302572823,282.531431157936,4.54699249325497,0.5,0.6479921078017934,259905.00000000003,1.0,0.5,0.6528728936740439,7.4,1.3831150110052148,7.4,1.3831150110052148,698446.3524223169,162699.81385200162,259716.55751782248,21.81393331587905,586208.4434245988,164594.67214206693,259897.6,1.3831150110093537,561809.8474169356,207106.07190086003
1375,246.21506976913983,4.287621819933868,282.96564897066315,4.927600704320019,284.5128940527009,4.815197320282674,280.0759941376899,4.76760520218292,13.698811156963584,9.074246558448861,0.0,1.0,259905.00000000003,1.0,12.388684482953519,4.411366551646653,189.7526088515518,20.477394335530942,188.44248217754173,21.813933315870035,0.05712564940365771,0.10035844742672437,282.88431302042164,4.541853428594177,0.5,0.6479921078017934,259905.00000000003,1.0,0.5,0.6528728936740439,7.4,1.3831150110052148,7.4,1.3831150110052148,690830.9743855548,159011.20266090354,259715.24739114847,20.477394335538794,574753.0582807245,156720.3824129521,259897.6,1.3831150110093537,543739.0465567089,202194.64254423193
1376,246.51079793232427,4.315715103451862,283.3055183035119,4.95988720391173,284.8640844711232,4.886373697951759,280.4220610151873,4.790698289485079,14.619544187133988,9.95379905020926,0.0,1.0,259905.00000000003,1.0,13.528133386676835,6.953861628113711,190.84401965200897,19.08917757245999,189.7526088515518,20.477394335530942,0.06237162506380529,0.10137750581826557,283.2505153476492,4.571273049772481,0.5,0.6479921078017934,259905.00000000003,1.0,0.5095587908767459,0.6473760309355188,7.409558790876746,1.3740672166833776,7.4,1.3831150110052148,682664.1577046139,153066.6431649251,259714.155980348,19.089177572468472,559829.1060281434,141161.71579020808,259897.59044120915,1.3740672166875676,526057.5390986106,193586.1536643234
1377,246.82781874310805,4.30638588078435,283.6698580791656,4.94916539417909,285.1816033352259,4.963263933453858,280.7675779340464,4.782322880221428,14.971907417485845,10.306465146946158,0.0,1.0,259905.00000000003,1.0,14.445434146608628,8.710573529820994,191.37049292288617,18.242346361850906,190.84401965200897,19.08917757245999,0.06666666666666667,0.10137340688573189,283.5378056927385,4.603745907839044,0.5,0.6479921078017934,259905.00000000003,1.0,0.526943657806525,0.6401832324321766,7.436502448683271,1.3532416557301894,7.409558790876746,1.3740672166833776,671604.9612149822,139044.39980173018,259713.62950707713,18.24234636186053,546863.7420504722,123643.36526537703,259897.56349755134,1.3532416557342153,506761.41134546115,174125.6335341862
1378,247.15070072739968,4.301681428263205,284.0409342125626,4.943758797604798,285.52313695506405,5.003313432957302,281.11994980587855,4.7397515890375255,15.311708467458553,10.521003708389259,0.0,1.0,259905.00000000003,1.0,15.330922438186168,9.722446339482953,191.35127895215857,18.278102155298246,191.37049292288617,18.242346361850906,0.06666666666666667,0.10137340688573189,283.8226205119638,4.587537001141931,0.5,0.6479921078017934,259905.00000000003,1.0,0.5125008103698657,0.6305255228977931,7.4490032590531365,1.352207413444258,7.436502448683271,1.3532416557301894,659740.076090975,125418.71544200403,259713.64872104785,18.278102155303653,532160.713419188,105623.7446972503,259897.55099674096,1.352207413448151,488050.552661531,155067.24727300368
1379,247.5322074745554,4.227390777624095,284.47938549417563,4.858379644278813,285.90696625835005,5.01811140971432,281.51616920202764,4.637798284363671,15.235792628960652,10.468233212529338,0.0,1.0,259905.00000000003,1.0,16.111716510728225,10.236599250246828,190.47535507039098,19.80785238129451,191.35127895215857,18.278102155298246,0.06666666666666667,0.10137340688573189,284.1087019518805,4.537816418027703,0.48088241824650824,0.6366041686679444,259905.00000000003,1.0,0.5006760070114593,0.6255555174485551,7.468796847818088,1.3488283728386867,7.4490032590531365,1.352207413444258,646819.456761892,109077.9666238461,259714.52464492962,19.807852381299337,520026.6543660351,92949.39605945675,259897.5312031522,1.3488283728421675,470462.93912813906,132419.10904903166
1380,247.92232344884755,4.050302170664348,284.92773075282736,4.65485844740253,286.31108615208205,4.91224451548515,281.9148321467127,4.394978973139256,15.360700138616311,10.542802083117516,0.0,1.0,259905.00000000003,1.0,16.81139971204675,10.497724304723977,189.02465549696055,21.951609000859882,190.47535507039098,19.80785238129451,0.06666666666666667,0.10137340688573189,284.4098863436939,4.390738369994301,0.47478905701718793,0.63293099450496,259905.00000000003,1.0,0.4909946768528322,0.6235054570399429,7.485002467653732,1.3430374859657905,7.468796847818088,1.3488283728386867,638778.3466568331,94492.25575682297,259715.97534450307,21.951609000865606,510875.5865814695,83052.78867260934,259897.51499753236,1.343037485969096,459389.4544856328,110523.48136226107
1381,248.2533374932785,3.6792654714361595,285.30815233333607,4.228440029340612,286.7068817590257,4.583608089619587,282.2304572389013,4.0118999931649535,15.780039391380823,10.954122964942187,0.0,1.0,259905.00000000003,1.0,17.17598546492827,10.413357856821229,187.62870942341308,23.061371553185126,189.02465549696055,21.951609000859882,0.06666666666666667,0.10137340688573189,284.67943077068065,4.128850683210082,0.498476607419368,0.6571516935496626,259905.00000000003,1.0,0.4604342097217591,0.6097175064957469,7.446960069956123,1.3672449926510368,7.485002467653732,1.3430374859657905,649850.3451116339,119602.92559908458,259717.37129057662,23.06137155319008,516144.25688517647,88774.78208273722,259897.55303993006,1.3672449926549306,466963.62008762744,129587.9399712899
1382,248.53600564264917,3.212747315701385,285.63301189261836,3.692288385852965,287.1066837200474,4.041638636474437,282.51583652255795,3.572359527784695,16.28061639560112,11.107933027645462,0.0,1.0,259905.00000000003,1.0,17.596221488759436,10.27529158754813,186.3131043302548,23.686385613815727,187.62870942341308,23.061371553185126,0.06666666666666667,0.10137340688573189,284.9791112349742,3.714949297901347,0.5178703333987176,0.6696191745869626,259905.00000000003,1.0,0.41277935105361685,0.5758646715622905,7.341869087611022,1.432385778274403,7.446960069956123,1.3672449926510368,673294.045442131,150512.09134793462,259718.68689566976,23.686385613821617,532383.4348543643,104004.10284175421,259897.6581309124,1.4323857782782607,487192.9684671716,163464.16002929836
1383,248.73444515119624,2.7167426450894987,285.86107067938974,3.122249478027551,287.45345290109276,3.3438124422297695,282.73294274514177,3.113070385033189,17.0552234050797,11.418829275496782,0.0,1.0,259905.00000000003,1.0,17.75073936187273,10.19457717832533,185.61758837346176,23.722691563192964,186.3131043302548,23.686385613815727,0.06666666666666667,0.10137340688573189,285.2710490717109,3.1695612996207028,0.5337485732747784,0.6751832371984798,259905.00000000003,1.0,0.374753509789714,0.5636706461286036,7.182874024125958,1.53116532885888,7.341869087611022,1.432385778274403,699894.8989004802,163910.6382339847,259719.38241162655,23.7226915631995,551123.8444603005,106494.67417312808,259897.81712597588,1.5311653288645117,511604.4341523261,186979.50427383362
1384,248.75297579266882,2.6634603919420745,285.8823671884721,3.061014366597508,287.63028466299903,2.8856252060116856,282.83707122348903,2.8125138293185583,17.79590312173123,11.49540028541301,0.019117581753491805,0.1047113077133663,259905.00000000003,1.0,17.681564939248563,10.191063588828083,185.71280897419092,23.71924964139242,185.61758837346176,23.722691563192964,0.06666666666666667,0.10137340688573189,285.43968872078256,2.6998822051477775,0.5537815418580826,0.6676746538484768,259905.00000000003,1.0,0.3149442115050573,0.462490195396096,6.944036693772933,1.499794196215372,7.182874024125958,1.53116532885888,729956.4044359267,206302.7328491177,259719.28719102583,23.719249641398857,571306.7603437691,136753.73133618044,259898.05596330625,1.499794196221892,544474.554425589,234094.9060263799
1385,248.63644871938828,2.9806465740802524,285.748446992818,3.4255444803031505,287.65891997141125,2.803092137541168,282.8084356876554,2.893714949110526,18.325600643047796,11.310902455768083,0.03476973385955803,0.13302276005769603,259905.00000000003,1.0,17.427265440754947,10.201308254741674,186.5763744426242,23.54995034801472,185.71280897419092,23.71924964139242,0.06666666666666667,0.10137340688573189,285.46436579286865,2.6209419133726453,0.5188727122829372,0.6309325271599344,259905.00000000003,1.0,0.2564177088026488,0.337278007526893,6.681581690292644,1.433370686785447,6.944036693772933,1.499794196215372,758904.9621811535,233613.88540623657,259718.4236255574,23.54995034802054,590656.3517694387,158485.347807159,259898.31841830973,1.4333706867934792,576516.1889818304,266442.8123891062
1386,248.47517361843646,3.270171734657674,285.56309966742555,3.758284436925935,287.598142885396,2.938743915723712,282.7301639741618,3.056455547622055,18.028501778964845,11.340410065774773,0.04758463214064876,0.1473086318570165,259905.00000000003,1.0,17.405285153074384,10.198719607353683,187.15200643637402,23.375369930868075,186.5763744426242,23.54995034801472,0.05710787578992077,0.09308525483781031,285.40738094233734,2.766585867041683,0.4510659593875339,0.5389671444951959,259905.00000000003,1.0,0.22509201733885514,0.26050352856079106,6.455607748243966,1.3835790848067357,6.681581690292644,1.433370686785447,783568.8080461872,260728.3928192601,259717.84799356366,23.37536993087366,615281.5156969922,199684.85457920012,259898.54439225176,1.3835790848178593,607987.2385600167,298786.0609594065
1387,248.3039807442311,3.4841317007617136,285.366354239058,4.004180400552917,287.47322458470273,3.1269982541232366,282.56675305101544,3.310824707086245,17.246449030491817,10.992717747508337,0.0580765834609439,0.15482028802148812,259905.00000000003,1.0,17.23038593331571,10.152689133492085,187.10999295008918,23.384242714959505,187.15200643637402,23.375369930868075,0.049281799736887656,0.08732356919807122,285.21915125385107,3.1214226950982997,0.39555048552570776,0.4705110063672516,259905.00000000003,1.0,0.2160364665447847,0.23817952984959237,6.276093729263042,1.3437396027055328,6.455607748243966,1.3835790848067357,802780.5822517633,277449.20961618936,259717.89000704992,23.384242714965453,638399.0859488464,227616.6470730406,259898.72390627075,1.3437396027159094,634084.0567867204,319564.78302563913
1388,248.17323602377186,3.563921402369928,285.21609440999515,4.095879610112781,287.34155535634244,3.2390195650583724,282.3954959236014,3.458472273158662,16.455940298070562,10.991244350543631,0.06666666666666667,0.15859015226887702,259905.00000000003,1.0,17.231018572160277,10.152746827745137,186.2682480093328,23.59608327305234,187.10999295008918,23.384242714959505,0.042874350596342294,0.08343931880050365,285.00345419000837,3.3676556152924912,0.3596570506800797,0.4200670521620442,259905.00000000003,1.0,0.22169768214637736,0.2510792548692869,6.138134360729341,1.3194702391622286,6.276093729263042,1.3437396027055328,818490.5414420246,291196.9880096886,259718.73175199068,23.596083273058568,664450.5430232971,263209.885850658,259898.86186563928,1.3194702391724442,657500.6424491998,339172.7341343691
1389,248.26882427599745,3.5901201413147317,285.32595034774556,4.125988875849579,287.5207405089518,3.375395668190041,282.4248148569004,3.467766639135422,17.399002256446423,12.887097675686569,0.06666666666666667,0.15859015226887702,259905.00000000003,1.0,17.48952552084706,10.096875842140804,186.1110580782655,23.460146031313975,186.2682480093328,23.59608327305234,0.06630474756643243,0.17024230878899416,285.11158959974006,3.4544732239709455,0.3398287826151091,0.3897701372971546,259905.00000000003,1.0,0.27511730490422565,0.3720064185947127,6.0734228830184565,1.303642330029488,6.138134360729341,1.3194702391622286,848269.38309941,329555.1027477106,259718.88894192176,23.46014603131936,689233.9834176771,283985.74048357666,259898.926577117,1.3036423300393716,679407.6457898865,355914.0824755826
1390,248.44159316927954,3.7176605034128456,285.52450678174876,4.272565911233434,287.86411851819156,3.858514015261974,282.5851188841674,3.6170639766657233,18.98668364539695,15.925902755920188,0.06666666666666667,0.15859015226887702,259905.00000000003,1.0,17.81830605986396,10.17129281285276,187.2127689971318,25.51599966590626,186.1110580782655,23.460146031313975,0.08548793412267039,0.2061667120058151,285.4337692502022,3.9399659712285735,0.35073597387684935,0.4037517445921372,259905.00000000003,1.0,0.3319288663966583,0.4863993369164925,6.054615775538266,1.2938470787548642,6.0734228830184565,1.303642330029488,879660.4822267293,363911.67669289693,259717.78723100288,25.51599966590888,711633.2699621597,298160.1953113788,259898.94538422447,1.29384707876404,703251.850780083,372712.60599750956
1391,248.67100152957644,3.924527972185631,285.7881567460247,4.510310093015521,288.2697400084841,4.396254115310851,282.75306471611674,3.7690451971470997,20.797395183206167,17.972783310862443,0.06666666666666667,0.15859015226887702,259905.00000000003,1.0,18.420163530597172,10.321826111325143,189.52333398307414,30.647192988116387,187.2127689971318,25.51599966590626,0.11426907242105237,0.24952908680378075,285.70255010628944,4.256161614021238,0.37021547473057537,0.4119778950069392,259905.00000000003,1.0,0.3844845471516277,0.5557733187764616,6.068884847959318,1.3069270430907376,6.054615775538266,1.2938470787548642,910726.5281672726,389699.33506601176,259715.47666601694,30.64719298812059,728761.6204278986,302490.5331173121,259898.93111515205,1.306927043099808,723641.7959479792,383767.2410983982
1392,248.92885488382623,4.121917989842426,286.08449721801594,4.737162199470509,288.6780328679788,4.840566191705829,282.98083113545187,3.99382396571945,22.916507812670677,20.348699051634707,0.07622545754341258,0.16301379381326137,259905.00000000003,1.0,19.050708451375787,10.212689705153338,193.31290788682563,39.84506077576886,189.52333398307414,30.647192988116387,0.1473918663312741,0.2955461034103618,286.02518095013465,4.6328570557286675,0.4052815228876215,0.4401150068184203,259905.00000000003,1.0,0.4239970165886579,0.5830983695218984,6.087600341660354,1.3246209869315313,6.068884847959318,1.3069270430907376,943649.058147206,406389.1187671312,259711.6870921132,39.84506077577092,742965.1598257598,299914.9681284185,259898.91239965835,1.3246209869409415,746425.098731449,390818.9357221683
1393,249.16864709139554,4.250841691059522,286.3600807153548,4.885328828162085,289.11444033383816,5.192180271904862,283.25433028243197,4.207160521408349,24.941770700597605,21.9488793953362,0.09361032447319159,0.1813801947586307,259905.00000000003,1.0,19.518714869231484,10.039138637898912,198.64235339371854,52.112051199564235,193.31290788682563,39.84506077576886,0.18406930721018264,0.3413499696987624,286.387665551034,4.972583418785769,0.4400334831334426,0.46055168969487653,259905.00000000003,1.0,0.45283060780079637,0.5907958345316144,6.100397466327708,1.3355490193536956,6.087600341660354,1.3246209869315313,975054.7584415426,419165.2168380706,259706.3576466063,52.11205119956767,754440.0616318652,296821.77130768576,259898.8996025337,1.335549019362286,768186.8187188039,397492.3244391858
1394,249.3271987520746,4.284724669576647,286.54229787805394,4.9242690752366105,289.44019056905887,5.283995056370445,283.4519280080916,4.282047770392259,26.312502107952046,22.156389689487348,0.10784384966677006,0.19031519228982824,259905.00000000003,1.0,19.80288009061733,9.86851003040117,205.0441315613865,64.7182309648429,198.64235339371854,52.112051199564235,0.20354880806390868,0.34710933826063173,286.65113462203334,5.100986890019233,0.4745282899471737,0.47496945161749576,259905.00000000003,1.0,0.47193041594055124,0.5892208043456456,6.097799592321086,1.3338134679780458,6.100397466327708,1.3355490193536956,1000574.6352895626,422514.08087811555,259699.95586843864,64.71823096484941,765678.7269906537,292926.88117873756,259898.9022004077,1.3338134679862412,789477.8933487631,401755.0063698062
1395,249.4506961467367,4.2943486693513755,286.6842286348027,4.935329508442407,289.6627131985818,5.288593749367365,283.6019441650285,4.323368883965338,27.13135390074467,21.891217315102793,0.1386148562209548,0.24033254162606002,259905.00000000003,1.0,20.01443600044506,9.664006110189804,212.02243460546515,76.29681131598986,205.0441315613865,64.7182309648429,0.219497274467463,0.3484236434460726,286.79124047605615,5.1311087108718345,0.49925376646104735,0.4686805002498349,259905.00000000003,1.0,0.5031691153499376,0.5881795117749472,6.101714941209976,1.3367223872640825,6.097799592321086,1.3338134679780458,1020394.7250183729,417825.9454689905,259692.97756539457,76.29681131599474,771300.1671896579,291510.27657461393,259898.89828505882,1.336722387271375,802105.1605791313,402895.60148292436
1396,249.54396371344652,4.286396246122952,286.7914174307459,4.926190165525204,289.834894382152,5.254459421887163,283.75596920438625,4.363929841404477,27.93173185560931,21.548659548978165,0.16380802559003,0.2637716269587422,259905.00000000003,1.0,20.071153256898874,9.58434073093212,219.71920517858555,87.65526414633825,212.02243460546515,76.29681131598986,0.22903829173047197,0.34611715009075966,286.93034175315336,5.155186352588648,0.5386148562209548,0.47485016061352553,259905.00000000003,1.0,0.5634638801035328,0.6262983818168627,6.126563965092554,1.3607106188593154,6.101714941209976,1.3367223872640825,1036310.603708125,407509.9509365083,259685.28079482145,87.65526414634387,775414.9983062068,289088.3243670812,259898.87343603492,1.3607106188667337,813032.3975620416,400725.65373664035
1397,249.62232828092274,4.292307301165595,286.88147894715524,4.932983585349062,289.98168364767355,5.220724967920498,283.91179045347553,4.398135393265995,28.549531981023797,21.071987680593285,0.1809179654739821,0.26936812866719767,259905.00000000003,1.0,20.111100965157938,9.53853481828696,227.97671822897743,97.92568164497182,219.71920517858555,87.65526414633825,0.23333333333333336,0.3439697685786706,287.0596062728132,5.155672867589628,0.6020431890970136,0.5248755024933932,259905.00000000003,1.0,0.6319466400103952,0.6731344448322262,6.156467416005936,1.3901074332502308,6.126563965092554,1.3607106188593154,1044164.6134699044,401336.29244888667,259677.02328177105,97.9256816449751,775118.1371857758,289258.5423717146,259898.84353258403,1.3901074332573717,817459.1329312666,398863.7123901172
1398,249.69088332931602,4.3178048130766395,286.96026673147776,4.962286992766439,290.09361783842485,5.227467229538426,284.0685869861803,4.468579293637984,28.99764341795944,20.67986810419242,0.19140991679427724,0.2682057902179526,259905.00000000003,1.0,20.290705728221823,9.558978540752388,236.49224600192076,105.95220435829772,227.97671822897743,97.92568164497182,0.23333333333333336,0.3439697685786706,287.17202593003344,5.177950094144751,0.6504574331930982,0.5343288895146,259905.00000000003,1.0,0.6975743724785454,0.7046369891099422,6.203584355291383,1.4426466005455856,6.156467416005936,1.3901074332502308,1049490.9847809435,398283.7050628807,259668.5077539981,105.95220435830072,772000.1811808222,290067.9338557615,259898.79641564473,1.4426466005525818,821784.1602984346,396350.09127388743
1399,249.80437078318013,4.382663702754444,287.09069359254545,5.0368270812432145,290.2036609831371,5.253999262694652,284.2563443717963,4.59672720831561,29.188603534021027,20.497920796985102,0.2,0.2659815455897811,259905.00000000003,1.0,20.95491903554708,9.885919675084935,244.5259305003947,111.25972818830358,236.49224600192076,105.95220435829772,0.23333333333333336,0.3439697685786706,287.25856956388157,5.211821964233105,0.6865791810755748,0.5253942073797064,259905.00000000003,1.0,0.766906914412474,0.7352949263580552,6.283912088628282,1.5515044639313014,6.203584355291383,1.4426466005455856,1055215.0199108757,393551.7455300134,259660.47406949964,111.25972818830714,771855.7624790884,290143.2058893394,259898.7160879114,1.551504463938121,824531.9259444614,394162.53753779473
1400,249.93275352698927,4.4567807834866855,287.23823906382074,5.122007333019022,290.35363526072365,5.286145621305244,284.4664292057168,4.732865162740719,29.72378360607581,20.137812481464348,0.2,0.2659815455897811,259905.00000000003,1.0,21.55608364211838,9.861617674353019,252.49363046435215,115.38593842565832,244.5259305003947,111.25972818830358,0.23333333333333336,0.3439697685786706,287.4106752208484,5.274723610551299,0.7448295395521256,0.5741491520712138,259905.00000000003,1.0,0.8166386333908263,0.7320836218774139,6.355721182466983,1.6203849560855181,6.283912088628282,1.5515044639313014,1067250.580119869,385825.7337291247,259652.50636953567,115.38593842566166,778535.6478328874,286300.9054371799,259898.64427881755,1.6203849560917771,836918.0063238052,385966.95520495187
1401,250.07333121104128,4.551985561617407,287.3998000677229,5.231423073970251,290.5136683204001,5.324807551749283,284.67693953924083,4.8792149036217705,30.121833877734982,19.7780086127416,0.2,0.2659815455897811,259905.00000000003,1.0,22.206267898377707,9.774091244182882,260.2091964437094,118.1723930841656,252.49363046435215,115.38593842565832,0.23333333333333336,0.3439697685786706,287.56641099813936,5.337724973121845,0.7854879341226705,0.5799437977748303,259905.00000000003,1.0,0.8432895905377874,0.7156991358705349,6.4135228388821,1.6554624496551333,6.355721182466983,1.6203849560855181,1077425.3044731673,377315.9988870836,259644.79080355633,118.17239308416853,784800.2790583655,281932.37096043397,259898.58647716115,1.6554624496625316,848373.3951924779,376130.66907647863
1402,250.30400692732584,4.748035886268572,287.6649074453288,5.45673727022032,290.7536277458876,5.437250331841317,284.89686170472186,5.032574313612726,30.55495625604317,19.36254760172372,0.2,0.2659815455897811,259905.00000000003,1.0,23.98024590106003,11.80880077992028,266.58390679869257,118.77672540774229,260.2091964437094,118.1723930841656,0.25245091508682516,0.34648301871934517,287.7611004602302,5.419573175925242,0.8047102815443066,0.5690566038211062,259905.00000000003,1.0,0.8771941652144357,0.6982523110271325,6.486006722552229,1.696786291870117,6.4135228388821,1.6554624496551333,1119590.3258390198,394197.31321772013,259638.41609320132,118.77672540774545,822623.6647786024,316564.90257426794,259898.51399327748,1.6967862918763497,885263.6913766002,381263.07012852747
1403,250.5449699878011,4.964667058042368,287.9418375790879,5.705704053140923,291.039907763293,5.602422338177106,285.1227313851458,5.197727775698674,31.236100925343152,18.814289085971474,0.2,0.2659815455897811,259905.00000000003,1.0,25.0835864902706,12.230026334465757,272.5364212337651,118.34924397173765,266.58390679869257,118.77672540774229,0.2585442763161455,0.3487075190396466,288.04981464271134,5.590811999401274,0.8395657902782411,0.5599914615645669,259905.00000000003,1.0,0.9014364005262248,0.6791097204577369,6.547877332800213,1.7170335109837236,6.486006722552229,1.696786291870117,1152439.5103694303,390746.552697432,259632.46357876627,118.34924397174156,849217.430241587,321826.6390503464,259898.45212266722,1.7170335109904404,916057.8631720898,372782.12253328157
1404,250.80094879877993,5.188394496963224,288.23602484364983,5.962826085143394,291.3540577543949,5.7902400363948745,285.34341635955053,5.373898739547894,32.11471290909539,18.217663822189884,0.2,0.2659815455897811,259905.00000000003,1.0,25.877022108551806,12.164989182053509,278.5741120343087,117.33059959183264,272.5364212337651,118.34924397173765,0.2635330985442031,0.3494257003182883,288.35085178904194,5.791993407847606,0.8681030671928914,0.5441132768403563,259905.00000000003,1.0,0.9142512988073155,0.6649934980503764,6.594025564414637,1.720401994211906,6.547877332800213,1.7170335109837236,1187623.0931553182,384763.18001565733,259626.4258879657,117.33059959183687,876176.9857623801,324889.02655619365,259898.40597443562,1.7204019942187265,949277.8935257797,361092.7966167954
1405,251.06176609378065,5.4408537419486755,288.53577291809444,6.252969014562373,291.68223454343456,6.01841981739556,285.62374683771355,5.621800441060956,31.84266786634533,18.221871798273746,0.2,0.2659815455897811,259905.00000000003,1.0,26.72538554411516,12.171190367478664,283.4913943565389,116.4874858517093,278.5741120343087,117.33059959183264,0.2771763916006988,0.35449909841905564,288.67735615115316,6.038696655874972,0.8809179654739822,0.5272280191258729,259905.00000000003,1.0,0.9534196227578483,0.6435464742574827,6.666527221698503,1.740221784561078,6.594025564414637,1.720401994211906,1215714.3941493789,375236.41685249115,259621.5086056435,116.48748585171367,899300.5409977115,323007.3452126127,259898.33347277832,1.7402217845679884,975612.2861379609,343147.5818130877
1406,251.3307039834464,5.6432462744197585,288.84485319404047,6.485571331400443,292.0193696777284,6.25221744603876,285.9199504845483,5.857736522113703,31.707500510037587,18.199196406428545,0.2,0.2659815455897811,259905.00000000003,1.0,26.391232212418213,11.862336917582958,288.6076626541582,115.25600498901775,283.4913943565389,116.4874858517093,0.2883465751993071,0.3558710476122216,289.011859105296,6.323496861282095,0.920086289424515,0.5025996020214092,259905.00000000003,1.0,0.9759291432459246,0.6311143375213921,6.722370075519913,1.7544366267748108,6.666527221698503,1.740221784561078,1242699.0338545898,363875.78486688447,259616.39233734587,115.25600498902205,920425.5765779734,316206.9278664484,259898.2776299245,1.7544366267822038,1001605.0549921676,324135.169053434
1407,251.54242300915635,5.7600691557335635,289.08817404038246,6.619831445668434,292.294451105988,6.38319180797998,286.18086069980905,6.018130882978831,31.693511770307936,18.200809127949906,0.2,0.2659815455897811,259905.00000000003,1.0,25.504050722858956,11.628676863521525,294.5971237016072,113.5347506266215,288.6076626541582,115.25600498901775,0.300017773613737,0.35620124376867907,289.29885141730244,6.479067501980331,0.9521546007893371,0.4716053017492656,259905.00000000003,1.0,0.9777666237377817,0.6298247185272504,6.747982098468357,1.7613293630614064,6.722370075519913,1.7544366267748108,1254461.8969607311,350873.0270166471,259610.4028762984,113.53475062662507,925133.9621616222,311233.19410989963,259898.25201790154,1.7613293630687945,1014469.0424679581,306890.0804025208
1408,251.72345648385593,5.852138908306699,289.29622868969415,6.725643509741756,292.5496571992589,6.483580080677196,286.4415514698887,6.163030182311684,31.74664120117295,18.18773322719043,0.2,0.2659815455897811,259905.00000000003,1.0,24.77199342530068,11.482366487164022,301.37177147747946,111.15550205191923,294.5971237016072,113.5347506266215,0.31308982532691765,0.35198226400400856,289.5623233318012,6.571839310822177,0.9713769482109732,0.4422996442388225,259905.00000000003,1.0,0.9697122346479,0.6348422534866726,6.746317384905284,1.7605959476738284,6.747982098468357,1.7613293630614064,1267880.7302560657,333618.8907251899,259603.62822852255,111.1555020519243,934792.6131357873,300442.035933618,259898.25368261512,1.7605959476814694,1028320.4729103955,285868.0357856767
1409,251.890980523027,5.939349964143297,289.48875734820683,6.82587161258244,292.77123140411624,6.565170801291606,286.6894826284579,6.29676957633444,31.71936410159628,18.204722108328216,0.2,0.2659815455897811,259905.00000000003,1.0,24.393032304401856,11.361594301559533,308.4981032746739,107.62314359041554,301.37177147747946,111.15550205191923,0.3237923160703244,0.3469798827340205,289.83769138881934,6.654579436191499,0.9871148751914159,0.43601029510009165,259905.00000000003,1.0,0.9631178586027581,0.6399894425470043,6.722320368316626,1.7543998770057356,6.746317384905284,1.7605959476738284,1278131.847514026,316778.3857551404,259596.50189672536,107.62314359042121,941937.2910536854,290769.3168977521,259898.27767963172,1.7543998770128106,1038246.9533237919,267688.0722242127
1410,252.07435670009502,6.019640358464514,289.6995043430643,6.918145915732146,293.00350531115237,6.62021292917831,286.97580089506266,6.413214683482249,31.426912213331658,18.414985740152645,0.2,0.2659815455897811,259905.00000000003,1.0,23.96365091613583,11.35855038384946,315.76136457186976,102.98394456655646,308.4981032746739,107.62314359041554,0.329038291730472,0.3430835005351356,290.1374096256072,6.70923629626689,0.9904412091232542,0.4345671672723561,259905.00000000003,1.0,0.9471693921992037,0.6581864961897842,6.679048551392576,1.7568144895290652,6.722320368316626,1.7543998770057356,1279291.6524039342,314647.7227759401,259589.23863542816,102.98394456656149,943628.3520468643,288066.0315079237,259898.32095144864,1.7568144895363227,1039016.4246248583,266208.80849039945
1411,252.33572005642995,6.0456703366457365,289.99987933584805,6.948060828621377,293.3054086213175,6.620643595777781,287.36018714794403,6.442481799809591,30.881145404958666,18.637106828186916,0.2,0.2659815455897811,259905.00000000003,1.0,23.776092098475406,11.470053541558848,322.666417878353,98.33246241742326,315.76136457186976,102.98394456655646,0.34289212421007925,0.3376875635221242,290.5154075057373,6.705187600177516,0.9539387604399834,0.4380469106028235,259905.00000000003,1.0,0.9376283749361948,0.6700651841905414,6.662738165888787,1.7649952900039247,6.679048551392576,1.7568144895290652,1268335.836018861,328501.1701773744,259582.33358212168,98.33246241742903,936042.3774544619,297998.64148661104,259898.33726183412,1.7649952900107582,1029000.8842806262,278211.3619952091
1412,252.66901435739257,6.024760886560751,290.3829220620166,6.924030154539318,293.64668806898123,6.561489989690118,287.7928948946058,6.437057936748581,30.387604403475038,18.94203755190973,0.2,0.2659815455897811,259905.00000000003,1.0,23.67879564878206,11.511944512791219,329.17522663304595,93.28754163980165,322.666417878353,98.33246241742326,0.3507182002631124,0.3321419062846657,290.92376731341204,6.673241371917775,0.9240530831403386,0.45029395998666694,259905.00000000003,1.0,0.9333333333333335,0.6758163974284753,6.672018416081782,1.756550336499633,6.662738165888787,1.7649952900039247,1248708.7153061074,350484.37464903167,259575.82477336697,93.28754163980659,920990.0403060255,313236.3052517715,259898.32798158395,1.756550336506221,1010397.8586665575,297015.4830090638
1413,253.09337120222207,5.872184676010635,290.8706196545091,6.748680053244532,294.0353117419294,6.393074892707696,288.29285064982923,6.315522200087864,29.5499635014189,19.388580856466486,0.20955879087674592,0.2636890884033465,259905.00000000003,1.0,23.70824538114218,11.489617220592073,334.91253266209014,88.61199251287107,329.28037333269015,93.31565672795453,0.35712564940365776,0.3269564344835729,291.3620370160597,6.585631096966934,0.899584760058555,0.4661527732573759,259905.00000000003,1.0,0.9333333333333335,0.6758163974284753,6.686649407603069,1.7351164961598422,6.65290083432829,1.7754928480364531,1225929.3073215436,377472.7521462855,259570.08746733793,88.61199251287456,903530.7874914911,332141.6046024875,259898.31335059242,1.7351164961664036,987151.7677585658,321788.3425026545
1414,253.63037983870296,5.504770228326778,291.48778354772736,6.326424651781734,294.53186269408934,6.025565351251228,288.8913743052213,5.958984349935765,28.773624877271544,19.844095195703947,0.20782607605303313,0.2613755979421278,259905.00000000003,1.0,23.707839770036237,11.489855879013648,339.96172522949996,84.04790204211967,335.1037661983177,88.64729558860432,0.3623716250638053,0.3222576111478221,291.8851687689188,6.266220401615648,0.9082281641054886,0.4628173532413273,259905.00000000003,1.0,0.9237745424565875,0.6872088481387909,6.667426052094609,1.7724454857914744,6.651879673743511,1.777086762405978,1196447.9721151486,396022.2430167453,259565.03827477052,84.04790204212203,878979.2511554273,348508.0060984361,259898.33257394793,1.7724454857964336,952398.1737570076,341124.37502662966
1415,254.2602874120904,4.880386213277145,292.21171306709874,5.608844340144983,295.1266080754439,5.405673824988991,289.5442249119027,5.3809759333468525,28.314282848779598,20.159286872986982,0.20640744914054537,0.2600179843973455,259905.00000000003,1.0,24.04657250414342,11.32231991470031,344.2847436017692,79.5281954671265,340.22344070627355,84.07203529747343,0.3666666666666667,0.31809314514613074,292.5245829893778,5.711979601290068,0.9092624765792579,0.46230866072801563,259905.00000000003,1.0,0.9159484664035544,0.6965985256851157,6.626527409778257,1.8660672574438915,6.619841419953961,1.8401814998954862,1171882.4701347158,406996.49277516356,259560.71525639825,79.52819546713027,859800.7358785395,355584.96425289876,259898.37347259023,1.8660672574465167,921140.4542356426,352341.081377424
1416,254.9085072439379,4.2725673020288175,292.9566878632983,4.910302323608388,295.75197298725476,4.69663326743034,290.2078758234574,4.800314053758967,28.113137244974325,20.350344510253066,0.20524597566014757,0.2592720294660543,259905.00000000003,1.0,24.403791854428142,11.302095890190216,348.1082642256904,74.3766834537001,344.6041648108044,79.52442468134969,0.3666666666666667,0.31809314514613074,293.1651485018606,5.058509630237814,0.9206587479478608,0.4491350816929515,259905.00000000003,1.0,0.8999822263862631,0.7122720928716317,6.547774304755715,2.0447789021248446,6.568450826317314,1.955866917327356,1153389.0608886597,408693.11775163194,259556.89173577432,74.37668345370635,841750.6891444612,348131.34724990866,259898.45222569528,2.044778902127404,890635.3180184193,353983.6277716507
1417,255.54413908406838,3.6138344902011035,293.68719554809854,4.153246333747569,296.40037655324085,3.89973442443557,290.9266280626149,4.065809671926296,28.059642161167446,20.39973077520613,0.20429504160286138,0.25890858051004806,259905.00000000003,1.0,24.562435249826336,11.231883679742703,351.7678427620953,68.36600068574012,348.47493089235707,74.326460324786,0.3666666666666667,0.31809314514613074,293.8815917710195,4.148612306576493,0.9299892257877582,0.4362018149023384,259905.00000000003,1.0,0.8773513837963366,0.7301004105810076,6.428469796097628,2.2903016615029723,6.481107638089049,2.1476911984341727,1136461.2209550925,412578.02501284156,259553.23215723792,68.3660006857445,822455.65638753,342255.6562498642,259898.57153020392,2.290301661505053,861702.8046576311,358996.2484048039
1418,256.1254859448234,3.0906890131284355,294.35531571111983,3.5520161134114403,297.049292576418,3.0984851319248676,291.62863356824835,3.3497262033517634,28.225940758478693,20.22496555422826,0.2,0.25906076554484286,259905.00000000003,1.0,24.619912143505736,11.202232315000083,355.54053804373495,60.57401647139848,352.134509428762,68.29103514085553,0.3762254575434126,0.3109226060493699,294.5862139916145,3.063276982225108,0.928069584059449,0.4385341448334191,259905.00000000003,1.0,0.8588228169998967,0.738022521047943,6.292556362371409,2.5258935039680606,6.36180312943096,2.379176881117152,1119521.3919996938,416605.5923597675,259549.45946195628,60.574016471401144,797086.1424794882,328482.2633230145,259898.70744363766,2.525893503970865,832852.5813103099,360355.85441752453
1419,256.52079976554734,3.118236721188145,294.80963477374814,3.5836753226834848,297.393786695994,3.1552404985613456,292.13558323720497,3.291818742303632,26.707879201151957,19.909034361191868,0.2,0.25906076554484286,259905.00000000003,1.0,24.4607378387722,11.316383185635653,357.9543460727814,55.54012105290683,355.90720471040163,60.4657329206203,0.355375160966208,0.29804869105953874,294.95719890640004,3.0782669127064994,0.9159484664035544,0.4513129247739985,259905.00000000003,1.0,0.8089342286922201,0.7275120530070238,6.118875457993408,2.754918360846436,6.225889695704741,2.6031504458699932,1086421.9135313563,411056.35071322235,259547.04565392723,55.54012105290509,773288.0755472707,318733.4328077517,259898.88112454204,2.754918360849359,803674.6427072191,360534.52960266924
1420,256.8148052678094,3.2422248087605627,295.1475239584957,3.7261689204916735,297.56627915245684,3.313562004984922,292.52584925305234,3.4850771858812704,24.6761230160405,18.543124032043497,0.2,0.25906076554484286,259905.00000000003,1.0,23.94321038587375,11.65028579822411,358.8539253696148,53.880842440721175,358.32101273944807,55.40548048713578,0.338304381947654,0.2919761762203945,295.1342931068751,3.2576349705043364,0.8904234355095172,0.4677202340428909,259905.00000000003,1.0,0.7489713254635869,0.7003414090612734,5.9107566812808106,2.9584656337126796,6.05220879132674,2.821679187746749,1047608.9511249803,405899.72241554223,259546.1460746304,53.88084244071743,746789.0236469476,313797.0053955512,259899.08924331874,2.9584656337148,770744.4877425346,359025.39240946394
1421,257.04642241137134,3.3777256589550873,295.41371314310595,3.881894333248281,297.67063014638535,3.422138621175725,292.89276903382387,3.6148144474764994,22.688207366186127,17.152007269474556,0.2,0.25906076554484286,259905.00000000003,1.0,23.22921453567529,11.9427927626156,358.47958486679227,54.45968826436726,359.22059203628146,53.735695436963475,0.3243280101861655,0.2755454094846226,295.34805371831897,3.4053484348833685,0.8695253077433034,0.48471136453832236,259905.00000000003,1.0,0.6938355443157319,0.6785832207576433,5.668400251186572,3.1231066232875984,5.844090014614144,3.0159759832143975,1008740.363744132,400681.5544817368,259546.52041513321,54.45968826436537,723930.4087577213,315878.9831845059,259899.33159974884,3.123106623288351,741644.1066650187,356937.5749792645
1422,257.27925645090056,3.5157118926972553,295.6813009762528,4.040476165834664,297.7770397031683,3.527593527661812,293.2252456905938,3.7925957580272263,20.330208954247503,14.445202838900462,0.1904412091232541,0.2610319618693232,259905.00000000003,1.0,22.693874932591914,12.15039427472932,356.2921443459913,56.8679250348906,358.84625153345894,54.31870221456653,0.3033263339318383,0.24509734330255667,295.52294139776825,3.5564623809985627,0.8332977861058595,0.4962202746785788,259905.00000000003,1.0,0.6522106673410178,0.6734747336830623,5.420646465755064,3.259582721424201,5.601733584519906,3.1723743052757034,970724.0959075718,395136.11028473073,259548.70785565404,56.86792503488827,706520.1070552641,320422.5708482194,259899.57935353427,3.259582721426079,712557.6334028023,354462.3240707378
1423,257.57107152821965,3.6648287951625975,296.0166732063755,4.211849471166907,297.9221069193821,3.6806459946346775,293.5614433020568,3.9684013571917807,18.180335459981293,11.150798048312868,0.1730563421934751,0.25552942517797683,259905.00000000003,1.0,22.445216585218482,12.22688565712009,352.2208735452273,59.55244799041547,356.65881101265796,56.74754708208189,0.27305634219347513,0.19402809519412878,295.7001767817301,3.7099646961133166,0.7975948918027522,0.507338599818294,259905.00000000003,1.0,0.6372486822222235,0.6699439757036632,5.1936335895078685,3.353925157876083,5.353979799088397,3.301646609532318,935898.685406902,384314.2569157112,259552.77912645479,59.55244799041396,692710.1095075851,323249.60519328923,259899.8063664105,3.3539251578777,682722.5410678514,349604.62260501826
1424,257.94459658763924,3.701847779822352,296.4459516602563,4.254393132603452,298.2073399837095,3.822573461442331,293.98612279705475,4.019936473627344,17.19200951472437,9.474930509859233,0.15882281699989662,0.25277383393455843,259905.00000000003,1.0,22.327563101242024,12.286521159518637,347.2931638083764,60.790002811398715,352.58754021189395,59.46348302927564,0.2588228169998966,0.18589373946439486,295.9901035069248,3.8173924058324205,0.7779226251396515,0.5040849629261553,259905.00000000003,1.0,0.6295059845856735,0.670513691952449,4.978550282287224,3.444921986733986,5.126966922841202,3.390205400886719,912165.5346172998,375004.2605969276,259557.70683619165,60.79000281139556,686664.9047259988,322290.7756411101,259900.02144971772,3.444921986735747,662654.1066802595,337406.9145217908
1425,258.29027588263506,3.5672815948562886,296.84322777234337,4.099740409900306,298.5661240037281,3.8215951510378208,294.37661244595705,3.876577383848915,17.88262886201265,11.198184247254705,0.12805181044571187,0.20890494405401538,259905.00000000003,1.0,22.310580508038573,12.298837419164492,343.10382701857145,59.47415526672043,347.65983047504307,60.73363529948349,0.2471693921992037,0.18257909718608475,296.3736061945164,3.760506829787183,0.7688493007318441,0.5071983682766115,259905.00000000003,1.0,0.611082183457378,0.6693612230799084,4.754116498346091,3.51929102533882,4.911883615620558,3.4759889998654603,904222.1134550112,370942.2500567855,259561.89617298145,59.47415526671774,683143.8252127409,321794.1725291676,259900.24588350166,3.5192910253395366,651824.929032252,330677.716105301
1426,258.61841476336804,3.2704547215207582,297.22034489126423,3.7586078424247087,298.9288135478215,3.621386160071221,294.71927383333406,3.65897079187866,18.38501288655315,12.088787210037497,0.1028586410766367,0.17309472916852991,259905.00000000003,1.0,22.57422905187768,12.06008574239678,339.1784188788369,56.08356918420636,343.4704936852381,59.44327781284821,0.23762837493619474,0.18786960644395295,296.71005181326717,3.600960921051488,0.7423031092530273,0.5057309221637651,259905.00000000003,1.0,0.5612793700240779,0.631693296948892,4.506426092450475,3.562719095366436,4.687449831679425,3.5453441256866634,902142.0548103474,370511.8671040271,259565.82158112118,56.08356918420247,681219.4036345165,322048.5837137968,259900.49357390756,3.562719095367291,641161.6454893686,327732.2889589466
1427,258.88362442829856,2.9436076883366527,297.52513964579174,3.38297466767637,299.2323454510835,3.296295080254488,294.99585862082677,3.365032688528991,19.10686963307288,12.907081256155935,0.08574870119268459,0.155610980775521,259905.00000000003,1.0,22.704057104832273,11.941462803653534,335.8621493725515,51.490727960732,339.5450855455036,56.077381899615176,0.23333333333333336,0.19187244699095934,297.0112145895231,3.2945893508267625,0.6893667276972637,0.4612205207411842,259905.00000000003,1.0,0.5013866933229382,0.567114434800462,4.251779391409483,3.584957382910878,4.439759425783809,3.583693458860924,902431.7682174396,370473.6900416937,259569.13785062748,51.49072796072946,678398.8153581087,323058.01310437656,259900.7482206086,3.5849573829111887,633729.8679673091,328431.28322349035
1428,259.0472136479104,2.6863737372610177,297.71314603839505,3.0873455813765993,299.42734153087247,3.016099454191922,295.1796139718979,3.127046742716679,19.796881976315873,13.381440967617564,0.07525674987238944,0.15015319133670027,259905.00000000003,1.0,22.53676123748181,11.958612865313333,333.41368002817984,47.312894671378885,336.2288160392182,51.508415670273486,0.23333333333333336,0.19187244699095934,297.2226209896661,3.0062269042694383,0.6495425668069019,0.4443321341211001,259905.00000000003,1.0,0.43575896085478805,0.501574337629111,3.9713291187907025,3.5772448197593563,4.185112724742816,3.6009286592459646,899446.2433302214,370811.1260402876,259571.58631997183,47.312894671376945,673771.6869731079,324409.2895272094,259901.02867088123,3.577244819759907,631001.839716119,328535.82074242627
1429,259.10724096073955,2.5845002447457213,297.7821325588282,2.9702670649613823,299.5269383574121,2.841528063493976,295.2355612430192,3.0445390332572995,20.31511137027287,13.409924266681283,0.06666666666666667,0.14668719796566035,259905.00000000003,1.0,21.88614208425957,11.774769220767823,332.14264931419314,45.07767619075202,333.7803466948465,47.351761114273096,0.23333333333333336,0.19187244699095934,297.35098229352377,2.782216534353864,0.6134208189244253,0.4518090481613935,259905.00000000003,1.0,0.38554400067435113,0.39547487993487,3.6767856338739615,3.4763675113831245,3.9046624521240356,3.58786363675706,899014.7204707033,370912.08939398575,259572.85735068584,45.07767619075033,667297.9830245039,327369.3451420379,259901.32321436616,3.476367511383242,630186.0357735656,328748.033926091
1430,259.1391274691918,2.5279270634556212,297.81877796157096,2.905250589919245,299.56628355045694,2.764035812937046,295.2632892526763,3.002810172948001,19.980884799924304,13.432932538723144,0.06666666666666667,0.14668719796566035,259905.00000000003,1.0,21.322257976760014,11.783452068409126,331.10127613735744,43.18553866102271,332.5093159808598,45.12915243380162,0.23333333333333336,0.19187244699095934,297.39728609257634,2.6953389630385556,0.5456116695711286,0.37780347998297986,259905.00000000003,1.0,0.3514644338020651,0.3364976958305852,3.415971731438231,3.3652423004864436,3.610118967207295,3.481463680995944,889875.9301341879,371716.04225863,259573.89872386266,43.18553866102253,659242.2132713342,329120.4490254526,259901.58402826858,3.3652423004869223,622904.7754697469,328031.0562258887
1431,259.1490733558652,2.5118629600193945,297.830207609464,2.8867899858210655,299.602062335566,2.696603161729398,295.2757138346973,2.9851061578188585,19.732304752405383,13.530794219655476,0.06666666666666667,0.14668719796566035,259905.00000000003,1.0,21.026703010191877,11.659590428328364,330.10687787957096,41.55069726345687,331.4679428040241,43.2484018816337,0.23333333333333336,0.19187244699095934,297.42316100331504,2.6439786475169975,0.49712719894755064,0.3494013784099892,259905.00000000003,1.0,0.3471871658129407,0.33138255255879645,3.1993650316369546,3.253126990981114,3.3493050647715648,3.3651656270541235,885292.3183071761,372224.3145866719,259574.89312212044,41.55069726345866,657049.5590287022,329168.1241207708,259901.8006349684,3.253126990979923,621642.1199747402,327804.0947510813
1432,259.0659628502901,2.6087455024543322,297.7346909697778,2.9981342592749876,299.5551574559597,2.7608266585515033,295.2765996869463,2.983928182985564,19.584156054037955,13.566897602955473,0.06666666666666667,0.14668719796566035,259905.00000000003,1.0,19.564169808798006,8.782869552575704,330.4268641248109,41.90298180024751,330.47354454623763,41.62509255298018,0.21421575157984155,0.18526625660060175,297.43280548347064,2.626892180318795,0.4714974023853692,0.35689900500778643,259905.00000000003,1.0,0.3316006185096206,0.30902757236151696,2.992801581094539,3.100696404501006,3.1326983649702878,3.248452306836847,849081.2431943123,321472.2743878673,259574.5731358752,41.902981800249236,623930.0998678326,272364.7914702753,259902.00719841893,3.1006964045017704,595714.0707876217,286451.9749822364
1433,258.9355379200089,2.7447272412154247,297.58479762786044,3.1544136730964802,299.4294629578735,2.903527747448383,295.2421109520337,3.028591530581506,19.251578102306365,13.519802462376973,0.06666666666666667,0.14668719796566035,259905.00000000003,1.0,18.415435145001275,7.419086710821977,331.563007082116,42.919044993596216,330.79353079147756,41.97386118205655,0.1985635994737753,0.18276795783092775,297.34511380720403,2.7388740147383706,0.4313959179912871,0.33900639907708413,259905.00000000003,1.0,0.3223559155440997,0.3008223323978537,2.817094911980685,2.9539287714305877,2.9261349144278728,3.0911864797856534,820318.9653064685,290064.3488092067,259573.4369929179,42.9190449935987,598609.5046159066,241277.84029791577,259902.18290508803,2.9539287714308866,574495.9345220805,257492.85080355647
1434,258.77139583700944,2.896078072954612,297.3961544600751,3.328356140608782,299.24579861287594,3.086931181070716,295.18970473120305,3.088497169939311,18.62209456034242,13.310039195951108,0.06666666666666667,0.14668719796566035,259905.00000000003,1.0,17.517922465711642,6.766407451916878,332.96717917674675,44.11074906502889,331.92967374878265,42.978223094809294,0.1857487011926846,0.1827630745318869,297.21470227700274,2.875524302480398,0.39856359947377534,0.33115027589584395,259905.00000000003,1.0,0.31478699292315654,0.30206025512129664,2.6666516387634,2.8254287575328574,2.7504282453140187,2.939825750614002,785405.3348780451,248851.1357011552,259572.03282082328,44.11074906503102,569264.9863787503,203241.15823596012,259902.33334836125,2.8254287575330177,547998.4189902435,217381.54304472514
1435,258.5855739808743,3.0035610933439827,297.18259551066774,3.451882067323311,299.0189566383686,3.244509389607132,295.07334897365774,3.1840059438050337,18.088937881024034,13.25719531812016,0.06666666666666667,0.14668719796566035,259905.00000000003,1.0,16.586873765195442,5.494703050130483,334.76924329257537,45.30240366643756,333.3338458434134,44.156270067794296,0.16569795899564355,0.167973915868581,297.03975589774143,2.999915731374507,0.3857487011926846,0.3390596359914585,259905.00000000003,1.0,0.2799137105754851,0.2562331443409823,2.4941499814795334,2.6286508229761534,2.599984972096733,2.8069871971342497,755814.8015240117,211045.5895932566,259570.23075670743,45.302403666439254,543596.3437371717,164598.84420641515,259902.50585001853,2.6286508229764274,525512.863246047,188562.35458975087
1436,258.388788929255,3.14765022225335,296.95643779416315,3.617477559240364,298.75879430779054,3.3881967602056657,294.9297956537434,3.2994673080396795,17.828991486945863,13.035409096272812,0.06666666666666667,0.14668719796566035,259905.00000000003,1.0,15.682847232704773,5.035095849362675,337.21538754681643,47.2990500490934,335.13590995924204,45.33165227582756,0.15884059061363356,0.1580809969183652,296.83389444767107,3.0753061405949724,0.36569795899564356,0.30704854505862084,259905.00000000003,1.0,0.24784539921066298,0.22638071936013685,2.3096307550278863,2.4173909118973897,2.427483314812867,2.6042544572441417,728330.7790433187,160680.5135377071,259567.7846124532,47.29905004909374,518093.65370532736,125724.57849295363,259902.69036924499,2.4173909118962222,502399.14125922427,148571.17972030464
1437,258.32328143625716,3.183722206691609,296.88115242876603,3.6589336322689388,298.6403394757285,3.4343735314135477,294.82962347645355,3.3890051872114877,17.502004400903527,12.855318819369563,0.06666666666666667,0.14668719796566035,259905.00000000003,1.0,16.923199884986378,8.44816406719605,338.0941920627336,47.780805766784496,337.5820542134831,47.30745564924393,0.16025921752612132,0.16121301381062664,296.6952886330478,3.168502345115022,0.3588405906136336,0.2953450256416818,259905.00000000003,1.0,0.2668582152960105,0.27391201061509607,2.1509817130435964,2.2068109232611803,2.24296408836122,2.3855112705834003,728620.8175484911,161275.12525255463,259566.9058079373,47.78080576678603,521466.73923262476,131260.8995546184,259902.84901828697,2.206810923260106,492027.733575337,138142.452564348
1438,258.35913541371207,3.1767183915145036,296.9223579317178,3.6508844180481668,298.6532337740198,3.4353174550714094,294.8411668460169,3.3848864288417055,17.12651912660939,12.69594378359507,0.07622545754341258,0.1514588875693458,259905.00000000003,1.0,18.149998802420868,10.731653207651263,337.36115359604537,47.57817337160242,338.4608587294003,47.782150902756435,0.18053827276001091,0.21921835467022646,296.6934429435344,3.169176146934767,0.3698180084028672,0.30950141248119845,259905.00000000003,1.0,0.30154217428119207,0.35475054071835666,2.016039212255255,1.982593727379623,2.08431504637693,2.166798796773851,733936.6505392485,173924.35685590957,259567.63884640398,47.57817337160361,527653.7022892333,145716.1246768997,259902.98396078777,1.9825937273795868,481042.778174949,125826.71021994606
1439,258.45455463207566,3.186381920896663,297.0320199597322,3.661990464187912,298.7623506125215,3.4756744594505777,294.9411540152706,3.389212353062289,16.95876643399605,12.684872729867932,0.08405153359644568,0.15343723485643618,259905.00000000003,1.0,18.85348878121784,11.67157787366452,335.7490463818938,47.624460087506144,337.72782026271204,47.58536775833513,0.19714135892336332,0.24729366875509298,296.78647988954384,3.1815112509480805,0.35968797618280635,0.2910408555943894,259905.00000000003,1.0,0.3299389981408556,0.39374349296883565,1.9196235675466373,1.803510773809371,1.949372545588588,1.9331496847868108,739041.772927019,181369.34039073298,259569.25095361812,47.62446008750673,533567.2681311428,154548.76793193846,259903.08037643248,1.803510773809246,471194.8646572137,120166.94812739763
1440,258.6300504778222,3.2626305866360927,297.23371104371773,3.7496200957776806,298.9754076938171,3.613018756292236,295.12586053251096,3.4651985905943694,16.93756443882326,12.68972226149935,0.09045898273699104,0.1538193535729257,259905.00000000003,1.0,19.717113678841773,12.519841227141068,333.245704825805,48.48596020046848,336.11571304856045,47.644483624348446,0.21425129880731544,0.26178060830024685,296.96549604527326,3.265983372114807,0.35139420727457166,0.27973178327740816,259905.00000000003,1.0,0.39241417169277426,0.4790415214592491,1.8939768652981732,1.748758631134586,1.8529569008799707,1.7452054943695923,750936.5396024757,192486.3492567563,259571.7542951742,48.485960200470466,546114.5014449378,168166.18874343214,259903.10602313472,1.7487586311322343,465564.2151737741,120106.43495762869
1441,258.9096346165281,3.4462976823717986,297.55502661774113,3.960701469813031,299.26350972896296,3.844354837079539,295.39805631002076,3.641737968556401,16.62145573644783,12.839390277741993,0.09570495839713862,0.1533107394306897,259905.00000000003,1.0,20.54087674629384,12.969464484920588,329.59724552422847,50.68610197227679,333.61237149247165,48.52520009709881,0.21518445925086468,0.2625718543697706,297.2096313001568,3.454000759876039,0.3576791171332358,0.28260337361612775,259905.00000000003,1.0,0.48179968109059795,0.6297638704676397,1.9514307625888687,1.8959027294371362,1.8273101986315066,1.6875160384798855,758563.4097757962,195579.07109600495,259575.4027544758,50.68610197227838,558410.9636546227,174647.9227490096,259903.04856923744,1.8959027294327317,457826.541600978,120726.35102097102
1442,259.1889168076473,3.632071790969156,297.87599481635965,4.1742043106152416,299.58294020039875,4.082724155002694,295.71902509827817,3.926480881375166,16.403854955188347,12.974856872656197,0.1,0.15233890506616468,259905.00000000003,1.0,20.46502034461588,12.994582115373095,325.8027468014676,53.169361384946896,329.96391219089514,50.750915634672495,0.21594846640355433,0.2626641739562506,297.5023513516236,3.7381105411678153,0.35930828346883514,0.28248826586326015,259905.00000000003,1.0,0.5409164159300892,0.6652195348908092,2.066372228383456,2.185648101419007,1.884764095922202,1.8417180742813732,762127.8627764146,193487.68440972228,259579.19725319854,53.169361384949624,565021.5050301312,172326.42564448912,259902.93362777165,2.185648101412561,453139.0374333229,123355.65355921557
1443,259.5303315884543,3.907578432953531,298.26836953962686,4.490833737208734,299.96927654369324,4.364318796842057,296.04750992227906,4.185191581297691,16.321188046581877,13.041090631085757,0.09044120912325411,0.14917997854395487,259905.00000000003,1.0,20.60627317560368,12.964069598799757,321.68874043034504,56.20445090993827,326.0642667684901,53.202546378188536,0.20954101726300897,0.2655911287776738,297.7999075165247,3.9966378961004576,0.35712564940365776,0.2835513497793662,259905.00000000003,1.0,0.5822841394727134,0.6689988931652697,2.2439816335393368,2.567230290677434,2.0188231434702812,2.16968542904094,770955.5548767119,186010.8769505196,259583.31125956966,56.20445090994211,577942.7845830164,167203.81704211427,259902.7560183665,2.567230290671324,454172.87047127844,122426.22993522885
1444,259.89852604544916,4.231714025419104,298.6915212650255,4.863350802735803,300.41868665992433,4.755475554710111,296.44125934246784,4.530807740452218,16.32645995061183,13.036969022926572,0.0730563421934751,0.12575928988691057,259905.00000000003,1.0,20.64173767090675,12.955788836817403,317.4758394982957,59.594330705099026,321.86417356078414,56.214712557924365,0.2042950416028614,0.2681984446119268,298.1987693063102,4.358285826469125,0.3719304159405512,0.31998287293262967,259905.00000000003,1.0,0.6257119577986338,0.6721756970954514,2.465866242590311,2.9084489602033927,2.212084700732228,2.5696267964150388,776149.6644604887,181273.8106855711,259587.52416050172,59.594330705102394,588532.8732693482,159098.54636803296,259902.53413375744,2.908448960198194,457241.1006552946,118755.03329219203
1445,260.2208147965061,4.476225760158667,299.0619147559507,5.144359095604134,300.8566144160112,5.115563695745119,296.83109014938236,4.821372740888819,16.38263116906031,13.005170864716511,0.05882281699989661,0.10709741220785132,259905.00000000003,1.0,20.28752961758563,13.019913990681674,313.61706942266363,62.79832105082269,317.5807906881888,59.59092371952241,0.2,0.2704704102400759,298.5975651628731,4.753249005015168,0.4222866971034293,0.4616217415196651,259905.00000000003,1.0,0.6602769911398583,0.6655188464701998,2.684774502100722,3.112755388654588,2.446784208064293,2.915189801619135,775421.0335293282,181873.3380735055,259591.38293057735,62.79832105082705,590318.5407593701,157857.10822845617,259902.3152254979,3.112755388650909,458240.11869874655,117924.27503360275
1446,260.4819024154502,4.695580304532807,299.36197225372763,5.396454979540067,301.2534436839844,5.440749289989162,297.1784868465316,5.091912398668696,16.45917959393177,12.952248489896581,0.04716939219920368,0.09237459418993509,259905.00000000003,1.0,19.69471762033474,13.016094715089551,310.3816074616929,65.77664586236273,313.6643148802951,62.79084415215497,0.2,0.2704704102400759,298.96285126981036,5.049444472414449,0.45999845045610716,0.5174993789916117,259905.00000000003,1.0,0.6936280980869286,0.6562953606925299,2.9098140665258208,3.237019269503011,2.6761844188949993,3.117584637481635,770599.135429558,181771.0976465265,259594.61839253834,65.77664586236646,586397.0971757327,155962.0652362178,259902.09018593348,3.2370192694987483,458690.58494188014,117838.17731213757
1447,260.7554566883503,4.947667617608518,299.67635751524097,5.686169343554149,301.6143707859804,5.752683357664469,297.4911414330365,5.359557673075934,16.384512588553257,13.002489415085797,0.03762837493619472,0.08090068482133586,259905.00000000003,1.0,19.356164187326062,13.084830608336057,307.3723274879839,68.67098590757455,310.3816074616929,65.77664586236273,0.2,0.2704704102400759,299.29971125713985,5.353595757456637,0.49087422267843617,0.545142623392944,259905.00000000003,1.0,0.7304924658704337,0.6469847500538775,3.149432309717818,3.3090579532438498,2.9098140665258208,3.237019269503011,766598.955545633,182423.13871527085,259597.62767251203,68.67098590757902,584613.9238335136,155582.66542169402,259901.8505676903,3.3090579532403095,460473.21399012726,117047.34055645604
1448,260.98300047405957,5.142821882946949,299.937864574196,5.910452771331458,301.8966237406129,5.98943089561022,297.7836474632144,5.629510477267169,16.331948548825082,13.03233300066875,0.03333333333333333,0.07929507613443851,259905.00000000003,1.0,18.91009054729016,13.293520440673893,304.76085215618554,71.13318879006859,307.3723274879839,68.67098590757455,0.1904412091232541,0.2723590418695563,299.61077208057105,5.625855475114798,0.5448295395521255,0.6106310629926247,259905.00000000003,1.0,0.7511156665908205,0.6421957914061809,3.355718436756513,3.317333231508672,3.149432309717818,3.3090579532438498,760426.5097150485,185115.69193533537,259600.23914784382,71.13318879007161,580564.7159812547,156604.90204428547,259901.64428156326,3.3173332315052435,461482.9951049321,116620.9292976974
1449,261.16431952752373,5.290533227944631,300.14624757594135,6.0802117557101285,302.1174849054422,6.147291813165961,298.0242201685061,5.838889858808564,16.289457264455756,13.06001199685177,0.03333333333333333,0.07929507613443851,259905.00000000003,1.0,18.584003794760612,13.527231522841339,302.43297229254733,73.22180317700123,304.76085215618554,71.13318879006859,0.182615133070221,0.27440646182122636,299.8655455086549,5.83466290367648,0.5854879341226704,0.6330519249475471,259905.00000000003,1.0,0.7644840326014893,0.6352131348139293,3.5347145352353317,3.287870206873631,3.355718436756513,3.317333231508672,754963.1912502666,190119.14771556715,259602.56702770747,73.22180317700398,575515.2947551036,159821.26489273043,259901.46528546477,3.2878702068692927,461288.93075482396,116768.5976440008
1450,261.3651095422388,5.449946760896984,300.37700797446524,6.263419486046957,302.33609975115644,6.292353152882863,298.257710545795,6.048906125091639,16.312565599927424,13.04491290952116,0.03333333333333333,0.07929507613443851,259905.00000000003,1.0,18.43911277784247,13.653049596277244,300.27309178129894,75.01259532419851,302.43297229254733,73.22180317700123,0.17620768392967565,0.2764112744631595,300.09934542221004,6.011408709233372,0.6047102815443065,0.6307868133808172,259905.00000000003,1.0,0.7719126423268143,0.6295680057629608,3.7019168960178397,3.2392131242492255,3.5347145352353317,3.287870206873631,752561.0086080723,193391.5426069041,259604.72690821873,75.01259532420202,574574.8994321927,160850.5759177117,259901.298083104,3.2392131242454965,462635.33537951385,115176.42573749051
1451,261.5433146571732,5.566933244242791,300.5818119641678,6.397867273183673,302.56518315559094,6.42491135221537,298.49117245584443,6.2280767545277085,16.53420102736477,12.918415522937567,0.03333333333333333,0.07929507613443851,259905.00000000003,1.0,18.275565697383993,13.808377010825142,298.4983937779464,76.32100424307227,300.27309178129894,75.01259532419851,0.16140291739278217,0.2734439972833208,300.34261954999647,6.180714323972052,0.6204482085247492,0.6260122979837395,259905.00000000003,1.0,0.7709617082695281,0.630549019262173,3.8524303957626187,3.173064195726027,3.7019168960178397,3.2392131242492255,757944.2850364461,188225.05929572467,259606.50160622207,76.32100424307501,581163.5230140463,155932.98541416213,259901.14756960425,3.173064195722776,471113.6802679841,115542.63149552632
1452,261.6945170533656,5.658315586481711,300.7555827800526,6.502889310223448,302.7628440861602,6.518113937941769,298.64814073187534,6.324975829516769,16.822244270083946,12.716456932072143,0.03333333333333333,0.07929507613443851,259905.00000000003,1.0,18.01794490310096,14.030387483652113,297.269359811596,77.1656743072033,298.4983937779464,76.32100424307227,0.15884059061363356,0.2718390824815637,300.56145765305905,6.318251751275256,0.6524509150868252,0.6260636098974354,259905.00000000003,1.0,0.7666666666666667,0.6354930910976249,3.9666461473424603,3.095122017768607,3.8524303957626187,3.173064195726027,783815.8781878428,200986.32195820162,259607.7306401884,77.16567430720639,603937.3124533246,173506.03897171037,259901.0333538527,3.0951220177641083,497215.4315383424,160099.81956735833
1453,261.8524850377337,5.777545385090342,300.9371292945047,6.639915430544592,302.9566449511759,6.63241124445662,298.7789582395046,6.4025223726787885,16.917218093547977,12.642998326129913,0.03333333333333333,0.07929507613443851,259905.00000000003,1.0,17.92722612347861,14.05790608327958,296.22601844833207,77.94935615247532,297.269359811596,77.1656743072033,0.16025921752612132,0.27213019605920985,300.73990873665144,6.415038519076717,0.6681030671928915,0.6183439270283131,259905.00000000003,1.0,0.7666666666666667,0.6354930910976249,4.065209746816236,3.0297331773638905,3.9666461473424603,3.095122017768607,804401.3960501789,207520.5793768796,259608.7739815517,77.94935615247783,621381.5302038719,181415.60776954022,259900.9347902532,3.0297331773599336,516694.3862126519,171141.15783113716
1454,262.06522873639784,5.962969770736594,301.1816271734993,6.853016274269554,303.19332117487477,6.800926085080744,298.9557721734948,6.5269397573441665,16.50648709178005,12.746997790625704,0.03333333333333333,0.07929507613443851,259905.00000000003,1.0,18.00084087157858,14.045746226197405,294.69833133520024,79.0994229809201,296.22601844833207,77.94935615247532,0.1614206910065191,0.2721918323027172,300.96654344783076,6.562756833865377,0.6618003837204903,0.6203016975344042,259905.00000000003,1.0,0.7762254575434127,0.6330219995035471,4.179634820639158,2.953106415645805,4.065209746816236,3.0297331773638905,820058.2745478223,217774.6494162153,259610.30166866482,79.09942298092315,631614.9820871184,191382.98319497443,259900.8203651794,2.953106415641651,524387.7930173975,178798.6090810065
1455,262.44212706516515,6.302139943194205,301.6147817527139,7.242811071562542,303.5549186295446,7.113223213254566,299.25577858563827,6.7159152588142925,14.943711785982769,10.877108507251078,0.03333333333333333,0.07929507613443851,259905.00000000003,1.0,18.181859328479796,14.01999718438745,291.42685045936986,80.85630424142133,294.69833133520024,79.0994229809201,0.1814892068172971,0.291236047476493,301.26306219066356,6.7799663093958005,0.6566401829347193,0.6225956866953963,259905.00000000003,1.0,0.7840515335964457,0.6294526548181633,4.307046171300884,2.8648558023189254,4.179634820639158,2.953106415645805,828928.0960836036,229347.44268038214,259613.57314954064,80.85630424142538,644704.2230436127,207289.97396352587,259900.69295382872,2.8648558023163297,529306.2389336014,185567.97293277876
1456,262.9396115755676,6.710162352580316,302.18652201933435,7.711735620896145,304.0379105194762,7.4996265131961515,299.7061986639006,7.031149944976935,13.673876739715432,9.278202002219338,0.03333333333333333,0.07929507613443851,259905.00000000003,1.0,18.191636128174803,14.018334527842718,286.87575773757715,82.40855965330665,291.42685045936986,80.85630424142133,0.20143640052622472,0.29877262547963346,301.71188971959697,7.123674634949383,0.6619741587360972,0.6208663742406982,259905.00000000003,1.0,0.7904589827369911,0.6254766082761137,4.435530995301778,2.7643040300746935,4.307046171300884,2.8648558023189254,835153.1064473485,235100.54952043266,259618.12424226245,82.40855965330958,655096.9401740058,213330.61476543028,259900.56446900472,2.764304030071532,534728.6390661169,189272.18946490905
1457,263.4953360578333,7.05643774616337,302.82519560857895,8.109696909012266,304.65825467458507,7.916696408122176,300.27922252483535,7.3607457313710425,12.594007258370597,7.412586667000673,0.03333333333333333,0.07929507613443851,259905.00000000003,1.0,18.19657035770493,14.016829517123783,281.2398613049095,83.029579846799,286.87575773757715,82.40855965330665,0.21425129880731544,0.2980787305737472,302.31030476992805,7.5417963086186965,0.678425865222327,0.6178804772354035,259905.00000000003,1.0,0.7957049583971387,0.621501563528537,4.55281008847659,2.653351333277085,4.435530995301778,2.7643040300746935,837452.2695515028,235682.78364495822,259623.7601386951,83.02957984680285,662821.477854127,212686.18774482585,259900.44718991156,2.653351333274681,540189.8295795256,190480.14693119584
1458,264.12173491438205,7.302643605971757,303.5450923702383,8.392651936015838,305.3540811024848,8.21143780591228,300.93378054706545,7.6310274358792185,11.673086543836664,5.564042881820909,0.03333333333333333,0.07929507613443851,259905.00000000003,1.0,17.840446446894507,14.132877341147216,275.0391680685183,82.39009297135402,281.2398613049095,83.029579846799,0.2247432501276106,0.2958082215482684,302.9778507902204,7.856016453399495,0.6918953832632158,0.612775991777628,259905.00000000003,1.0,0.8,0.616235951207314,4.660914705213374,2.5243946857505284,4.55281008847659,2.653351333277085,838362.8821158422,235648.45785715844,259629.9608319315,82.39009297135902,668524.1509438984,210879.92501798962,259900.3390852948,2.5243946857479798,542084.4240887618,191163.77582748656
1459,264.79069778832144,7.41850286933033,304.3139066277861,8.525804930520945,306.09890417063906,8.34680234099368,301.680029911759,7.784723212876331,11.028013029864562,4.574871725923278,0.03333333333333333,0.07929507613443851,259905.00000000003,1.0,17.499646092163445,14.308611654038042,268.53420167288607,80.49949449639854,275.0391680685183,82.39009297135402,0.23333333333333334,0.2927830614841178,303.71512091806426,8.051848660751084,0.7099562572044541,0.5995214685051231,259905.00000000003,1.0,0.7808824182465083,0.6321938104880981,4.731840866255428,2.4338622551996227,4.660914705213374,2.5243946857505284,835243.3063277488,236669.479370232,259636.46579832715,80.49949449640417,673939.3846691345,206569.10350112483,259900.26815913376,2.433862255196979,543234.5861045428,191227.93910550987
1460,265.46218760667034,7.433779516610218,305.0856250029986,8.543362283742308,306.87559559981423,8.34330767765743,302.45360502686617,7.8668773528539155,10.805608764456576,4.575445669290766,0.03333333333333333,0.07929507613443851,259905.00000000003,1.0,17.21314325019407,14.48735786305799,262.09333385381524,77.84111235777759,268.53420167288607,80.49949449639854,0.23333333333333334,0.2927830614841178,304.4893680781768,8.112577599735255,0.7247432501276106,0.586741341256444,259905.00000000003,1.0,0.765230266140442,0.6458330694655192,4.77232788226826,2.379888402771878,4.731840866255428,2.4338622551996227,834105.4563326982,237295.09465956746,259642.9066661462,77.84111235778299,676946.3599118749,204193.06173320254,259900.22767211776,2.3798884027706015,544414.319118101,191371.20135443908
1461,266.1422967328842,7.410872680997537,305.86724936247646,8.517036603147183,307.6617868800387,8.311145661048702,303.2510877427114,7.913074767722493,10.853475045255383,4.585020834362562,0.03333333333333333,0.07929507613443851,259905.00000000003,1.0,16.69522895311014,14.606439588737903,256.2182466126272,74.9987499214097,262.09333385381524,77.84111235777759,0.23333333333333334,0.2927830614841178,305.2904221720507,8.092303745694746,0.7333333333333334,0.5775798868766439,259905.00000000003,1.0,0.7619741587360972,0.6465692611092367,4.800968707671023,2.3467570568290723,4.77232788226826,2.379888402771878,831179.4181163729,238536.52122452867,259648.7817533874,74.99874992141393,674950.1449588347,205076.5979440808,259900.19903129234,2.3467570568285723,541060.5655514521,190147.77676747408
1462,266.81412130396865,7.276003426887166,306.6393524597502,8.362036731757533,308.4326265875367,8.193132190519123,304.0356792355058,7.8697245721194236,10.93793277017984,4.672142267914989,0.03333333333333333,0.07929507613443851,259905.00000000003,1.0,16.275703730336062,14.753855490018623,250.84714231913762,71.55822829603576,256.2182466126272,74.9987499214097,0.23333333333333334,0.2927830614841178,306.07947283039147,8.012229027323514,0.7524509150868252,0.5617446017352848,259905.00000000003,1.0,0.7593082834688352,0.6476393396838029,4.807826076053034,2.3393767380217434,4.800968707671023,2.3467570568290723,830932.0047426656,238580.31777213953,259654.1528576809,71.5582282960398,672536.869466162,205897.8025291124,259900.19217392398,2.3393767380202024,539917.3854156259,189302.39359836886
1463,267.4809296107499,7.005642145418893,307.4056907039036,8.051320658696426,309.2032051795964,7.919992846532911,304.7875775516749,7.653816667158415,11.067405623354839,4.874796858532819,0.03333333333333333,0.07929507613443851,259905.00000000003,1.0,16.061344729600187,14.878501848585355,245.81986987955895,66.98158315369207,250.84714231913762,71.55822829603576,0.23333333333333334,0.2927830614841178,306.8624354623643,7.811085621782089,0.7681030671928915,0.546387684211929,259905.00000000003,1.0,0.7571256494036578,0.6488272019838102,4.7968486582638,2.3502890535071397,4.807826076053034,2.3393767380217434,849176.4757539651,250891.68024439408,259659.18013012045,66.98158315369467,689832.5123424642,215618.86971900117,259900.20315134176,2.35028905350572,558465.112037271,222364.81223848974
1464,268.2184870525196,6.68132002649898,308.2533382034109,7.678589001338264,310.07217905129966,7.58230964297115,305.5333617090019,7.353218488347446,11.523023298269406,5.708073097344973,0.03333333333333333,0.07929507613443851,259905.00000000003,1.0,16.621869321008095,14.939028946433481,240.6876905234869,61.28695972371579,245.81986987955895,66.98158315369207,0.23333333333333334,0.2927830614841178,307.63414825889384,7.477704817745297,0.7809179654739822,0.5320723501940027,259905.00000000003,1.0,0.7719304159405512,0.639673048564537,4.787861108730369,2.358408397951198,4.7968486582638,2.3502890535071397,887888.6380096285,294749.574772522,259664.31230947655,61.2869597237188,732263.3816171398,277512.75408614427,259900.21213889128,2.3584083979497157,592366.1282493467,283921.5157074707
1465,268.99121498495225,6.340985315034372,309.141405543741,7.287455310214825,311.13064760242594,7.418742437902088,306.35110567200036,7.026312460359964,12.51880971001677,7.908984770159634,0.03333333333333333,0.07929507613443851,259905.00000000003,1.0,17.315250674061566,15.158917891462353,235.85791622610878,54.48941300928558,240.6876905234869,61.28695972371579,0.26200970596357104,0.31072203882490207,308.4670784879621,7.114823184587033,0.7914099167942773,0.5190873257088622,259905.00000000003,1.0,0.7936103244731917,0.6280420820515352,4.790061516409283,2.3567129792929364,4.787861108730369,2.358408397951198,936157.9132843318,359301.4254631506,259669.1420837739,54.489413009289265,781957.9436261674,347782.56114573264,259900.2099384836,2.356712979291852,628713.860479537,331075.4865122493
1466,269.91902796163794,6.002030678279116,310.2077059552612,6.8979089571254555,312.3429983623482,7.3617753230764835,307.2876439117327,6.6809000001135015,12.895029165806335,8.7428487963548,0.03333333333333333,0.07929507613443851,259905.00000000003,1.0,18.271140522991843,15.269867867921938,230.44847153558993,43.66609821922539,235.85791622610878,54.48941300928558,0.2950467249994163,0.3619164575297922,309.43340953118076,6.874476433218558,0.7808824182465083,0.5268037616540187,259905.00000000003,1.0,0.8269614314202619,0.6107739491190098,4.836140529583037,2.3221669780745886,4.790061516409283,2.3567129792929364,986313.5856571009,419297.5441204778,259674.55152846442,43.66609821923326,836017.844863341,402092.00916905346,259900.16385947043,2.3221669780736724,664088.7053164033,366077.172574758
1467,270.86392184669586,5.915130032813467,311.2936364849287,6.798037317183613,313.53845068434276,7.466578934088331,308.3038110829552,6.3475618895654335,13.303691164104416,9.336020101162848,0.03333333333333333,0.07929507613443851,259905.00000000003,1.0,17.48007292684907,13.977216096132008,226.23875643951195,34.21119665604053,230.44847153558993,43.66609821922539,0.3125363575973396,0.38517024472858213,310.5147299759296,6.69344303221052,0.765230266140442,0.5344783010986819,259905.00000000003,1.0,0.8160318448200374,0.6077748259092851,4.886942108262632,2.292962972255334,4.836140529583037,2.3221669780745886,1018787.9656311466,460272.9241640345,259678.7612435605,34.21119665604411,874895.691670848,449503.8824716498,259900.11305789175,2.2929629722538922,697041.0546107204,392561.8469565233
1468,271.83484501349983,6.1634263922460475,312.4094816537943,7.083393916176747,314.74396471271876,7.955757687538614,309.3461701614547,6.457160758972335,13.618167070910577,9.616836660875537,0.023774542456587434,0.06337806550179151,259905.00000000003,1.0,16.637709257942575,12.426080289212168,223.19543971002338,27.1160414879205,226.23875643951195,34.21119665604053,0.30773807591180274,0.3771163588461551,311.6542141863359,6.962110663180314,0.7428565769826054,0.5423730757730802,259905.00000000003,1.0,0.787965874398513,0.5937759895005182,4.93205140567854,2.2764393410763595,4.886942108262632,2.292962972255334,1039409.2520357228,481862.75864264934,259681.80456029,27.116041487922807,900647.3891645353,474227.60875593516,259900.06794859434,2.2764393410749544,724389.713980244,404230.6559314697
1469,272.9243016532715,6.874314396725373,313.66155237707574,7.900389998268361,316.15498387823493,9.197445670297874,310.4245838019699,6.927814269813854,14.176664555527278,10.189507101825555,0.01594846640355432,0.049371964443921175,259905.00000000003,1.0,15.973593570369431,11.432395851796427,221.38256222877766,22.457593793477248,223.19543971002338,27.1160414879205,0.3420447386409065,0.4624132905728419,312.81868479600126,7.5869160973046625,0.7245385496092771,0.551612594044934,259905.00000000003,1.0,0.7614709186534218,0.5907069379533234,4.968983774722685,2.2684368979715144,4.93205140567854,2.2764393410763595,1064133.1731752995,501759.06423611904,259683.61743777126,22.457593793476025,925566.18955254,490093.2691726412,259900.03101622532,2.2684368979702825,753327.8993665772,410983.49608299806
1470,274.00879908907245,7.695155090039889,314.9079238350069,8.84375031478778,317.53735973234006,10.389393144095019,311.5348191739812,7.6885781758236975,14.84352146151577,10.801929066302778,0.009541017263008957,0.036502219292503635,259905.00000000003,1.0,15.261962757541491,10.24860415101265,220.95457991548892,21.379504669176,221.38256222877766,22.457593793477248,0.37870079226815384,0.5282609032043584,314.060246883079,8.574835615983577,0.709541017263009,0.5609473324560771,259905.00000000003,1.0,0.7075858283072258,0.5585539079059868,4.967028585766902,2.2682673275279934,4.968983774722685,2.2684368979715144,1087910.3380748038,519719.1892188848,259684.04542008453,21.37950466917732,946879.5097008519,502567.5254282543,259900.03297141424,2.268267327526894,788805.5744949094,423843.9377576394
1471,275.0391810361637,8.488863157392894,316.0921024939972,9.755928168749653,318.85024871346235,11.367547345110317,312.589139852402,8.410186339107032,15.6594729567586,11.04789273241156,0.004295041602861385,0.02352491171310326,259905.00000000003,1.0,15.253499056171265,10.228229703096932,221.35625877447342,22.00510968989631,220.95457991548892,21.379504669176,0.4243133297667368,0.589576289266413,315.2676291663555,9.500478373912648,0.6947362507261156,0.570455823105155,259905.00000000003,1.0,0.6182003189094022,0.43199143172549115,4.890492653950188,2.225300809508535,4.967028585766902,2.2682673275279934,1115734.5122440564,533965.1495206717,259683.64374122556,22.005109689896333,970318.3078311828,512931.71947830543,259900.10950734606,2.2253008095078455,822428.6046314205,426709.19947604596
1472,276.1278448099157,9.282371533538566,317.34326253037904,10.667876927823595,320.27067823083405,12.455557389276592,313.6912388633447,9.312051329622525,16.562524682607357,11.291771338313396,0.0,1.0,259905.00000000003,1.0,15.998847435947994,11.009794631948985,221.91993602113277,22.65144101619411,221.35625877447342,22.00510968989631,0.4651741995887613,0.6193571557230283,316.477462007079,10.429344278694083,0.682615133070221,0.5814902774030118,259905.00000000003,1.0,0.5590835840699109,0.3874980409679237,4.7669611049498775,2.1058494053271715,4.890492653950188,2.225300809508535,1164120.176356268,560431.6525874491,259683.08006397888,22.65144101619495,1013282.1805131473,534540.8164564103,259900.23303889506,2.1058494053274424,857651.4964376125,427332.1447753427
1473,277.14166368043175,9.93656316243768,318.50840624274844,11.419714891695776,321.6508783998613,13.372041812011283,314.80224392330024,10.06151678828124,17.630396274635252,11.673646324765183,0.0,1.0,259905.00000000003,1.0,16.78456342879249,12.089238446926949,222.76576886697552,23.162533348158174,221.91993602113277,22.65144101619411,0.5056612156015927,0.6275454936951648,317.72424294820706,11.257608353694177,0.6857664748064216,0.5789918041000893,259905.00000000003,1.0,0.5272746514040326,0.36827827927072193,4.608469281547489,1.8848404509093606,4.7669611049498775,2.1058494053271715,1202058.711226105,569434.4970160663,259682.23423113304,23.162533348159076,1044408.8617784424,542807.6861828177,259900.39153071848,1.8848404509107777,887711.5244679317,422986.4825696184
1474,278.0691016645433,10.408769080222427,319.57427548288376,11.962403463152917,322.84985559869665,13.962466649363689,315.85263844627246,10.717983673712702,18.455117050586512,11.73754880891599,0.0,1.0,259905.00000000003,1.0,17.404871431183825,12.63127876113585,223.8160144863782,23.34084918537666,222.76576886697552,23.162533348158174,0.5247432501276106,0.6203011583043778,318.8744843284218,11.934641104356432,0.6501114116923236,0.5724783471501486,259905.00000000003,1.0,0.49167290913114536,0.3413599549945812,4.45003077898631,1.618412417437728,4.608469281547489,1.8848404509093606,1230767.4974330852,564393.985634805,259681.18398551363,23.340849185377557,1072459.5534365661,541936.0134959922,259900.54996922103,1.6184124174387193,914520.9873748388,413924.89493928355
1475,279.0487671396504,10.812141924237297,320.70016784277107,12.425984534321033,324.03797342346013,14.439135138912253,316.92410953317017,11.276025668688428,18.889586958244905,11.657489990567342,0.0,1.0,259905.00000000003,1.0,18.09380918431801,12.935863153484148,224.61179226030512,23.208894652290027,223.8160144863782,23.34084918537666,0.6289212421007924,0.7728270401783326,319.95403086224394,12.44050765174613,0.5826843515108914,0.4957924579043094,259905.00000000003,1.0,0.46351532493046615,0.329462897724497,4.330861752405885,1.4241631192671478,4.45003077898631,1.618412417437728,1251055.1284996779,552512.3103004801,259680.3882077397,23.208894652290837,1095621.22939623,531809.1575399071,259900.6691382476,1.4241631192663657,931476.8229609744,401401.3065082798
1476,280.03113611090754,11.107717236801493,321.82916726363436,12.7656780913466,325.2347827579419,14.820322493794647,318.02437675612225,11.767676518461878,19.240347547625333,11.503698890749792,0.0,1.0,259905.00000000003,1.0,18.40215113366783,12.875486525035885,225.4499886742626,22.976234864925008,224.61179226030512,23.208894652290027,0.7071820026311235,0.8241176196478609,321.1037011880836,12.892839158733524,0.5309962263967251,0.4534481720091477,259905.00000000003,1.0,0.43541019364354344,0.31783005398477715,4.235275719652703,1.2660587706249866,4.330861752405885,1.4241631192671478,1261417.2378590934,544767.450978954,259679.55001132577,22.976234864925903,1109036.479866543,523967.97306169925,259900.76472428037,1.266058770624629,942612.7896901211,391917.1199769351
1477,281.00677604871044,11.388814755133614,322.95043333866334,13.088732945448497,326.4269449209218,15.114900905243019,319.1374477404942,12.196665460368074,20.10422218463346,11.515090165842263,0.0,1.0,259905.00000000003,1.0,18.83983204523172,12.869509457815688,226.71437881366435,22.639050080609167,225.4499886742626,22.976234864925008,0.7712564940365771,0.8417757552349887,322.23332303489536,13.250421814668856,0.48867756879681473,0.42824534816122084,259905.00000000003,1.0,0.40284086746289977,0.2960673102312776,4.149439018318788,1.1094200315409244,4.235275719652703,1.2660587706249866,1273429.3306374836,535395.3236102528,259678.28562118637,22.6390500806098,1125163.3626058071,514833.1224206474,259900.8505609817,1.1094200315383693,959887.8440570285,380056.8331882156
1478,282.0862822989782,11.689912921074525,324.19106896969174,13.434773846919144,327.7213904754523,15.386408433579737,320.34071611202467,12.719895228476702,20.930912278710334,11.537955894503082,0.0,1.0,259905.00000000003,1.0,19.752138592816394,12.932855080486249,227.89315249955828,22.289617734081936,226.71437881366435,22.639050080609167,0.8237162506380529,0.8410927464995501,323.4303061234114,13.608987012890285,0.4218371271145412,0.32817805415102524,259905.00000000003,1.0,0.37265887586576696,0.2891334353957798,4.100260767070014,1.032817036862956,4.149439018318788,1.1094200315409244,1290185.8023858394,521053.810383029,259677.10684750046,22.28961773408365,1144848.9356306372,500554.8504602449,259900.89973923296,1.032817036858389,976264.6381149809,366717.6935987215
1479,283.2390188647492,11.945204588992452,325.5158655251447,13.728170918799915,329.1511120980038,15.626987977416611,321.64371014958346,13.227896128078944,22.047007116727162,11.806098968093965,0.0,1.0,259905.00000000003,1.0,20.59168795714196,12.728845267660535,229.34847165914348,22.241435517748254,227.89315249955828,22.289617734081936,0.8666666666666667,0.8304103299213289,324.73645008455895,13.96265599155946,0.37161994166725043,0.26581627708689554,259905.00000000003,1.0,0.3514644338020651,0.2924618400989986,4.080105259204829,1.0080491651896755,4.100260767070014,1.032817036862956,1309929.2267765794,501305.6592712017,259675.65152834088,22.24143551775019,1163963.4101926652,481925.6774749181,259900.91989474083,1.008049165186075,993161.7800644118,349205.8899948914
1480,284.42943098290095,12.192136578424222,326.8839611820482,14.011960072241802,330.6282425270397,15.798427694366675,322.99368315886136,13.719431388128081,23.021113000407475,11.847075640992006,0.0,1.0,259905.00000000003,1.0,21.299259445120143,12.414346470320083,231.07032521443082,22.651684090593072,229.34847165914348,22.241435517748254,0.8666666666666667,0.8304103299213289,326.122680874017,14.285697515267767,0.37324789082281895,0.26873636063450596,259905.00000000003,1.0,0.33762837493619474,0.2990917802301139,4.044485743318205,0.9854354900143804,4.080105259204829,1.0080491651896755,1333064.5657703122,476373.2424240704,259673.92967478558,22.65168409059499,1183719.7221137,460845.65471363993,259900.9555142567,0.9854354900100052,1011648.7457295568,327996.64950265904
1481,285.682622638157,12.336396577686632,328.3242071398734,14.177752033966012,332.1250704221577,15.849254105213527,324.3426212207343,14.020878958769336,23.715031913009977,11.824415042452205,0.0,1.0,259905.00000000003,1.0,21.93943921023552,11.940197452696479,232.84591791720527,23.722285956745136,231.07032521443082,22.651684090593072,0.8762254575434126,0.8216949127555617,327.4641089720476,14.411349722325282,0.3745807428609302,0.2703244493314389,259905.00000000003,1.0,0.34289212421007925,0.29667054809644733,4.012797124667354,0.9798036741231348,4.044485743318205,0.9854354900143804,1352708.5028834397,459468.7127573798,259672.15408208282,23.72228595674884,1201024.1115325773,446226.47307192604,259900.98720287535,0.979803674119193,1025841.3966099806,318596.54066666117
1482,287.00757629953137,12.413396207046297,329.8469264165683,14.266244306795551,333.68004914039886,15.747518059363493,325.8175020463215,14.20603944470485,24.052611980786722,11.630605380473813,0.0,1.0,259905.00000000003,1.0,22.611115294556054,11.373129781680364,234.28741460343596,24.73892282560586,232.84591791720527,23.722285956745136,0.8744927427196999,0.8230344926395996,328.9033972023906,14.50783252645248,0.3565544080603427,0.2347710125389882,259905.00000000003,1.0,0.3507182002631124,0.29034250371027226,4.006960916870123,0.9831383574929402,4.012797124667354,0.9798036741231348,1347186.9326313375,461713.6978678175,259670.7125853966,24.738922825608213,1213431.0644263676,447257.8853756261,259900.99303908314,0.9831383574894053,1033482.6465546984,323229.1887511518
1483,288.275314957678,12.380552207140923,331.3038905749179,14.22849738057238,335.22632482058003,15.569391197869164,327.31050680779117,14.22271437201271,24.585203569314242,11.268936205397528,0.019117581753491805,0.1047113077133663,259905.00000000003,1.0,22.637133928787662,11.350055104195427,236.21636666220903,26.186102887633847,234.28741460343596,24.73892282560586,0.8730741158072121,0.8242109918134715,330.43719390180456,14.508060870816221,0.35234514133185785,0.23139281931188263,259905.00000000003,1.0,0.33800806765016594,0.2885931694107771,3.9926238431884316,0.9934096402601535,4.006960916870123,0.9831383574929402,1339186.59708979,467018.1920151491,259668.78363333782,26.186102887635936,1220000.504166975,444727.3458323433,259901.00737615683,0.9934096402554544,1042505.003145351,322860.25857536047
1484,289.45199425043256,12.270181129372155,332.6562038872068,14.101651591695035,336.68323467634275,15.290710486498206,328.7066658565291,14.105524474502893,25.141751066550903,10.795512572362858,0.044328524736303936,0.17039666473248874,259905.00000000003,1.0,22.478898838113572,11.46637931689395,238.83489036591007,27.904345640778736,236.21636666220903,26.186102887633847,0.8719126423268143,0.8252274515629459,331.91756567311427,14.441339799699215,0.3524153678593513,0.23140321746831613,259905.00000000003,1.0,0.3180431003275014,0.2792212978795147,3.9582515756565817,1.0142625334922286,3.9926238431884316,0.9934096402601535,1332745.899009157,470583.62949299923,259666.1651096341,27.904345640781976,1225294.8880178912,442409.3436829714,259901.04174842438,1.014262533488265,1054049.2918663376,320229.83145524526
1485,290.5136326896328,12.196893319425529,333.87630529189886,14.017424065567829,338.02671232281875,15.052862302651645,330.02051318783447,13.909702593150806,25.59642296102585,10.231673867980401,0.07452828994717367,0.2315729926785308,259905.00000000003,1.0,22.273421087610785,11.587740403520742,242.08336394937797,29.16904144850666,238.83489036591007,27.904345640778736,0.8709617082695281,0.8254119560230183,333.2855270353437,14.2643149362992,0.3419234165390561,0.2401401994310182,259905.00000000003,1.0,0.30169716759623894,0.27530774311941675,3.9180253267137646,1.0279047583973215,3.9582515756565817,1.0142625334922286,1327284.7584898518,472649.11054575926,259662.91663605065,29.16904144850873,1231363.6247692844,441434.42125475215,259901.08197467332,1.0279047583927399,1067619.8528506951,319603.738373144
1486,291.4915992600776,12.111850795410028,335.0002453583797,13.91968751253008,339.30347007820774,14.803181881174126,331.2493377885775,13.788997188973388,26.124589448804524,9.659762253440384,0.09925376646104729,0.2610631065557294,259905.00000000003,1.0,22.217914310599237,11.622620431035143,245.8907853211222,30.11179655516053,242.08336394937797,29.16904144850666,0.8666666666666667,0.8272123314517106,334.5830487630999,14.159917031268334,0.32377454245658743,0.24483342202883812,259905.00000000003,1.0,0.2847977671353984,0.27782082231178895,3.8790485513925756,1.0401444165018803,3.9180253267137646,1.0279047583973215,1322621.2082223669,475316.0918461317,259659.1092146789,30.1117965551631,1241387.9554941743,437610.959756163,259901.12095144863,1.0401444164964504,1085328.3771469933,315349.46360316017
1487,292.5041657314074,12.015471293952196,336.1639494089079,13.808921876248297,340.64008462464307,14.685046433859252,332.43579123506834,13.65872493019951,26.75071723821375,9.236595727757015,0.119497274467463,0.276208031534648,259905.00000000003,1.0,23.002201063272953,11.850010718759565,249.51980422159554,29.790714072005677,245.8907853211222,30.11179655516053,0.9144606210503963,0.8397167784170175,335.782459845448,14.049820893278838,0.2968308846500625,0.23390504359510403,259905.00000000003,1.0,0.29007929002301985,0.28185970748405365,3.872296956765533,1.041492363222207,3.8790485513925756,1.0401444165018803,1341159.117096371,470229.131226999,259655.48019577842,29.790714072008356,1259650.8265485608,428055.0612614,259901.12770304325,1.0414923632166504,1102403.1565001558,305229.81331747316
1488,293.68268383679333,12.067786421541548,337.5183756511061,13.86904553599329,342.1622777373474,14.704039057230025,333.7346755331262,13.640508424201593,27.79631050999885,9.15659986813739,0.12903829173047196,0.27688070812285864,259905.00000000003,1.0,24.64581574312834,13.087288693449239,252.54126069673558,28.467240744100348,249.51980422159554,29.790714072005677,0.9727085830690536,0.857109741212754,337.0655793386244,13.953426480004792,0.2747712834034509,0.2294635110112594,259905.00000000003,1.0,0.3014364005262247,0.28200347939841064,3.8989620738883066,1.0350492854138078,3.872296956765533,1.041492363222207,1375212.4548947737,469898.9124264215,259652.45873930329,28.46724074410108,1286960.232574894,416189.3073536439,259901.10103792613,1.0350492854077142,1123777.5865732783,293684.5304074942
1489,294.98063142614353,12.163153811903857,339.01005750796503,13.978648222808669,343.8293275811447,14.746584114173462,335.1564911865092,13.739018691328114,29.059533622138648,9.115029419530996,0.13333333333333333,0.2758073166848084,259905.00000000003,1.0,26.241458993192193,13.577634217915877,255.2260019923487,26.80728638102526,252.54126069673558,28.467240744100348,1.0490743535080844,0.8925353771165104,338.52205874301876,14.007441260660219,0.25671040946221263,0.2290419814418404,259905.00000000003,1.0,0.35248646231429903,0.3547834094263698,3.994738126740393,1.0531834990836917,3.8989620738883066,1.0350492854138078,1419254.4653741582,467828.0628154769,259649.77399800767,26.80728638102432,1319859.376396411,397956.5931520367,259901.00526187327,1.0531834990777202,1154615.4427592927,281889.3900208964
1490,296.0699117291376,11.803572044110648,340.26192548073163,13.565394712441142,345.48137608600337,14.539620024544753,336.35571387252804,13.438300916167355,34.02847859061967,24.55330028546279,0.18112728771706285,0.3625093089364127,259905.00000000003,1.0,28.387499621590983,15.014335137547112,260.6858536736603,31.50138266756629,255.2260019923487,26.80728638102526,1.1593913126327418,0.9603496921936199,340.0351625215177,13.979107723850857,0.31839374355302336,0.43641433092718385,259905.00000000003,1.0,0.41340029960021846,0.4390475478251355,4.089744682787588,1.0190887811485505,3.994738126740393,1.0531834990836917,1494705.120912645,525418.7480047746,259644.31414632636,31.501382667566133,1350155.3323988682,372163.75096416124,259900.91025531723,1.0190887811403742,1209626.3486748594,324499.61590148776
1491,297.0071815020114,11.238251888861798,341.33909385891496,12.915694316039888,346.8655810052482,13.866333232894222,337.3563241673778,12.920688367628106,38.35687368032491,31.169258782897064,0.22025766798222843,0.403341841334029,259905.00000000003,1.0,30.77397247662066,16.89713471561686,268.04849720938233,42.39426913686698,260.6858536736603,31.50138266756629,1.2497111996541455,0.9748579418705828,341.2809445588602,13.485102747937827,0.40108864140180317,0.6206665861036338,259905.00000000003,1.0,0.44415474972069713,0.48096435370864016,4.132810791106482,0.9793284446129022,4.089744682787588,1.0190887811485505,1568750.264159246,563424.595450678,259636.95150279065,42.39426913686391,1380775.922288753,341288.3064894423,259900.86718920892,0.9793284446050027,1260964.2566310659,339609.37611056794
1492,297.7828475311056,10.451784237904587,342.23053718617996,12.011837431674799,348.00516036408396,12.809865886043761,338.20442769197393,12.217930023722069,42.276080887379116,35.45915075806589,0.2522949136849552,0.42293810968755313,259905.00000000003,1.0,32.61967984144402,17.031621525094742,277.4526033416325,59.01898078609976,268.04849720938233,42.39426913686698,1.3060764555430378,0.9486415206586432,342.36521481101204,12.729628526898711,0.45670888093177364,0.7056053945209757,259905.00000000003,1.0,0.46230139853631186,0.4920972887167977,4.138403308711021,0.9699368657384185,4.132810791106482,0.9793284446129022,1625747.9498750514,568035.425617276,259627.5473966584,59.018980786101785,1404584.386115199,305847.423152238,259900.8615966913,0.9699368657311018,1305154.005397607,344786.39030520705
1493,298.38795630645615,9.533564369989827,342.925965669566,10.956562742315995,348.89874297922574,11.483215548806543,338.88195495931274,11.334409033404139,46.351038794606964,39.61201450242107,0.2785247919856931,0.4310743783281677,259905.00000000003,1.0,34.73098705117267,17.36425830115232,288.7941302930811,79.49704863639454,277.4526033416325,59.01898078609976,1.34519145865236,0.9165820287426323,343.1930844821091,11.741999614342093,0.502246881528524,0.74920055779153,259905.00000000003,1.0,0.47715861798696185,0.49637554018819346,4.1133150451694585,1.0250377215634399,4.138403308711021,0.9699368657384185,1661843.227004315,579166.9310667656,259616.20586970693,79.49704863639754,1406918.2361257148,303345.7565570685,259900.88668495486,1.0250377215590385,1331556.7037000493,364784.94614200876
1494,298.8448704503817,8.717318938172124,343.4510797256007,10.018483121268897,349.5841106026558,10.229279907057188,339.41856328629757,10.432778247980817,51.58125849899866,46.75049389084196,0.30000000000000004,0.4327648228793339,259905.00000000003,1.0,36.96881930088803,20.31613215790387,303.1065694911917,104.27866952362442,288.7941302930811,79.49704863639454,1.3666666666666667,0.8911730051849597,343.8233879845821,10.67009151316435,0.5395302430507671,0.770659520931107,259905.00000000003,1.0,0.4656979589956436,0.4973733039630403,4.039482761114335,1.2021541554385162,4.1133150451694585,1.0250377215634399,1687150.1286265193,599298.2908571194,259601.89343050885,104.27866952362679,1387629.545953712,302780.6280640763,259900.9605172389,1.2021541554342712,1346996.6973279521,382757.80226525594
1495,299.24052028319903,7.946866888329524,343.671034791524,9.519348188183093,349.72034494656384,9.917988243862446,339.6391378587169,9.967697692690201,55.04548956404687,49.7334045516508,0.30000000000000004,0.4327648228793339,259905.00000000003,1.0,40.410342051751826,27.065916837563982,317.44171700348676,123.70614157143741,303.1065694911917,104.27866952362442,1.4049018301736504,0.8933024081430216,344.04083441772315,10.169269121632473,0.5419234165390562,0.7700486883618339,259905.00000000003,1.0,0.6404576172718057,1.1300351118709286,4.138016961847084,1.240156768870429,4.039482761114335,1.2021541554385162,1704372.328024809,617495.0415231776,259587.55828299653,123.70614157143883,1367519.7019926112,285038.25315266295,259900.86198303816,1.2401567688666784,1347772.4931428088,383188.71300357167
1496,299.48084910613005,7.4774028881056065,343.52067126464425,9.883109276001955,349.5223125129768,10.382308138505113,339.55416257994034,10.163733532647404,58.38099724420928,51.74021222683916,0.30000000000000004,0.4327648228793339,259905.00000000003,1.0,43.188645696723114,30.436117840650674,332.3340685509729,140.65634147000057,317.44171700348676,123.70614157143741,1.51267646139975,1.057414523121226,343.9168211129355,10.468587261265455,0.5428921242100793,0.7696970132751587,259905.00000000003,1.0,0.8096892709454144,1.5040727387305988,4.4048141085824195,1.8686113082055342,4.138016961847084,1.240156768870429,1715565.7874989214,629044.5803711979,259572.66593144904,140.65634147000284,1341601.4819399293,261421.90280147735,259900.59518589143,1.8686113082087121,1345553.1840534364,382406.19120069465
1497,299.6578651197947,7.155051341886263,343.13704920765264,10.75430386792987,349.11350531388274,11.315862018781974,339.2479728697526,10.857504619300496,60.84145857507929,52.1912403749786,0.35735274526047545,0.5003671231308618,259905.00000000003,1.0,45.92378382871999,32.727820213618,346.89439055207174,153.80539645796853,332.3340685509729,140.65634147000057,1.6009148663861965,1.1254116434283834,343.5399392782754,11.337026827594551,0.5507182002631124,0.7681951025432522,259905.00000000003,1.0,1.0533911298464453,2.012146021551711,4.907487038165752,3.317529100559595,4.4048141085824195,1.8686113082055342,1730526.4876098924,641890.2963343452,259558.10560944796,153.80539645796935,1319774.3502005043,235763.6592238195,259900.09251296186,3.3175291005628,1341739.3561713998,381696.7118661526
1498,299.7587607271681,6.9959006214344654,342.5337748460105,11.941088083757812,348.513012750542,12.493682425952473,338.73677112435195,11.860741807888237,62.75388325454021,51.93462272700764,0.4043092015786741,0.5308457796789107,259905.00000000003,1.0,48.01320253217385,33.53003141960592,361.2307620728594,163.99339093649647,346.89439055207174,153.80539645796853,1.6731583621511497,1.145369174591297,342.95800751584574,12.462387915293185,0.633595976417625,0.861400927912265,259905.00000000003,1.0,1.2624761271877363,2.279181810609774,5.536367188935864,4.7645682133235585,4.907487038165752,3.317529100559595,1743538.6991065054,647596.6901231138,259543.76923792716,163.99339093649718,1302245.6438985397,225643.6724550433,259899.4636328111,4.764568213326329,1336262.5895604182,383708.46297092154
1499,299.67057126815666,7.102082280237427,341.60651494015355,13.411881080707094,347.48063011900535,14.067595266469146,338.01168400791073,13.085454506175413,63.256728418550445,51.69999794491708,0.5001066416824217,0.6906352126712357,259905.00000000003,1.0,49.36598657618993,33.3291041259811,374.6213972735375,171.39475977451795,361.2307620728594,163.99339093649647,1.694071170336792,1.1543707492890585,342.1624316143049,13.78063591254034,0.7014505605020375,0.9045303435856704,259905.00000000003,1.0,1.6857054899596846,3.138682002440212,6.5206221183935105,7.122477440593962,5.536367188935864,4.7645682133235585,1744404.5944331598,647699.361710633,259530.3786027265,171.39475977451943,1282008.3006363222,226758.21555265703,259898.47937788162,7.122477440591887,1322422.4814325622,393729.2548479117
1500,299.5554479665049,7.2065533498831815,340.644252195004,14.582034081078904,346.4171452119861,15.35079508683066,337.210166947453,14.13099684293989,63.00618977427181,51.86546129773136,0.5785389519615058,0.7618212638179346,259905.00000000003,1.0,50.18128395379678,32.94301099490214,386.86776414205104,176.56993827513352,374.6213972735375,171.39475977451795,1.6780096171940588,1.1566226365664918,341.2227210795485,14.964916095598731,0.9003870583804503,1.3347326500369618,259905.00000000003,1.0,1.9714455228231829,3.384749611631235,7.5916805828362435,9.05872680288557,6.5206221183935105,7.122477440593962,1734231.7274342338,649100.0893312715,259518.13223585798,176.56993827513529,1262160.1332725466,229733.58079122112,259897.40831941718,9.058726802879672,1297068.9206745035,409439.839632007
1501,299.3955155006413,7.34006152960739,339.6316389586108,15.631825920812775,345.3528604769921,16.466904740848822,336.38629081900245,15.062529047650736,62.776745800433325,52.02839382532888,0.6427538964219464,0.7919688062503584,259905.00000000003,1.0,50.0067271013954,33.0183305073017,398.995028944667,180.0050312833847,386.86776414205104,176.56993827513352,1.6271688776490654,1.1837342117270173,340.2806500526454,15.936910278586016,1.1744514949780784,1.8966725758545144,259905.00000000003,1.0,2.21747429157551,3.5027017359901382,8.634703379433676,10.445316544615707,7.5916805828362435,9.05872680288557,1720377.7253213292,652517.334021379,259506.00497105537,180.00503128338556,1240056.069594191,235188.4494803587,259896.36529662058,10.44531654461176,1273705.2855986424,426262.9101179297
1502,299.1598775793455,7.492509899393097,338.53231102500524,16.54314527907964,344.12772420611844,17.470044655504005,335.4470347396167,15.898830851032306,62.350369336623835,52.3359567565155,0.8654055679177498,1.3484574390314583,259905.00000000003,1.0,49.577343409460504,33.268447541201226,410.9026493039126,181.94542886189524,398.995028944667,180.0050312833847,1.5951027915510971,1.2006678632611862,339.2664906551774,16.806517444817736,1.3988364775455473,2.136022584762984,259905.00000000003,1.0,2.4089006742190575,3.534119464684015,9.644767576107185,11.494162373935268,8.634703379433676,10.445316544615707,1685069.424372399,656830.1148073415,259494.0973506961,181.94542886189646,1200622.4544642812,221051.95939778682,259895.35523242393,11.494162373932257,1242317.3742615303,452364.4056462113
1503,298.9069501131158,7.664829321731673,337.4155511089315,17.389765798744186,342.84961773300796,18.406656952419045,334.4555605207952,16.691584832564107,61.64022580584659,52.83279787087385,1.0476973385955803,1.577610148984144,259905.00000000003,1.0,49.22237565922022,33.39193701471271,422.2728021119434,182.0989018674424,410.9026493039126,181.94542886189524,1.5688493007318443,1.2177635681689576,338.19078446620387,17.589338236988674,1.5639742930110512,2.236236057594696,259905.00000000003,1.0,2.590787230624029,3.5614443326736387,10.671580513720164,12.404780542626648,9.644767576107185,11.494162373935268,1654404.8166678676,668697.7179708598,259482.72719788807,182.09890186744425,1168022.3618256573,226965.74328947955,259894.3284194863,12.404780542623916,1212993.214471143,478649.25531902374
1504,298.7349062323657,7.777267922411479,336.38857676944383,18.080048580436184,341.6940113050856,19.224044497318385,333.46281309577114,17.38417042057477,61.062673720482046,53.26891858842904,1.529521583846086,2.8998389122841925,259905.00000000003,1.0,49.65361524680999,33.30994886575988,432.15233900176935,180.05807401701364,422.2728021119434,182.0989018674424,1.5614206910065191,1.2247112565413505,337.1152308790395,18.31056487942368,1.6991777010287759,2.2753755931072446,259905.00000000003,1.0,2.6769511717581587,3.5336393349559327,11.649353984449546,13.079996844958957,10.671580513720164,12.404780542626648,1639403.82027975,676108.14123825,259472.84766099826,180.05807401701603,1148633.8360069285,225747.71116831424,259893.35064601558,13.079996844956028,1190670.3936739408,496185.4911588912
1505,298.57073046761195,7.856319235317804,335.36725963242304,18.616628514099784,340.6028162036219,19.844857114271854,332.5095119910347,17.903349999777728,60.94879039417198,53.35644478772329,1.9240059110112626,3.4393670610334706,259905.00000000003,1.0,50.18047449514525,33.17111304396056,440.99664898978483,176.38805110423502,432.15233900176935,180.05807401701364,1.4763425071730922,1.200741254723558,336.1444044198513,18.85448650367977,1.7762432311571497,2.261687259105301,259905.00000000003,1.0,2.7535385484018056,3.5026924118178298,12.626649301694203,13.648976966894807,11.649353984449546,13.079996844958957,1643977.8233936958,673696.2433383337,259464.00335101024,176.38805110423803,1143652.7217090428,226119.5555818269,259892.37335069833,13.648976966893343,1181462.6411817058,504522.00468052924
1506,298.4907576367116,7.880157120408857,334.4355634989362,18.9762686048228,339.56160773759206,20.306671383449093,331.6101502091516,18.242856222171167,60.83905722235333,53.4481087025843,2.246982361268669,3.6977001553460425,259905.00000000003,1.0,51.18947149316095,32.691880815689494,448.3992523577085,171.8915120971463,440.99664898978483,176.38805110423502,1.4102028642986557,1.2057193736571856,335.1803743113516,19.248724461860093,1.8162589406768552,2.2425965759967,259905.00000000003,1.0,2.8665627689259767,3.4705898825008967,13.676953129943323,14.241337151559396,12.626649301694203,13.648976966894807,1656503.2184729427,665041.7413546543,259456.6007476423,171.89151209714834,1147232.2432139372,224699.27165327198,259891.3230468701,14.241337151558426,1177545.5104526056,508209.08388213604
1507,298.4301659151894,7.888766945174901,333.52214366175747,19.21728658906523,338.56754106533367,20.642534742162056,330.7370463577962,18.465730443032253,60.39237133460316,53.745887255181024,2.5079949968313504,3.808331012350201,259905.00000000003,1.0,51.865599682355715,32.3397624557408,454.4180290131246,167.41560984929728,448.3992523577085,171.8915120971463,1.3525358220337473,1.2216516455639463,334.2794844022293,19.519431295466273,1.906373777927349,2.2267132844910718,259905.00000000003,1.0,2.9772260988039854,3.4330107305137103,14.74780545081996,14.764590902756826,13.676953129943323,14.241337151559396,1671902.1476417312,655561.6725521905,259450.5819709869,167.41560984929936,1150856.759613064,224364.05234346577,259890.2521945492,14.764590902756021,1172806.572682981,511018.54785748135
1508,298.24534428597065,7.8950576185963595,332.46926055079865,19.388425675918814,337.51400627797057,20.866278226720475,329.7297511292637,18.59607250410879,60.64381790835349,53.631933923758815,2.740811650261945,3.86282509914059,259905.00000000003,1.0,52.00264081940372,32.26940704383673,460.3183944518125,162.59505057464162,454.4180290131246,167.41560984929728,1.3053220410924193,1.240037817776974,333.3286590990945,19.689568285875843,1.9957546656004252,2.2012229135480474,259905.00000000003,1.0,3.0572801222750887,3.388909419357061,15.809330907494623,15.178587629173357,14.74780545081996,14.764590902756826,1686007.420348103,647245.6028377635,259444.68160554822,162.59505057464273,1151081.4150891386,224288.14063039856,259889.19066909252,15.178587629171545,1172105.5320911305,511391.98301008163
1509,298.0398716649935,7.86109004295047,331.38975885508535,19.41657330077894,336.37936718786784,20.953951358971448,328.6372538548921,18.60483927406311,60.36263276192409,53.76075309688758,2.801315946351829,3.8325112485542947,259905.00000000003,1.0,52.8341247060722,31.99650262633218,465.0455865613125,158.26553948450808,460.3183944518125,162.59505057464162,1.2666666666666668,1.2585171038843996,332.2750902682469,19.762581409306183,2.0689335470757815,2.168840790446507,259905.00000000003,1.0,3.1313909470139634,3.3437551259400125,16.871788307432805,15.507838524803502,15.809330907494623,15.178587629173357,1699275.2024126712,638885.8890542097,259439.9544134387,158.26553948450842,1156124.3681577218,221958.35279068668,259888.1282116926,15.507838524801743,1168976.5240409032,513526.44447727234
1510,297.8489915225931,7.777685330786488,330.32115188923706,19.26694439067152,335.2555634221809,20.89088598938204,327.55827926487325,18.422266972348286,59.982101372653375,53.96723960259846,2.889087837760936,3.7961228904272484,259905.00000000003,1.0,53.89238285040287,31.60640902623838,468.2462172458021,154.93703362535751,465.0455865613125,158.26553948450808,1.2666666666666668,1.2585171038843996,331.20963759461887,19.668628261018412,2.093138009893243,2.15891626098871,259905.00000000003,1.0,3.245904020978116,3.2912300504903667,18.02455431851768,15.811157726684652,16.871788307432805,15.507838524803502,1710224.0704102856,632090.9824598739,259436.7537827542,154.93703362535763,1163382.1368796967,219683.57106688566,259886.9754456815,15.81115772668366,1164871.300920487,516201.43151869474
1511,297.6749301380193,7.664678965702995,329.2672840092068,18.971920060601434,334.16101136435856,20.715520914839754,326.5467382005973,18.154899683919147,59.68768488937687,54.141052536364455,2.9609493845133934,3.7597771989586617,259905.00000000003,1.0,54.8887701477539,31.049009717974744,470.08418260291165,152.8429607960126,468.2462172458021,154.93703362535751,1.2571078757899208,1.2672749379147317,330.2541632122005,19.509685207163432,2.125039564425099,2.144711172577498,259905.00000000003,1.0,3.3090017095092437,3.2504350598645715,19.208516463601825,16.03155642551412,18.02455431851768,15.811157726684652,1713862.4172115892,629649.8632028053,259434.91581739712,152.84296079601387,1166649.6114679072,219152.8263003805,259885.79148353642,16.031556425513816,1157486.591086294,519848.4395463834
1512,297.49330906087107,7.500994644652451,328.20054665482337,18.501317158461344,333.06799758774514,20.428704572389435,325.50284275122146,17.719453441486376,59.54851669117668,54.24536633090494,2.995169264281298,3.736498375629232,259905.00000000003,1.0,55.58973921368751,30.533555348540744,471.0477908161195,151.63551946557985,470.08418260291165,152.8429607960126,1.2492817997368877,1.2745103244473535,329.24084243610815,19.197553465420118,2.1491770340687437,2.13071340476143,259905.00000000003,1.0,3.359671070496524,3.212486492342228,20.419010500029604,16.165649367671666,19.208516463601825,16.03155642551412,1714819.8524877543,628683.4738087464,259433.9522091839,151.63551946558138,1151939.71611531,215703.21515778967,259884.58098949998,16.16564936767014,1135227.6998161182,526358.2088304766
1513,297.424564218547,7.426130994122586,327.2555113868307,17.955914754837103,332.02651384630127,20.016656186556048,324.5521165475948,17.165508995604874,58.94484634474995,54.74397335553161,3.0543883304288717,3.7107845731681652,259905.00000000003,1.0,56.57546607795907,29.58290017503233,470.36278275248156,152.5595381325238,471.0477908161195,151.63551946557985,1.2428743505963424,1.2804770325537354,328.2236217431047,18.715225781808087,2.1619061574754577,2.1214697331844294,259905.00000000003,1.0,3.410714425452366,3.1723378971513583,21.667818768006512,16.228582057008776,20.419010500029604,16.165649367671666,1718564.5406572924,624138.3286746708,259434.63721724754,152.55953813252515,1146561.190139108,217775.9233844613,259883.33218123202,16.228582057008,1115788.9805692777,536069.0847829201
1514,297.44651532452144,7.451437512756722,326.40967121408056,17.388485094303416,331.08330916182604,19.560444219261903,323.7322747175802,16.594649732905502,58.50062754978862,55.089116198964184,3.0933140101757037,3.691923901721253,259905.00000000003,1.0,57.151610510023815,28.84551279614351,468.61848578207065,154.92679863039962,470.36278275248156,152.5595381325238,1.237628374936195,1.2853904943924426,327.28292262212045,18.140219157953773,2.1818866731450055,2.1069454594893506,259905.00000000003,1.0,3.4454722246029648,3.141021298253401,22.931404319464473,16.19030308002814,21.667818768006512,16.228582057008776,1715542.0056941267,628003.4030491539,259436.38151421794,154.92679863040163,1136814.3222889567,225668.59720525556,259882.06859568055,16.1903030800277,1094573.251451738,547123.8206600348
1515,297.53123161378454,7.555072383384184,325.6314745143067,16.778903489252123,330.18414082442206,19.04045423574186,322.9796477274407,16.00192275336413,58.14594624067313,55.38177733075283,3.1015589398081063,3.687143759104579,259905.00000000003,1.0,57.44046057717725,28.425499693239296,466.2224125057584,158.1481073278177,468.61848578207065,154.92679863039962,1.2142157515798417,1.301768296320543,326.4396419292149,17.56284906952706,2.2087947837240565,2.0831396183554225,259905.00000000003,1.0,3.4528306078007964,3.1332325373006853,24.175440143541213,16.03913587135914,22.931404319464473,16.19030308002814,1706786.7199561747,638966.9611800308,259438.77758749426,158.1481073278193,1120407.27088874,234808.43141364967,259880.82455985647,16.0391358713595,1069295.448679267,557116.0519712984
1516,297.6614019889026,7.713933756951798,324.9028895536038,16.141173198492393,329.3217939828802,18.454875125658006,322.2096422608643,15.309578639895383,57.71722753337659,55.70906056818311,3.108309317255118,3.6828573869428483,259905.00000000003,1.0,57.52212740789688,28.300717119068146,463.309203313983,161.9194945711098,466.2224125057584,158.1481073278177,1.2176811812272672,1.299854581387066,325.60574186344195,16.873424858658712,2.2620274795773083,2.0448014799657503,259905.00000000003,1.0,3.4623716250638052,3.1227740974317735,25.37578428902771,15.7445253189459,24.175440143541213,16.03913587135914,1703491.6412261517,643016.9885491822,259441.69079668605,161.91949457111053,1106236.4881000565,241043.5070894406,259879.624215711,15.744525318947735,1044311.2898300521,564636.0715663731
1517,297.81864663519895,7.936260552623911,324.19904989455347,15.371610838657398,328.4080720541916,17.606103662408017,321.4879867874854,14.533647423615903,57.06583883200579,56.160890070142976,3.1138360588658704,3.679097280984636,259905.00000000003,1.0,56.986688362615475,28.83627455637538,460.27451772450746,165.898188356348,463.309203313983,161.9194945711098,1.1822832715452591,1.2973924852176357,324.8239733671915,16.139437666061756,2.308136550326334,2.007287077631398,259905.00000000003,1.0,3.447549084913175,3.1379774403279925,26.515196823614552,15.344091717710503,25.37578428902771,15.7445253189459,1690091.4044455031,651864.9422582381,259444.7254822755,165.89818835634782,1095308.4725316267,239120.33311892103,259878.4848031764,15.344091717712756,1026512.4069170222,568865.2383869042
1518,297.7876070936722,7.883409307611076,323.28006586861915,14.06512484312991,327.35268804176985,16.271907102184507,320.6426990942135,13.365256052045742,56.909183976561245,56.21009673355204,3.1042950416028616,3.6870455337074644,259905.00000000003,1.0,55.54176130246567,29.874348172737847,458.53764535700014,168.06573684492074,460.27451772450746,165.898188356348,1.1341843325404304,1.2903750631208195,324.0257756035319,15.176706735413173,2.365005046297902,1.9633260675449993,259905.00000000003,1.0,3.431896932807109,3.154471501991746,27.582088710123756,14.831885166171874,26.515196823614552,15.344091717710503,1659389.508783917,664922.8570462811,259446.462354643,168.06573684491963,1069981.0930850233,234350.72974725123,259877.4179112899,14.83188516617338,1003028.4433657841,572682.3404350787
1519,297.622741510966,7.563590069998377,322.2091057660883,12.135276199240366,326.1285245022289,14.347775428950857,319.64767754472996,11.581166071942627,56.47043901516364,56.34063531181437,3.1,3.6907043845819607,259905.00000000003,1.0,54.112306199556656,30.98858057480988,457.79577817260713,168.93865078917517,458.53764535700014,168.06573684492074,1.0661278793565174,1.2668262414402975,323.02399071585165,13.6228704081544,2.4080485501851037,1.9234382697688235,259905.00000000003,1.0,3.3808468710190342,3.1983738060075613,28.554887030957687,14.285682833800681,27.582088710123756,14.831885166171874,1617133.4340762321,680232.0826631128,259447.20422182741,168.9386507891759,1036922.7431877471,230007.0847359223,259876.44511296906,14.28568283380156,968572.0839075728,573135.7423294301
1520,297.6078822259245,7.542827152868309,321.3165783298563,10.602931208802303,324.90653668238133,12.068441383645638,318.8042480636993,10.085277345098573,52.476358663761246,53.15170771771393,3.0713236273697624,3.707401264416109,259905.00000000003,1.0,52.28241077616532,31.706528613209265,454.9184024328333,171.30829856782273,457.79577817260713,168.93865078917517,0.9792057699744762,1.1950168557651186,321.94385465948096,11.580275241861667,2.36681926352382,1.939156930009625,259905.00000000003,1.0,3.319933033733115,3.2460263005621917,29.508000801166983,13.60503578741607,28.554887030957687,14.285682833800681,1545137.7501375203,647230.6145253056,259450.0815975672,171.30829856782464,1006886.6776270509,229993.20785191274,259875.49199919886,13.605035787414918,910948.7996937651,526494.6037036459
1521,297.74900503952074,7.702150622055838,320.6018367316224,9.298285220140466,323.940901062183,10.148522678699878,318.107293479702,8.838293491147898,48.72626302598073,50.49941584044628,3.0478453992106633,3.722032908599374,259905.00000000003,1.0,50.79927570576353,31.524126678010887,449.79754435383984,174.41947225173126,454.9184024328333,171.30829856782273,0.901007000608967,1.1539305927996555,321.0460681575051,9.929204527904881,2.290321275392474,1.9690234887770521,259905.00000000003,1.0,3.3178549562428743,3.2472538475884805,30.535534482017383,12.738036693128512,29.508000801166983,13.60503578741607,1474749.5526631747,606966.200512374,259455.20245564618,174.4194722517328,977752.2366613686,223650.63671831903,259874.46446551802,12.73803669312785,855973.5668311433,482326.1979015344
1522,298.09124187227155,7.9560173735632675,320.11665248725603,8.431852083358397,323.2537694659854,8.743454337879491,317.5788239371054,7.879230452614103,45.163742194198896,47.956199071371714,3.0286230517890274,3.7346490981045495,259905.00000000003,1.0,49.9076115248919,31.61619406337971,442.0250519713578,177.25612167158167,449.79754435383984,174.41947225173126,0.8510491938606201,1.1509905347284222,320.32323206203716,8.489460485210557,2.224173537314735,2.0037250046488775,259905.00000000003,1.0,3.3231865355863586,3.2434698146876775,31.634547480289008,11.621402395446545,30.535534482017383,12.738036693128512,1419320.7253331102,586011.305008056,259462.97494802866,177.25612167158314,953701.9272593765,228305.2438331787,259873.36545251973,11.621402395447314,805152.3126747152,437543.36804840114
1523,298.719339435774,8.238500800882074,319.95237103024584,8.151774802084546,322.9427697547511,8.107279582247747,317.35399276822534,7.484958458996553,41.35515567387991,44.36919165017221,3.0128851248085846,3.74540087722964,259905.00000000003,1.0,48.95723461911408,31.482942581518255,431.4100879013151,178.60232500212177,442.0250519713578,177.25612167158167,0.8267389572881915,1.151647961742084,319.91767279454484,7.718995224222089,2.172542175488664,2.033810570414231,259905.00000000003,1.0,3.3275516635573448,3.240085312499112,32.78955696835769,10.167673736034558,31.634547480289008,11.621402395446545,1380528.5814871786,559784.5983713549,259473.58991209872,178.60232500212268,944439.2421642435,226741.40773534292,259872.21044303165,10.167673736032542,760837.2955038316,378386.228217425
1524,299.59616458485675,8.63691821734856,320.06065360060046,8.34961637105766,322.90901391526535,8.034203864661238,317.3961096712133,7.558975498691143,36.11470045757293,35.23714193487548,3.0000000000000004,3.7544844539582467,259905.00000000003,1.0,47.63165654791646,30.362661456671354,416.8931318109715,176.69784369895856,431.4100879013151,178.60232500212177,0.826943657806525,1.1516149530469038,319.84297506053707,7.582237254209146,2.1398287826151092,2.0527568038864326,259905.00000000003,1.0,3.3738678312825976,3.2044243456988935,34.02359601702518,8.14471136970051,32.78955696835769,10.167673736034558,1345436.035537546,518170.6608005569,259488.10686818906,176.69784369895964,941401.0596843407,224959.68089206464,259870.976403983,8.144711369696989,718344.7967123021,298586.0485566327
1525,300.68480166469925,9.32438803463293,320.6302193859933,9.261580808809542,323.4097118191932,8.879201765429162,317.80987337293686,8.13976422467161,32.074256340035994,28.593259176862862,3.0000000000000004,3.7544844539582467,259905.00000000003,1.0,45.08753754193523,25.592684607298704,400.8798506090723,174.28583514744156,416.8931318109715,176.69784369895856,0.7933832286163739,1.1305062548313793,320.2550534009237,8.131705540218935,2.1507359738768494,2.043970165995856,259905.00000000003,1.0,3.21808665904434,3.184783778379831,35.09094670219267,6.219105922225855,34.02359601702518,8.14471136970051,1312640.322523451,466159.2561493617,259504.12014939095,174.28583514744332,936097.9367159383,217311.40652056385,259869.90905329783,6.219105922220544,693099.51062116,253119.37864459545
1526,302.02852246865643,10.342447288288286,321.66551154036136,10.662900289428382,324.3390675253998,10.256925336852515,318.650421778143,9.169843955429663,28.62506934976003,20.76120707286933,3.0000000000000004,3.7544844539582467,259905.00000000003,1.0,42.797812155605804,21.695761036733487,383.7071078032265,169.76053352146027,400.8798506090723,174.28583514744156,0.6798771552611882,0.8896521646850272,321.07510436721975,9.085493438082015,2.1606566838538295,2.03531508434039,259905.00000000003,1.0,3.034726245845297,3.172809512298083,35.965016264184136,4.415933456390782,35.09094670219267,6.219105922225855,1287704.0915032295,418000.7212705881,259521.2928921968,169.76053352146147,939333.6372851798,222144.64070959744,259869.03498373582,4.415933456389694,678114.9207915338,218014.7321049238
1527,303.4227532993282,11.344484510865236,322.91235271253254,11.955760223797135,325.64052663568646,11.928082705854717,319.78583728108896,10.326553077949587,27.06807698261468,15.980701277328448,2.942647254739525,3.787697245623479,259905.00000000003,1.0,40.66560072350455,17.478698723398985,367.16693680759715,163.28638278169694,383.7071078032265,169.76053352146027,0.6060638240976641,0.7033621345660521,322.29685418916074,10.436003432578644,2.207014237711334,2.0124034132581987,259905.00000000003,1.0,2.77945673701795,3.0545770164925816,36.53745876349075,3.120506595127149,35.965016264184136,4.415933456390782,1267361.2223078278,370367.4055847265,259537.83306319243,163.28638278169947,939835.9087568951,222970.43775166754,259868.46254123654,3.1205065951268036,670175.2600044851,195704.17126109116
1528,304.87007619173744,12.354857004479529,324.34475244355514,13.144065090715019,327.06105859131515,13.34575502549393,321.0870159852045,11.422772490265622,25.93224685491616,12.685776293987384,2.895690798421326,3.815995709408797,259905.00000000003,1.0,39.076055691063765,14.733197532026852,351.12743717302817,155.1018632625928,367.16693680759715,163.28638278169694,0.5421140972409456,0.5454386486554995,323.6430622367687,11.634643475118418,2.1649817830319633,2.0144629958683544,259905.00000000003,1.0,2.560900948941143,2.9800415495631554,36.93337792939993,1.969304821832448,36.53745876349075,3.120506595127149,1248995.0612457308,334128.37370513246,259553.872562827,155.10186326259662,938632.2094161597,221740.97712287045,259868.06662207062,1.9693048218318512,666803.7825461681,188405.67364119325
1529,306.3240529715972,13.110902606448917,325.8916070939609,13.948406548419443,328.6522560644493,14.407462132667561,322.5347318235154,12.310902577497858,26.10940263898134,13.025244229003517,2.7998933583175787,3.85246052703494,259905.00000000003,1.0,37.92674733457897,14.035541150556828,336.510199119113,145.51371081739123,351.12743717302817,155.1018632625928,0.48624000656640126,0.4094254922000268,325.16412190557173,12.673165983030911,2.1366108279893394,2.0195340000003283,259905.00000000003,1.0,2.1228845932460385,2.2469406528630427,36.91965169465663,1.9877937971604982,36.93337792939993,1.969304821832448,1241288.8524143284,322708.5903539914,259568.4898008809,145.51371081739282,944347.1918401858,224937.61926505974,259868.08034830538,1.987793797157708,675902.1831562464,203525.26611602667
1530,307.77242073539315,13.810759452858376,327.4324942627575,14.692969972973783,330.2226381733995,15.278492766534884,324.00445593450223,13.17068184947856,26.65532454912651,13.372715106850352,2.7214610480384946,3.88568204704527,259905.00000000003,1.0,37.6977362672362,13.940921700141748,322.7463263529648,135.4359216898608,336.510199119113,145.51371081739123,0.45807658346094393,0.38036410128108694,326.70471656980015,13.555645698707174,1.96648430880455,1.8822287002080986,259905.00000000003,1.0,1.8285544771768172,1.8876838273718939,36.7817218630289,2.1035124750984435,36.91965169465663,1.9877937971604982,1236913.8057716454,319952.25314052706,259582.25367364706,135.43592168986174,946040.6447639012,225104.9601939568,259868.21827813698,2.1035124750950143,682723.3238118849,207368.4751717601
1531,309.12308872158,14.112942789275866,328.86944046236033,15.014456928073386,331.77778552781035,15.9098951246118,325.40824945724586,13.69359072102704,28.381978194438112,16.063522251185468,2.657246103578054,3.9150805796024035,259905.00000000003,1.0,37.721423554094166,13.93453081701723,310.7496348897307,123.25447669136946,322.7463263529648,135.4359216898608,0.4571078757899208,0.38085213732974055,328.25481668171466,14.357845440757288,1.7160074877589129,1.4547926241361835,259905.00000000003,1.0,1.5825257084244901,1.5978081207195372,36.648240083694475,2.2571875989026773,36.7817218630289,2.1035124750984435,1238034.5692428427,320472.3879813588,259594.2503651103,123.25447669137174,946729.2874709289,224877.10388135433,259868.35175991632,2.2571875988996277,691939.1010770054,211690.58802178226
1532,310.4972558718907,14.303774486196268,330.33138697893014,15.217478948479334,333.2794756582729,16.193394755068255,326.79426824627916,14.023884102042466,29.393228443600126,16.453607360746332,2.4345944320822506,3.868095122606238,259905.00000000003,1.0,38.40829889128755,13.77693786634186,299.299970009961,109.48298969802212,310.7496348897307,123.25447669136946,0.43972300886014176,0.38961211896314146,329.7080970077895,14.751258032735189,1.4968684808515915,1.1327298296633022,259905.00000000003,1.0,1.4102169075344344,1.4002005944769191,36.56158851037732,2.3582868209127192,36.648240083694475,2.2571875989026773,1247131.6783041202,320168.9609817216,259605.70002999005,109.4829896980252,956270.8361486327,220422.18275567307,259868.43841148965,2.3582868209104526,707040.4474086796,208798.43774865798
1533,311.8611242751683,14.257052533309166,331.7823767528229,15.167772775747554,334.7566901871363,16.169780041234624,328.18282139889544,14.108038983309605,30.47816845239469,16.597454988475317,2.25230266140442,3.848989383084845,259905.00000000003,1.0,38.47207255926437,13.754811214464029,289.0537632416869,94.78282754586131,299.299970009961,109.48298969802212,0.4254894836665633,0.3978063682877441,331.1318340832658,14.893441568031921,1.3360257069889492,0.9018079137621673,259905.00000000003,1.0,1.4255995298937014,1.4510574011948996,36.651162333282066,2.3794731658872945,36.56158851037732,2.3582868209127192,1260309.8503385014,316131.31096791517,259615.94623675835,94.78282754586357,966560.5387337552,213003.85122513393,259868.34883766674,2.379473165884952,724841.0153121752,203031.28685145735
1534,313.181552754975,14.126875915376596,333.1871513980869,15.02928076909969,336.1927668923944,15.997907574862994,329.5681747889476,14.055381719958987,31.264464206105153,16.344950382209866,1.7704784161539142,3.1008114598516663,259905.00000000003,1.0,37.96933164016016,13.602140159187183,280.578417391478,82.16777454652431,289.0537632416869,94.78282754586131,0.4138360588658704,0.4051587907963586,332.55582467958516,14.834014856918719,1.239057462478208,0.7088915764429641,259905.00000000003,1.0,1.5009459320482916,1.5789886478650665,36.913050802852155,2.5423417014909613,36.651162333282066,2.3794731658872945,1262748.7739147411,315138.93660018663,259624.42158260854,82.16777454652376,966730.2190157798,212935.56253233994,259868.08694919717,2.542341701488157,735106.4818126402,198848.75342102526
1535,314.5104083594202,13.99377940900668,334.6008915936073,14.887682026284212,337.5961534534134,15.83312854016609,330.9335490945555,14.017917418941344,31.726611694024367,16.201758990464096,1.3759940889887377,2.4636449469186568,259905.00000000003,1.0,38.17607162466348,13.826404939014509,272.7529633718501,71.22185315194353,280.578417391478,82.16777454652431,0.41385383247960733,0.40516602517929867,333.9236607530161,14.765279444929146,1.2315314000689503,0.6960796934068875,259905.00000000003,1.0,1.5757096221487936,1.6774563367048871,37.257229024931995,2.8583134288338927,36.913050802852155,2.5423417014909613,1257783.6833153155,314624.44200803986,259632.24703662816,71.22185315194416,963164.6565793853,212299.02909713954,259867.74277097508,2.8583134288316834,739658.4037141447,197445.13853974434
1536,315.82272351805403,13.953185630463166,335.99703534365636,14.844495126311545,338.9604678987603,15.657707058455967,332.2918524444561,14.091513394788835,31.746403190811336,16.182395915394956,1.0530176387313315,1.9088708089686746,259905.00000000003,1.0,38.04757668802765,13.72352892091097,265.39877223590247,62.810223502717854,272.7529633718501,71.22185315194353,0.41738486692977905,0.40517485758711,335.2588689208877,14.681540647679677,1.2484497913235586,0.7053619777179638,259905.00000000003,1.0,1.596159965355961,1.7058313000637004,37.6049391989644,3.3554184541703123,37.257229024931995,2.8583134288338927,1248865.2249018638,314509.115224363,259639.60122776413,62.81022350271875,957776.4869180818,210416.43841315058,259867.39506080106,3.355418454165152,742405.9778871902,196871.20874021295
1537,317.10615720792396,13.88217744074398,337.3624528422154,14.768951107176983,340.32245983111017,15.499875866702773,333.65469296060405,14.19292908315461,31.855669181063007,16.10688310069802,0.79200500316865,1.4239604258432563,259905.00000000003,1.0,37.670515745121875,13.67269526169017,258.79192066867495,56.08036299463606,265.39877223590247,62.810223502717854,0.4333511069470703,0.4054335931309027,336.5954954802375,14.654039142757902,1.3483305164270252,1.0602461209263367,259905.00000000003,1.0,1.5877434002664426,1.6969753478340364,37.844352082803816,3.56944524884731,37.6049391989644,3.3554184541703123,1228904.5050848436,316867.8863281403,259646.20807933135,56.08036299463732,942706.7796675566,209893.3906473245,259867.1556479172,3.5694452488434467,735474.4011076514,197992.53263033077
1538,318.4264647132865,13.61836015704263,338.7670995243053,14.488281408139406,341.68051975359083,15.257459911345393,335.00993116209077,14.074123332747973,31.660989072692907,16.03054339156906,0.5591883497380551,0.8190913862185658,259905.00000000003,1.0,37.35095980985332,13.77737903603639,252.54276158177652,47.850584514427815,258.79192066867495,56.08036299463606,0.446423158660251,0.4025405866645298,337.94937974794846,14.576080687873732,1.433622420354973,1.2560291608296623,259905.00000000003,1.0,1.5341475681329257,1.6957746193104872,37.94487723058177,3.582793473359008,37.844352082803816,3.56944524884731,1209182.240886298,316583.8729740805,259652.45723841825,47.85058451442861,929739.3848440511,213044.13814868897,259867.05512276944,3.582793473355254,727532.5031372516,195987.56812689357
1539,319.7171171612869,13.281588190530401,340.1401970361478,14.129996758421951,343.0066840460399,14.885538224649684,336.3685039056465,13.806060122981808,31.520716062711248,16.04130612113786,0.49868405364817137,0.7896287246972012,259905.00000000003,1.0,36.386191055559486,13.532114974011325,247.1786025352801,40.126351957151535,252.54276158177652,47.850584514427815,0.45712564940365774,0.398049245156288,339.30761156854606,14.325404220869315,1.489387594505309,1.326193439960314,259905.00000000003,1.0,1.4816988783129545,1.6980552917468203,37.93718851438942,3.5854179906118966,37.94487723058177,3.582793473359008,1186653.3525432092,319213.386188249,259657.82139746475,40.126351957149396,912276.8078954143,217520.33201387466,259867.06281148564,3.5854179906082737,719739.9307918379,198230.46683596334
1540,320.7345444339688,12.749457540232669,341.2226162088415,13.563874089597338,344.21944237461025,14.429648029284452,337.4691935620846,13.347550012261532,33.20282455457768,17.99243854158367,0.410912162239064,0.6833862729180451,259905.00000000003,1.0,34.83145088866055,13.653356162407409,245.13906403895817,35.64470436015146,247.1786025352801,40.126351957151535,0.4623716250638053,0.39281965987901796,340.5745333569553,14.001901231129429,1.556687664871152,1.3813687666500711,259905.00000000003,1.0,1.3778882950922087,1.6694536901980273,37.758389144610476,3.6774608857958078,37.93718851438942,3.5854179906118966,1181013.6666498717,315179.57532605244,259659.86093596107,35.644704360147685,894992.0205390926,214306.34709121185,259867.24161085542,3.677460885793165,730900.9635400448,210826.73125468174
1541,321.54030836890774,12.143083162019098,342.0798511038122,12.9187653257412,345.2342050533265,13.835909442344118,338.3318282730938,12.772997982508095,34.63187345537424,18.959725264643357,0.33905061548660675,0.6020831076585553,259905.00000000003,1.0,33.70731859503158,13.54528374066634,245.72456828381422,37.15228587654211,245.13906403895817,35.64470436015146,0.4762254575434126,0.38316072412841,341.5715091852359,13.509411473832994,1.599703685702512,1.4046386327534623,259905.00000000003,1.0,1.3295953730979744,1.6664117867993111,37.488280832005934,3.8579696468553286,37.758389144610476,3.6774608857958078,1182689.1158703843,316281.4992881069,259659.2754317162,37.152285876535124,881697.4131521964,208331.0723118431,259867.51171916802,3.857969646852679,742262.1574862585,223645.75595733782
1542,322.1935863188592,11.537978974615193,342.7748594413702,12.275008060850569,346.05115326660916,13.150016562232146,338.95429195055885,12.168510957347682,35.81802534867829,19.01345013300049,0.3048307357187025,0.5907249813985187,259905.00000000003,1.0,33.00879041999719,13.543665762721554,248.2289724767766,43.04507724141605,245.72456828381422,37.15228587654211,0.49361032447319164,0.37249153347703984,342.37136893148187,12.9039880001244,1.6128326718948278,1.4035887580183886,259905.00000000003,1.0,1.2910471297665889,1.6696077481001768,37.166495289877695,4.064617621097559,37.488280832005934,3.8579696468553286,1195473.2157552673,321157.0665750799,259656.77102752324,43.045077241409984,879141.8015230022,207451.29306348533,259867.83350471014,4.064617621097173,760299.4166732987,238493.24239873464
1543,322.75160389186635,11.035865535119768,343.36852236135456,11.740820641767828,346.7592133719905,12.514995602760635,339.4696658173996,11.681613536164067,37.07682039904866,18.252814378768882,0.2264940878176368,0.44896136499688044,259905.00000000003,1.0,32.72102345605976,13.418579788333421,252.35827533194785,49.8290803224268,248.2289724767766,43.04507724141605,0.517402640543516,0.3625382265692448,343.02368653722425,12.329006238492795,1.623581776647213,1.3988037301518168,259905.00000000003,1.0,1.265528805704784,1.668619876653396,36.80844231893526,4.224912090289867,37.166495289877695,4.064617621097559,1210857.9691008045,324386.7803085021,259652.64172466806,49.82908032242221,879623.7093555856,207729.092913602,259868.19155768107,4.224912090289474,779184.4196538382,245829.08989066642
1544,323.00365592543926,10.72329587296923,343.63667523379166,11.408284331058217,347.2309528332603,11.986799799141496,339.6500963129379,11.46148410567791,38.99892799573132,18.427063345191076,0.1623574650879926,0.31576158254258285,259905.00000000003,1.0,32.832560917858196,13.403592851514128,258.362284944733,58.57568254729361,252.35827533194785,49.8290803224268,0.5559997231507339,0.36716248034107424,343.4561024637479,11.877275023198129,1.7088527262900146,1.4360698521780135,259905.00000000003,1.0,1.3090218795808741,1.6837919271374713,36.40861147222613,4.400167006217429,36.80844231893526,4.224912090289867,1260014.467829751,381942.2236531969,259646.6377150553,58.575682547287784,898628.9118751828,227417.21858507209,259868.5913885278,4.400167006215604,826445.238677834,318627.95666268177
1545,323.1703545810939,10.512911906720635,343.81402244522997,11.184461319533245,347.51871892355393,11.60515534672399,339.6929950474465,11.404993902251313,40.01260356394603,17.531479740705148,0.12391277024472042,0.25538530613182575,259905.00000000003,1.0,33.84375472011619,13.651658460437815,264.4072210183181,64.40620786080143,258.362284944733,58.57568254729361,0.5876003416603544,0.35834992636448015,343.6281698745193,11.651314205149498,1.7681172271687042,1.4342639662222763,259905.00000000003,1.0,1.3848474743386852,1.6903037258401232,36.02534171939611,4.545972652703261,36.40861147222613,4.400167006217429,1311415.16832867,421430.7998703086,259640.5927789817,64.40620786079624,932031.441067362,274786.9190066529,259868.9746582806,4.545972652701633,869113.3139956128,355805.93437920156
1546,323.30476384196663,10.344036117161368,343.95701767428494,11.004797918309931,347.7327768298951,11.309626828851838,339.7533266335726,11.327206892060023,40.79528148236562,16.67205194020698,0.09243691628383498,0.20376332390306542,259905.00000000003,1.0,34.78437435974502,13.407762604103189,270.32569122465486,68.30075475143197,264.4072210183181,64.40620786080143,0.5908386754509622,0.3586571977914614,343.7369030829755,11.507773634223321,1.7949954892656907,1.4384955431644206,259905.00000000003,1.0,1.506806791482531,1.7395790685525958,35.73715302161295,4.6235966330903215,36.02534171939611,4.545972652703261,1361881.284618634,458735.3860365504,259634.67430877537,68.30075475142789,968549.7784988451,324818.2164123963,259869.2628469784,4.623596633088798,909665.4477983377,382811.5003862001
1547,323.35056436074444,10.289629365569313,344.00574392705806,10.946915668550835,347.88269884090386,11.113063313652408,339.74162965780994,11.34150164567493,41.87732351278454,15.633237515640289,0.06666666666666667,0.15859015226887702,259905.00000000003,1.0,35.26079025992688,13.175055101240215,276.87555781084586,71.5171861479375,270.32569122465486,68.30075475143197,0.5804147253913067,0.35822572113955714,343.83756477548184,11.38214055104095,1.813485066387772,1.4365845514308984,259905.00000000003,1.0,1.638851490328838,1.7812236148882044,35.56251944555402,4.643614536157188,35.73715302161295,4.6235966330903215,1400148.250225752,481926.2774518021,259628.12444218918,71.5171861479339,991218.1372476653,348355.29696531827,259869.43748055448,4.64361453615636,942171.6736838112,399988.2723383734
1548,323.31013112506486,10.344685443296482,343.96272801077333,11.005488466069375,347.94819022248254,11.026257292508953,339.66320931670674,11.440167925240653,42.48512737258753,15.813724555768689,0.07622545754341258,0.16301379381326137,259905.00000000003,1.0,35.80289497149073,12.600826603803924,283.48156475439924,76.21907803438063,276.87555781084586,71.5171861479375,0.5683638342629056,0.3629251014732217,343.8481147773499,11.369691171926245,1.8572994244192647,1.4531440133356917,259905.00000000003,1.0,1.7625616451627102,1.7923214691987908,35.46778166629746,4.662284028868873,35.56251944555402,4.643614536157188,1435843.964104801,486574.96378316387,259621.5184352456,76.21907803437742,1012897.4934058391,352767.1044459629,259869.5322183337,4.662284028868002,972846.0060823375,405928.652267382
1549,323.3786541104849,10.25797416192287,344.03562822806725,10.913238081114518,348.06470975560313,10.865272220672438,339.64372778911553,11.463233684131648,42.747793624490065,15.731839909590937,0.0840515335964457,0.1648535331439333,259905.00000000003,1.0,37.256448120525576,12.080389203509462,288.8888587247673,79.82562946402288,283.48156475439924,76.21907803438063,0.5514644338020651,0.3773969956407293,343.8391699750943,11.380989274110725,1.8650397255979214,1.4506415211669335,259905.00000000003,1.0,1.880983221024152,1.7892123497540657,35.48372516172369,4.660592548411518,35.46778166629746,4.662284028868873,1469119.7682308832,473344.2465308884,259616.11114127527,79.82562946401973,1041214.5033516666,351499.7837236521,259869.5162748383,4.660592548410751,994758.9076732032,394978.4868084695
1550,323.55155917132254,10.02379494506782,344.21957815926953,10.664099856658607,348.2365782077172,10.624188601699064,339.75402325887995,11.33413905989802,42.76265646576888,15.72625145543396,0.16692930975095827,0.5631780481034582,259905.00000000003,1.0,38.46602783007922,11.457597267652584,293.01855805070596,82.39354337375002,288.8888587247673,79.82562946402288,0.5280695840594488,0.3893188245095115,343.93166938315113,11.269628526119167,1.8809357390877193,1.4440823620722099,259905.00000000003,1.0,1.9804644325945935,1.763810136420948,35.583253855230566,4.65309195159043,35.48372516172369,4.660592548411518,1515825.8976097524,473693.21644218324,259611.98144194932,82.39354337374706,1083906.3579489482,369781.0660498508,259869.4167461448,4.653091951589901,1027241.0184923215,393430.27423292055
1551,323.715839893568,9.799949958419399,344.3943528578944,10.425955867147154,348.39190263699305,10.399566047429333,339.9170563234697,11.138653347862547,43.240680058377784,15.534874700615118,0.3781657569865593,1.3371830855494822,259905.00000000003,1.0,38.67109028203632,11.412327786441386,297.2099820700609,84.56361709894125,293.01855805070596,82.39354337375002,0.5159484664035544,0.40012566522744786,344.12034874236673,11.023629558139382,1.914058532997941,1.4211923242570779,259905.00000000003,1.0,1.9990622178317037,1.7607863562273993,35.668257540064324,4.6595283819500315,35.583253855230566,4.65309195159043,1547255.065532106,455553.91525503015,259607.79001792995,84.56361709894028,1112259.901545139,364206.9223126799,259869.33174245997,4.659528381949241,1053038.0306837042,379438.6962448645
1552,323.82999785388205,9.637206760319316,344.51580287118026,10.252817088428259,348.50072152645373,10.237536002246172,340.06938183324024,10.951349530327185,43.855171933281525,15.25191744397351,0.6466994412767393,1.9886826142259666,259905.00000000003,1.0,38.59486142880408,11.453360680141866,301.8235931332616,86.62541338539678,297.2099820700609,84.56361709894125,0.509541017263009,0.40696899731621694,344.29674199929684,10.789585722895913,1.9698535556303414,1.3863526851187906,259905.00000000003,1.0,2.0132981394831755,1.7556038131533531,35.71170212391716,4.6650173807665976,35.668257540064324,4.6595283819500315,1569964.9145563003,435280.6459000716,259603.17640686675,86.62541338539577,1137812.525511766,350971.04862828867,259869.2882978761,4.66501738076571,1076113.344434788,362816.76754939405
1553,323.9284205254794,9.519686218833215,344.62051245598815,10.127789718858859,348.5289456698645,10.20039863142172,340.15157618215295,10.859650055358616,43.93506433875723,15.172932512502927,0.8630397441964315,2.2826246700940898,259905.00000000003,1.0,39.346581281300814,12.22564414001064,305.5490364465216,86.97507921417244,301.8235931332616,86.62541338539678,0.49473625072611555,0.4173755809759921,344.395620198851,10.656582492489997,2.0049852085901336,1.355235548123467,259905.00000000003,1.0,2.037038142799112,1.745672408410876,35.74375505812614,4.672369264217533,35.71170212391716,4.6650173807665976,1586536.5311992662,429842.48140381335,259599.4509635535,86.97507921417163,1159931.1411623897,352932.51030364673,259869.2562449419,4.672369264216553,1091817.678808453,353578.8512642432
1554,323.9016956745069,9.543758951545854,344.59208043415356,10.153400201663429,348.45398909263355,10.27845056453174,340.1484432045538,10.862458538162844,43.87928076370673,15.239597120464289,1.0401642033269898,2.4351043211502876,259905.00000000003,1.0,39.48414358211766,12.414170777799184,308.9040094247837,85.85148108979084,305.5490364465216,86.97507921417244,0.47305634219347514,0.42581775073797834,344.4192220763746,10.629619352643422,2.0433073641515245,1.3278189828476705,259905.00000000003,1.0,2.013732510377757,1.7556949518256313,35.714180204352374,4.664274589304214,35.74375505812614,4.672369264217533,1595869.2947594665,429914.7115479267,259596.09599057524,85.85148108979013,1175069.241660795,356682.0608105316,259869.28581979568,4.664274589303333,1104861.237168571,346407.9552260565
1555,323.746997234636,9.613804455302612,344.4275000803398,10.227920101138682,348.2641206723351,10.406472187698688,340.0737410622699,10.91052620723287,43.763082650650034,15.407047928095846,1.1570495839713864,2.4673982282239755,259905.00000000003,1.0,39.37657009835926,12.25301757426123,312.1334723931031,83.16978567908657,308.9040094247837,85.85148108979084,0.43970523524640487,0.4222470071725371,344.36437808510465,10.67678828418044,2.0711664087878616,1.307575341182941,259905.00000000003,1.0,2.0006937806251965,1.7622451597972093,35.643707576189705,4.6438086656292,35.714180204352374,4.664274589304214,1593353.6649219696,430161.1686872764,259592.8665276069,83.16978567908549,1178905.787599888,357216.41542038403,259869.35629242382,4.643808665628204,1108303.6458900378,343852.61927488376
1556,323.3824981235447,9.626264541374448,344.03971738081736,10.241175930710199,347.9021648966871,10.477700768189566,339.8196952451349,10.974561058786122,43.8528317774719,15.34858535357488,1.2000000000000002,2.4577586024459865,259905.00000000003,1.0,39.34897214344504,12.232684870314417,315.4373320271299,79.56989930975068,312.1334723931031,83.16978567908657,0.4697524036001211,0.4967841258749068,344.17213113143407,10.760418897549798,2.1000177736137373,1.2829558230977938,259905.00000000003,1.0,2.013643293056496,1.7528223329116268,35.557333095632465,4.621846537200746,35.643707576189705,4.6438086656292,1594032.4712646287,430435.2229848662,259589.5626679729,79.56989930974989,1185029.932661478,360981.5865867931,259869.4426669044,4.62184653719997,1111571.5575441476,343197.1231522161
1557,323.04007865861445,9.521743854813774,343.67542446188423,10.129978376154094,347.418161237021,10.315880012948247,339.49045699467325,10.935521613411193,42.99831550728321,15.188015645640467,1.2000000000000002,2.4577586024459865,259905.00000000003,1.0,39.99078833897363,13.130775507561795,317.2448591954395,77.21116754577552,315.4373320271299,79.56989930975068,0.4752353626207283,0.509063027613543,343.76949748532945,10.74369579055366,2.065295870943188,1.3021640736031608,259905.00000000003,1.0,2.049405347105592,1.7310971005058442,35.54144257179487,4.618975526194641,35.557333095632465,4.621846537200746,1590886.6139550612,428730.9685867434,259587.75514080457,77.21116754577545,1190157.5440830567,363765.07206050743,259869.45855742824,4.618975526193798,1107247.8117126944,343943.2722166185
1558,322.68785051866905,9.300851567266088,343.30069631901125,9.894975582342024,346.96174172967386,10.046266970311525,339.1811291819003,10.79312152164705,42.65361209124828,15.149004271351053,1.2000000000000002,2.4577586024459865,259905.00000000003,1.0,39.99453780981636,13.131656503160498,318.70393347687144,75.25077287897957,317.2448591954395,77.21116754577552,0.4832409124347777,0.5210617448246931,343.3970574508939,10.617753749959036,2.0368679814214294,1.3249409615722763,259905.00000000003,1.0,2.0716518752568,1.7131864588742312,35.57622646563024,4.622744858708699,35.54144257179487,4.618975526194641,1593236.3890795307,429284.76138696406,259586.29606652315,75.25077287897946,1199997.5299143044,366365.0657413706,259869.4237735344,4.622744858707977,1106123.2745909092,344293.9671543769
1559,322.36183248358515,9.066114716475408,342.9538522766358,9.645243643463225,346.5092839629049,9.707305868693776,338.852121063117,10.582558333104972,42.7662752009799,15.236999535881779,1.2000000000000002,2.4577586024459865,259905.00000000003,1.0,39.99805376250222,13.12881960134257,320.2721549153491,73.59195207389156,318.70393347687144,75.25077287897957,0.5124293666623414,0.5622854329731883,343.0033021418176,10.379741969467526,2.029194293132342,1.3295547463387116,259905.00000000003,1.0,2.1004152399414453,1.6842039441448258,35.64744741243934,4.616379120305157,35.57622646563024,4.622744858708699,1597006.6968650627,429842.62407211546,259584.72784508468,73.591952073893,1206897.5366707502,367299.5788998737,259869.35255258757,4.616379120304583,1106116.0388672217,344293.6106409812
1560,321.9752223230511,8.747593678986908,342.5425457741766,9.30637548706435,346.06583984748266,9.320980928012668,338.48035419699687,10.277337725369488,43.55774449031747,15.837847486066273,1.2000000000000002,2.4577586024459865,259905.00000000003,1.0,39.431367556732894,13.492218802242176,323.19853184893367,71.28323303745499,320.2721549153491,73.59195207389156,0.5433598170652808,0.5834909154655191,342.62681404274355,10.081172091823705,2.022911608540532,1.3349143562728691,259905.00000000003,1.0,2.130006999401495,1.6535466660175144,35.7545428033003,4.592996408213875,35.64744741243934,4.616379120305157,1601382.6265441428,428107.91954301565,259581.8014681511,71.28323303745776,1213557.869260222,365074.9763609487,259869.24545719672,4.59299640821376,1112550.9631931426,341979.5098060143
1561,321.66944748778764,8.553116318564747,342.2172382308086,9.099474994656125,345.5884699850618,8.916988671086933,338.1288524947439,10.025786384653065,42.99549151064018,14.935129651886239,1.2000000000000002,2.4577586024459865,259905.00000000003,1.0,39.111678287073964,13.726404030406545,325.8823450724999,70.47923219113743,323.19853184893367,71.28323303745499,0.5475846321406488,0.5818076921131001,342.17563594031174,9.677501846831104,2.0238100896840616,1.3340970980186515,259905.00000000003,1.0,2.208070945523588,1.6040620629383933,35.93880365913983,4.559819671168947,35.7545428033003,4.592996408213875,1599128.4360587164,429392.19779885135,259579.1176549275,70.47923219114072,1217863.9513903838,361810.21188936336,259869.0611963409,4.559819671169003,1115820.7239612972,340546.47234404704
1562,321.19634138473833,8.332806770811954,341.71391048304895,8.86509241642588,345.0433306654219,8.628335053102205,337.6317153161915,9.779270288891462,44.10438725962558,16.621995912052828,1.2000000000000002,2.4577586024459865,259905.00000000003,1.0,38.3627356134501,13.987865467115165,330.42399671867537,71.04706601003747,325.8823450724999,70.47923219113743,0.5580765834609439,0.5743830920390237,341.70424171414317,9.392196255131708,2.118598444071357,1.2974309699602435,259905.00000000003,1.0,2.557757368161455,2.2491906198186324,36.37796258322993,4.8618043377688105,35.93880365913983,4.559819671168947,1610461.3979430783,427583.9632525668,259574.57600328134,71.04706601004104,1216873.6363900406,362483.73434240767,259868.6220374168,4.861804337770112,1130428.0461872667,339794.5156324749
1563,320.5299527265013,8.307507561971153,341.00495354843935,8.838177660090832,344.3640316931013,8.54378303311897,336.9351320119941,9.674908080638565,46.20117922850287,20.65209128511232,1.2000000000000002,2.4577586024459865,259905.00000000003,1.0,38.03973505734719,14.183956611252903,337.38544088983105,76.1967325967175,330.42399671867537,71.04706601003747,0.5666666666666668,0.5676364666425874,341.09262533875926,9.213030362164764,2.425615565883792,1.8518542237628752,259905.00000000003,1.0,2.8440563963089014,3.1109797668563592,36.79640341365504,5.542543227518133,36.37796258322993,4.8618043377688105,1635812.3435496164,434537.3344125141,259567.6145591102,76.196732596719,1215643.7897618227,363430.0675621518,259868.20359658636,5.542543227520142,1156616.9778239836,352917.5603975314
1564,319.7665584519558,8.366606180314546,340.1927949696395,8.901052039776124,343.5932420848005,8.57967440624211,336.1149771802477,9.647594984933923,47.92764281883238,22.02354740515204,1.2000000000000002,2.4577586024459865,259905.00000000003,1.0,38.91728782284451,14.772093571382536,345.19579588581894,82.3969557664926,337.38544088983105,76.1967325967175,0.5762254575434126,0.5601298193133033,340.32165505008123,9.18421264406641,2.851563986599269,2.8200128544145917,259905.00000000003,1.0,3.097575796983046,3.574802076262456,37.04241522403882,5.9397520196166065,36.79640341365504,5.542543227518133,1669326.6443535201,436456.7558445828,259559.80420411422,82.39695576649528,1226959.250292428,358068.57025317126,259867.95758477598,5.939752019619237,1182272.8620421162,354433.9851304338
1565,318.81587862888784,8.498849377352352,339.1813873575205,9.041743722659389,342.63937842544453,8.726261774424756,335.1224549356473,9.663267668620536,49.62776433259678,22.82955955169313,1.209558790876746,2.4534845204189493,259905.00000000003,1.0,38.75200240704804,14.606328511262054,354.86199902049094,89.15265361484659,345.19579588581894,82.3969557664926,0.5649339518429539,0.5635897333986654,339.3870332996285,9.27172989858057,3.26721259400125,3.5556282547589264,259905.00000000003,1.0,3.2920646532941094,3.817324782885256,37.067267283331674,5.97411517261927,37.04241522403882,5.9397520196166065,1698869.0970202214,434799.0073960389,259550.13800097952,89.15265361485132,1233964.3780520163,354463.6143565584,259867.9327327167,5.974115172621537,1206766.7976016307,348630.6004535812
1566,317.68660717736634,8.602253959310865,337.97997948592626,9.151754308248522,341.55419948069044,8.928275564324673,333.93749975228496,9.609959197464818,51.49353896589851,22.329137470229146,1.2269436578065251,2.4464560193171683,259905.00000000003,1.0,38.515592448564135,14.528003208158434,366.61300188001877,95.52284709657114,354.86199902049094,89.15265361484659,0.5652480397541789,0.5635373745954524,338.27761489261144,9.485491435325708,3.6135591995860223,3.9034168801829217,259905.00000000003,1.0,3.439758556087616,3.9359986216546514,36.89346663983327,5.748564107770348,37.067267283331674,5.97411517261927,1727113.949401165,423507.897010426,259538.38699812,95.52284709658029,1238645.4925026216,351513.3491217042,259868.1065333602,5.74856410777513,1227519.2384007112,338417.8194731056
1567,316.4784107584002,8.636165931952277,336.6946051245195,9.187832574449155,340.33256004507035,9.060598078970823,332.63516109875115,9.381277988155931,52.38739791702514,21.6616264412029,1.2507359738768495,2.4375668998436892,259905.00000000003,1.0,38.37017807933936,14.596551258764453,379.37948574382773,100.90525643686382,366.61300188001877,95.52284709657114,0.555946402309523,0.5640308148551214,336.9981669560227,9.643904333189539,3.7351688833599077,4.029600303732479,259905.00000000003,1.0,3.4516691343203987,3.935776979347532,36.60996689079376,5.577470285114034,36.89346663983327,5.748564107770348,1758772.3342399793,394301.9189685084,259525.62051425618,100.90525643687003,1252945.8109371872,338650.67326793825,259868.39003310923,5.57747028511796,1251597.8874818562,317588.18396326416
1568,315.2691652326097,8.504430830830275,335.40811475314257,9.047682794494781,339.061056093966,9.067939751785286,331.3581831883669,9.049886074098078,52.085041049994224,21.974757464453926,1.2797742656073214,2.4273207072274694,259905.00000000003,1.0,38.35186078911549,14.60987060276605,391.8328917390991,104.57661426067028,379.37948574382773,100.90525643686382,0.5578896565563474,0.5641084057276499,335.65494110166344,9.601702076727642,3.731221306079897,4.028132824090682,259905.00000000003,1.0,3.4518619001297735,3.935642450409393,36.33060748484364,5.618725597423955,36.60996689079376,5.577470285114034,1782272.4821527596,362808.7396645204,259513.1671082609,104.57661426067934,1268154.3401392358,322449.9118651388,259868.66939251518,5.618725597427058,1270300.2819584322,297458.1250855044
1569,314.0628782361048,8.163223064912874,334.1247716641906,8.684679541674873,337.78822460684665,8.975545147229838,330.08361890082836,8.513950956978626,51.842097690122,22.284911332851436,1.3035488080639088,2.4178280001831394,259905.00000000003,1.0,37.979271653327224,15.077314185966669,404.39216896783,107.14240553270929,391.8328917390991,104.57661426067028,0.55596417592326,0.5645880076170364,334.3349287916793,9.367207164818808,3.6898525055166105,4.033046103507727,259905.00000000003,1.0,3.4545455490107724,3.9336928970354132,36.0953005283378,5.751438342039977,36.33060748484364,5.618725597423955,1802444.122006679,322256.0505486469,259500.6078310322,107.1424055327197,1280162.248277877,303054.93338696536,259868.9046994717,5.751438342042833,1289045.2882931114,266760.68741566595
1570,313.0540037752925,8.135654717906593,333.0514514871895,8.65535054411423,336.57386335734867,8.822852419773486,328.9825444448591,8.254069396151502,50.321848621151844,22.087270922658245,1.338614856220955,2.405869494604,259905.00000000003,1.0,38.01522192039479,15.012562343164536,415.3601808123661,112.38164609599482,404.39216896783,107.14240553270929,0.5709794818832651,0.5595899410742362,333.05529327597026,8.99828200113337,3.6218084268786686,4.051696711530055,259905.00000000003,1.0,3.4793767992796134,3.9155402529432917,35.95286890073874,5.873166257781392,36.0953005283378,5.751438342039977,1806953.840468597,316139.45622111,259489.63981918767,112.38164609600385,1288325.7836443516,289410.4034863708,259869.04713109927,5.8731662577834856,1290760.4757095624,265772.4284774563
1571,312.22756622010206,8.226325437096339,332.1722222629226,8.751813260264463,335.5064778809445,8.834878041749217,328.0745496306407,8.221822694926066,48.88654264997503,22.334055826596654,1.3638080255900302,2.3953027381223775,259905.00000000003,1.0,38.07278737079246,14.938960976719075,424.8101280659586,118.02256009859248,415.3601808123661,112.38164609599482,0.5701977011168384,0.5598308103110513,331.9915462399639,8.87769196056395,3.572140955363663,4.069286745413912,259905.00000000003,1.0,3.4770728431125857,3.9172332253921267,35.857800788487665,5.975978629637371,35.95286890073874,5.873166257781392,1810792.30717381,311794.07250070124,259480.18987193407,118.02256009859912,1297160.9164502174,277167.2027268109,259869.14219921152,5.975978629639901,1294776.0489401452,264384.06731639366
1572,311.53985813019483,8.323905281733808,331.4405842383536,8.85562632939136,334.62782351165885,8.967715283107816,327.39682131702324,8.359536974620127,47.79031129803181,22.882474444942716,1.390476756350728,2.384022113645357,259905.00000000003,1.0,38.22704598911461,14.800246016833983,432.9829166185251,122.89658664255333,424.8101280659586,118.02256009859248,0.5635153249304662,0.5616251417586535,331.1294413757786,8.89634055561947,3.5902662169276165,4.06183997363445,259905.00000000003,1.0,3.494304105098388,3.9052524832119375,35.761838676658435,6.09453571963249,35.857800788487665,5.975978629637371,1804202.5145598412,320590.4734744867,259472.0170833815,122.89658664256004,1296773.62785663,277732.55041235435,259869.23816132336,6.094535719634218,1288380.913955416,268894.74486296746
1573,310.88347166896375,8.326533511812727,330.74226856437826,8.858422024092963,333.8048569681511,9.030146197235046,326.75121131510895,8.415768325223121,46.87437095542646,23.560872352965877,1.4087947837240564,2.3750641577208924,259905.00000000003,1.0,38.0475593216694,14.883022611355651,440.4009334685581,126.62155019612173,432.9829166185251,122.89658664255333,0.5449689845202894,0.565664466679576,330.355733758967,8.951585842406496,3.6121388912696317,4.050143649073787,259905.00000000003,1.0,3.51192835184652,3.8945899345157478,35.661628137235326,6.21899880223474,35.761838676658435,6.09453571963249,1792777.759371757,337487.57058320777,259464.59906653146,126.62155019612793,1291186.1850483648,285440.46176968556,259869.33837186277,6.218998802236622,1279563.2100769754,277978.23199672275
1574,310.47641918985926,8.485300570424066,330.30921403845616,9.027330784727583,333.15504145142404,9.208228897221568,326.379163212726,8.575530973795589,45.14748444540001,23.820088406349846,1.4237923160703245,2.3672692089720617,259905.00000000003,1.0,37.72656851736051,15.104356102940278,446.3980570805273,129.92522640375796,440.4009334685581,126.62155019612173,0.5106669435159329,0.5583679333450183,329.74976452303565,9.065598613013517,3.5334681565767503,4.074360192174075,259905.00000000003,1.0,3.475047427629309,3.9096647017182713,35.603207408287886,6.293620827127905,35.661628137235326,6.21899880223474,1745837.3135297028,351706.98582368036,259458.6019429195,129.92522640376367,1267939.5222956827,304689.5259331201,259869.39679259172,6.293620827129561,1239836.3432580782,266448.78509532695
1575,310.103815755229,8.631479808191973,329.9128089683081,9.18284756078928,332.6447364353956,9.433968678580255,326.11620926997074,8.714942755386417,44.27283858619296,24.511786765836426,1.429038291730472,2.3641775821720525,259905.00000000003,1.0,36.73323437367675,15.132622831264285,452.508623001313,132.41178229055808,446.3980570805273,129.92522640375796,0.47906632500631235,0.5595877190127119,329.3714410428009,9.23863111727164,3.472574489362461,4.102575316603368,259905.00000000003,1.0,3.418701333725224,3.9344497531637748,35.549334252650645,6.360225472939044,35.603207408287886,6.293620827127905,1692084.9151034271,377660.53047913976,259452.49137699872,132.41178229056425,1227579.5477257045,317119.68492088676,259869.45066574737,6.360225472941153,1199477.6529997094,274658.918554777
1576,309.7421684912511,8.750285369085335,329.52805993719414,9.309242099395576,332.2134881302063,9.591171825531713,325.8537960544089,8.822034681655065,43.59740174643654,25.07752257104949,1.4333333333333336,2.361607547537965,259905.00000000003,1.0,36.178048515832614,15.123180472615045,458.4946428985836,133.92951926137764,452.508623001313,132.41178229055808,0.45671040946221264,0.5650392158593514,329.02286711702055,9.389197510035418,3.4287612795771603,4.1213635073146415,259905.00000000003,1.0,3.3126904829849324,3.962525345878867,35.43326345605842,6.48858392769725,35.549334252650645,6.360225472939044,1635666.108326085,393115.5198516855,259446.50535710144,133.92951926138423,1182948.519682865,314137.91199982964,259869.56673654396,6.488583927699115,1157996.8876290128,284713.74587062164
1577,309.4062737237737,8.846840327486287,329.17070873265754,9.411964608530733,331.77505198104313,9.719110464211214,325.615004124691,8.909361456055706,42.61678107009732,25.686609864531228,1.4333333333333336,2.361607547537965,259905.00000000003,1.0,35.80655792704848,15.26662533498704,463.8715327082991,134.9433963918521,458.4946428985836,133.92951926137764,0.44192341653905615,0.5711652718524657,328.64558138800976,9.513264304248676,3.3798147838121193,4.148310665343176,259905.00000000003,1.0,3.190186801401634,3.9943409070107623,35.243635473647934,6.657677812598813,35.43326345605842,6.48858392769725,1584141.351585052,413239.8996851071,259441.1284672917,134.94339639185932,1145500.8214969942,322437.9056402924,259869.75636452637,6.6576778126008715,1121586.2871752142,294150.216865177
1578,309.22856452915653,8.90564601453635,328.9816474771118,9.474526757827789,331.42753256159847,9.796463483216957,325.45862528294936,8.967462691603764,41.114491496885385,26.201065022058046,1.4428921242100794,2.3573832601610434,259905.00000000003,1.0,36.3072285394381,15.331624351573806,467.23590354153635,135.32982677506277,463.8715327082991,134.9433963918521,0.43333333333333335,0.5759492475856209,328.31368127297753,9.600692768068292,3.3110644098436413,4.171497518604213,259905.00000000003,1.0,3.0707716881706233,4.031601169237806,35.00334275197492,6.860689786097929,35.243635473647934,6.657677812598813,1540411.909964467,434980.6283751443,259437.76409645847,135.32982677506942,1118162.5676479246,334973.1346593221,259869.99665724806,6.860689786100199,1086876.8150412003,309822.99318749754
1579,308.9731320251551,8.940034461285526,328.7098981526063,9.511111837311562,331.1303785976837,9.815296304428385,325.2800502633168,9.004330741458787,40.9913135671325,26.20640098598106,1.4507182002631125,2.353620973708749,259905.00000000003,1.0,35.81752760162548,14.975462608931087,470.95897130678026,135.45350824198925,467.23590354153635,135.32982677506277,0.471568496840317,0.5842050717699515,328.10578564094095,9.634410907130833,3.286424708204144,4.18458265189373,259905.00000000003,1.0,2.952350112309182,4.068962234196399,34.66926815607995,7.089135557047095,35.00334275197492,6.860689786097929,1509522.2010560604,450935.6400441166,259434.04102869323,135.45350824199585,1091231.9122697937,340915.2550882548,259870.33073184395,7.089135557049626,1068720.606955403,323528.9548909257
1580,308.647617697284,8.974290515919764,328.3635904877069,9.54755604440655,330.82012878995897,9.797944136374257,324.9914541969222,9.037696398529588,41.399159604396445,26.24153246810273,1.3615377406361988,2.341200833902912,259905.00000000003,1.0,35.24513334185504,14.735105700644466,475.7514598286854,135.46029353352668,470.95897130678026,135.45350824198925,0.5028728010524495,0.5832255351823211,327.8495459756713,9.626937810240888,3.256692635848476,4.200600522567371,259905.00000000003,1.0,2.8528689007387404,4.10447864114018,34.26544442097022,7.311777959340638,34.66926815607995,7.089135557047095,1482909.3842573003,432163.58567080926,259429.24854017133,135.46029353353333,1065214.2008702087,309139.0323922893,259870.73455557905,7.311777959343824,1057254.2917104797,314414.84561809426
1581,308.2815079666562,9.012771884509538,327.9740942855898,9.588495697245223,330.47526003497757,9.793269704597183,324.6648093544176,9.055279335126125,41.56805042713602,26.275949264663453,1.1451410926148267,2.109069135971895,259905.00000000003,1.0,34.90140371721851,14.759818651162501,481.2729654459881,135.632040670201,475.7514598286854,135.46029353352668,0.5285025976146309,0.5772284642119195,327.54285467706524,9.610077354540739,3.2192748003353926,4.222309624202424,259905.00000000003,1.0,2.7864771611179004,4.134884002175364,33.83264678175273,7.511092038824182,34.26544442097022,7.311777959340638,1472393.550607049,429427.006393132,259423.72703455403,135.6320406702084,1051170.5124156426,300329.0945822393,259871.16735321828,7.511092038828035,1056103.538726778,313844.318649218
1582,307.8996659416619,9.088098241810544,327.5678605530948,9.668634065268163,330.1213883377911,9.807458853502581,324.2989891864416,9.08946896217531,41.63164079300818,26.28913299636093,0.8819413841260246,1.5980370776182182,259905.00000000003,1.0,34.63513665629296,14.893981300345144,487.38752819857734,136.24094981716715,481.2729654459881,135.632040670201,0.5494865002552212,0.5687332415630105,327.19332190618036,9.600495875667194,3.1634797777029924,4.2508755662343045,259905.00000000003,1.0,2.733110859201263,4.160961177470687,33.402277863250994,7.696229150452152,33.83264678175273,7.511092038824182,1477226.9492107788,430735.7883437339,259417.61247180143,136.2409498171743,1047331.9320778367,297373.3984594095,259871.59772213676,7.69622915045507,1065114.7513103602,320511.2038741229
1583,307.4007323591796,9.135366648862359,327.0370557205366,9.718921942537877,329.6877363220473,9.828891522460783,323.8940620094482,9.116532269967816,42.32573102055977,26.261474312023743,0.6629352059390704,1.1440342469429061,259905.00000000003,1.0,33.121050011842065,14.313193514231711,495.92927400135596,136.4943830949484,487.38752819857734,136.24094981716715,0.5666666666666668,0.5592679603696673,326.84848383646397,9.611903087234595,3.118789333866454,4.277662747915635,259905.00000000003,1.0,2.6868924010593456,4.180792317186703,32.97038093044389,7.835521665677792,33.402277863250994,7.696229150452152,1468969.6027898104,428894.51237458194,259409.07072599867,136.49438309495704,1030883.173815934,284208.28626559407,259872.02961906957,7.835521665681233,1069137.0395344156,321923.89667771314
1584,306.7517210723643,9.251979249851203,326.3465865134888,9.842983215236575,329.1447604900036,9.857459503171203,323.3328524401137,9.201482220848838,43.352228803741646,26.183004633730828,0.4836281127433348,0.6725984664405007,259905.00000000003,1.0,31.994099205888023,13.617106709230853,506.80377548646624,135.7776580970881,495.92927400135596,136.4943830949484,0.5666666666666668,0.5592679603696673,326.4026642019892,9.6265245316318,3.1108762657590137,4.280651427851573,259905.00000000003,1.0,2.7013530221097417,4.175317130874704,32.56085768679462,7.9635869540502755,32.97038093044389,7.835521665677792,1464544.8971807405,426740.9613066526,259398.19622451355,135.77765809709697,1013335.6730621157,271521.26321259787,259872.43914231323,7.963586954053914,1078269.7675443436,326911.8851559387
1585,306.0070006609812,9.271848901644471,325.5542946183052,9.86412151835315,328.4551482150505,9.884504795019584,322.6667698800035,9.259111828046807,43.96958053157684,25.84746131829546,0.3719887077590858,0.35785202315292974,259905.00000000003,1.0,31.294057353470468,12.877312340383442,519.1073099568135,132.23696612345515,506.80377548646624,135.7776580970881,0.5666666666666668,0.5592679603696673,325.7825425744304,9.671881224646366,3.107914076194264,4.281799713958613,259905.00000000003,1.0,2.7549440234253035,4.162459809503204,32.20788763402565,8.043451317338848,32.56085768679462,7.9635869540502755,1453960.0892876429,429347.0066846564,259385.8926900432,132.23696612346382,992327.9312348212,274336.30958494806,259872.792112366,8.043451317342928,1079745.1675262747,326228.07353403355
1586,305.17896249889566,9.29345907590592,324.6733626330148,9.88711114915655,327.62559500875017,9.86853861800008,321.89647457968636,9.290579555619198,44.10817647479599,25.81144220392651,0.33333333333333337,0.3155704687816466,259905.00000000003,1.0,30.69738520485674,12.501685577590328,532.1847678934195,126.82201917063507,519.1073099568135,132.23696612345515,0.4997551305294454,0.49764542877313844,325.01817937628755,9.670949447586043,3.0994465322704223,4.285441185757375,259905.00000000003,1.0,2.8405722704435923,4.150777674186358,31.949013372198827,8.060677800042388,32.20788763402565,8.043451317338848,1430908.6706243572,430256.7533149113,259372.8152321066,126.82201917064616,961630.1193178018,268509.5673794637,259873.05098662782,8.060677800046706,1072220.290485198,328522.86828057753
1587,304.30140050002285,8.996002409188716,323.7397434460135,9.570652602828671,326.7101442309718,9.590092842986017,321.023002435138,9.152379958208106,44.114869001730725,25.808590824827508,0.33333333333333337,0.3155704687816466,259905.00000000003,1.0,30.713505969626517,12.549599322923001,545.2527975921903,115.8906788753016,532.1847678934195,126.82201917063507,0.4449725981582136,0.4561269584396065,324.1618717154808,9.58553652684155,3.1986512503624294,4.2664720010875,259905.00000000003,1.0,2.904636441378889,4.144919554903314,31.654998563215287,8.064232760214875,31.949013372198827,8.060677800042388,1406428.3769560352,431175.97034639155,259359.74720240783,115.8906788753112,935700.5319073233,256549.7541864066,259873.3450014368,8.064232760219324,1063336.842508765,334449.7653716914
1588,303.3255654671189,8.436027848891358,322.7015738873093,8.974906775264715,325.74194888303975,9.007561334603224,320.02682107170506,8.682859123059773,44.52553081054332,25.827589041416545,0.33333333333333337,0.3155704687816466,259905.00000000003,1.0,31.077808288645723,13.067452369873962,558.3671867807545,101.64094198512383,545.2527975921903,115.8906788753016,0.40012045417439607,0.4299192379723646,323.24742256314676,9.175434258507615,3.292948477437545,4.238393170955242,259905.00000000003,1.0,2.970163021816819,4.13016565591828,31.33221310759456,8.05473458866109,31.654998563215287,8.064232760214875,1392748.1806209784,427210.77108656673,259346.63281321927,101.64094198513156,917022.4378200902,238648.65579449345,259873.66778689242,8.054734588665076,1066387.1566231716,334138.00014058553
1589,302.3954788706738,7.568584141397485,321.7120749419197,8.052051795757608,324.7667745999178,8.159077016663641,319.07147608025076,7.869117364717645,43.78804466514325,25.808330782414266,0.33333333333333337,0.3155704687816466,259905.00000000003,1.0,32.286041882194816,14.538861922450835,569.5358562303696,85.66380770036727,558.3671867807545,101.64094198512383,0.34428104279987126,0.36202773518804143,322.2825731023537,8.475284515204887,3.3309266966056468,4.223575522927602,259905.00000000003,1.0,3.0193045086580885,4.112963077746999,31.020590919647002,8.03749531301912,31.33221310759456,8.05473458866109,1376066.2727795872,424028.69333265495,259335.46414376964,85.66380770037381,903332.5355934374,223988.99549505045,259873.97940908038,8.037495313023813,1058818.6622439744,335394.41813991393
1590,301.49055793508063,6.512013650769267,320.7493488508992,6.927988424051302,323.809238913662,6.981839316578116,318.10880409328786,6.731847729454054,43.18171625235055,25.469344109244542,0.33333333333333337,0.3155704687816466,259905.00000000003,1.0,33.168131868368604,14.75489227258787,579.2161072810183,70.42197156825823,569.5358562303696,85.66380770036727,0.2985635994737753,0.31080865571134336,321.3065725343513,7.383298108341412,3.362020632585707,4.207958008853318,259905.00000000003,1.0,3.0359134337262192,4.105057104801437,30.694483720787513,8.012843825673572,31.020590919647002,8.03749531301912,1368844.054975548,423682.1585567201,259325.783892719,70.42197156826329,895501.4291088553,217566.9982083223,259874.30551627924,8.012843825678592,1056756.4677560453,335408.0754373202
1591,300.6466722493694,5.195607326753302,319.8515570780438,5.527491454983923,322.91970849598493,5.60454068384107,317.22967887031103,5.346623471912199,42.45162782745616,25.321984644389705,0.33333333333333337,0.3155704687816466,259905.00000000003,1.0,34.0699617795668,15.05207793105519,587.2644399955743,54.68352073127974,579.2161072810183,70.42197156825823,0.2857487011926846,0.3150422094462993,320.37626913162154,6.037790222587243,3.3814358859760865,4.197362531637856,259905.00000000003,1.0,2.987651786487288,4.121973557157284,30.300699621298715,7.940852904722106,30.694483720787513,8.012843825673572,1361288.1783547278,426405.49982677103,259317.73556000445,54.68352073128261,890351.0360345122,216492.90587898716,259874.69930037874,7.940852904727174,1051174.2309790486,337451.4753719533
1592,299.92370581811815,4.063627434134774,319.0824086983529,4.3232025168693315,322.1326593803871,4.4190789048662715,316.45290704892903,4.225587546931688,40.76759793836284,24.15902798039108,0.39068607859380877,0.39838577411027143,259905.00000000003,1.0,34.37594134446105,14.90825535765155,593.2654105108822,42.4920256326312,587.2644399955743,54.68352073127974,0.2943743316258813,0.3193765053155496,319.567154951466,4.742892554777432,3.3048141792849965,4.22543295699931,259905.00000000003,1.0,2.655332457165463,3.840666072000187,29.65121789917918,7.401419278099581,30.300699621298715,7.940852904722106,1347683.5018246393,421420.7349909024,259311.73458948915,42.49202563263559,887730.9738580587,216040.69326859454,259875.34878210083,7.401419278103668,1041339.4883024513,333462.42339807336
1593,299.4777377632737,3.4785582068903014,318.60795301410656,3.700760656132351,321.5537791398147,3.6762571742054884,315.93172108516524,3.645647817452151,37.68161889235712,20.4807068899698,0.43764253491200744,0.4323226024721457,259905.00000000003,1.0,35.334797405993875,15.212365389614709,595.1745894623335,38.869785420325236,593.2654105108822,42.4920256326312,0.3014364005262247,0.3208764839967904,318.92444590664195,3.8149436922159565,3.0091541679757667,4.075526389701793,259905.00000000003,1.0,2.1981188931032514,3.088614570646653,28.840182624306667,6.214160491326119,29.65121789917918,7.401419278099581,1314460.6148092926,397215.4079275954,259309.82541053768,38.869785420326664,883521.2320244535,216462.32724728162,259876.1598173757,6.214160491329842,1008347.5556089124,314022.0881787535
1594,299.14464007224336,3.083036078933514,318.25357735797724,3.2799731582972256,321.1030861843756,3.136643701951292,315.54639113311816,3.2995893731338284,35.335711995782034,18.270107022845654,0.4760872297552796,0.4432067857036084,259905.00000000003,1.0,34.52698807542831,14.42434403049947,595.5072261529319,38.235581981920944,595.1745894623335,38.869785420325236,0.30469250793056957,0.3212178988718712,318.4650042337058,3.295058072557042,2.5577854820343964,3.508312540941936,259905.00000000003,1.0,1.8011500230816249,2.377705338202975,28.083547165353895,4.831027470168392,28.840182624306667,6.214160491326119,1275371.690783294,365606.4406855203,259309.49277384707,38.235581981923886,867230.3325364838,208041.1175422327,259876.91645283467,4.831027470171572,977507.9862905104,301693.38991438155
1595,298.88928811672235,2.9917316938150895,317.9819138145903,3.1828366898263565,320.77821992450527,2.9478248886018776,315.25163792557714,3.2282926592742585,34.67076396319801,16.713605334382155,0.49800429283941916,0.44973101696506285,259905.00000000003,1.0,33.868581705054815,14.113006310147453,595.8114041182357,37.92052671170136,595.5072261529319,38.235581981920944,0.3073583831978316,0.32094944798169084,318.1483039731471,3.0958938734470025,2.1117657308638322,2.6508990291618693,259905.00000000003,1.0,1.4700970929495691,1.713773510492535,27.432319736562885,3.5698611904009456,28.083547165353895,4.831027470168392,1252263.2873820667,331797.825120158,259309.18859588177,37.920526711703864,857002.8365219048,200648.5029808478,259877.56768026346,3.5698611904065847,964108.0984274613,287115.5000237783
1596,298.70517684242077,3.05495399858787,317.7860420268425,3.2500976948778377,320.51665070075626,2.978902947771585,315.02329131765475,3.3283015953836137,34.22273239382553,15.815224198871134,0.5063896755268085,0.452521661041131,259905.00000000003,1.0,33.313030771301804,14.201139515367574,595.8992759663,37.89859308261197,595.4959640193032,38.248590248431356,0.2999822263862631,0.31940812300117755,317.95478506060124,3.128705306734076,1.740553335869568,1.8358502429151606,259905.00000000003,1.0,1.2070775005071928,1.0661035807032246,26.891017825147475,2.350680798874028,27.44187852743963,3.565868063045667,1228911.4069777287,302873.4590703965,259309.10072403372,37.89859308261503,845293.1029392615,196705.33527859367,259878.1089821749,2.350680798878015,949846.176646967,276961.8248677259
1597,298.5316752643746,3.1981964375079492,317.60145735469854,3.4024905246677792,320.27624702030573,3.1671004597199595,314.83398499167095,3.46693406443649,34.329203524181665,15.931735865369923,0.4825973594564841,0.4599453358754327,259905.00000000003,1.0,32.94609620308732,14.439903027042368,596.2260853192552,38.01758756668025,595.3255753576174,38.30650370837378,0.2869101746730824,0.3235040304734095,317.7904767572351,3.2895026708313027,1.4481704371633588,1.1202517348606196,259905.00000000003,1.0,1.1007462335389528,0.9795653823269972,26.537186172382526,1.6605653810426053,26.908402692077257,2.3424060464513565,1198443.8500022285,283248.83695896436,259308.77391468076,38.01758756668385,823161.6173298004,197395.83608497854,259878.46281382765,1.6605653810455643,927669.9399304362,272363.7964063599
1598,298.2898594328218,3.4539393074587386,317.344194850362,3.6745697835850404,320.01701673753786,3.447756298995439,314.60906139058324,3.6590300440875123,34.9719789709891,15.96714927983956,0.4535590677260121,0.4620633261192903,259905.00000000003,1.0,32.30294323667315,15.091030702495473,597.6564155555244,39.02398223680731,595.4409388889345,38.34034719996873,0.26664889305292977,0.3217408348548207,317.6106351845527,3.5046099647240787,1.2931831498227877,0.8930908824193292,259905.00000000003,1.0,1.080502725532537,0.992198697968022,26.319259772432126,1.3975965881331702,26.56097848845285,1.6475696088067049,1170195.4312783964,280701.8058447236,259307.3435844445,39.02398223681134,796281.8914987609,206297.7343203446,259878.6807402276,1.3975965881354737,906333.8359838447,273618.8896648775
1599,298.0308455268332,3.69349952513431,317.06863590443317,3.9294325262361953,319.74512143486106,3.759517272918552,314.3594839707344,3.868653261032794,35.52131920661244,15.752248782234373,0.4297845252694247,0.46656853410659355,259905.00000000003,1.0,32.327569608362126,15.061677920609313,599.4621170013997,40.7076977870564,596.6981519284188,39.16178186820861,0.25357684133974906,0.32442094984553127,317.39923072056274,3.737291320933618,1.218493019568966,0.8710990291471649,259905.00000000003,1.0,1.0709617082695282,0.997046011828418,26.16743341952983,1.2725283587167444,26.3482980641626,1.3808117831991713,1149495.3501856083,283818.40387817187,259305.53788299861,40.70769778706082,778259.0322684998,214420.81649781603,259878.8325665805,1.2725283587177922,890351.6795448767,275054.3813119284
1600,297.7913162200533,3.8808492431888495,316.8138064370231,4.128749394396035,319.4606033210428,4.047790124833912,314.1372434099377,4.023176402472696,34.85086515429734,16.364541607583124,0.39471847711237856,0.4576399960340127,259905.00000000003,1.0,32.4729869146596,14.882052061940561,600.3452767639251,41.56110907913701,598.3621170013997,40.664196304665985,0.23331555971959642,0.32049014027315414,317.1768182616491,3.9506426383391355,1.1663561923933659,0.8961473536050498,259905.00000000003,1.0,1.0666666666666667,0.9973455538000643,26.06774389380313,1.1469749517214882,26.20076675286316,1.2537920324449736,1119848.1726791658,297074.2933877934,259304.6547232361,41.56110907914032,759753.1862853059,224753.23143716337,259878.93225610623,1.1469749517215164,864286.9593537799,284779.84866971953
1601,297.4381810894089,4.200463060086628,316.4381139477205,4.468779249108052,319.1697623347295,4.317158589784172,313.8234464700802,4.295996360651251,35.74378605700641,16.503906530233987,0.3695253077433034,0.45788050322942353,259905.00000000003,1.0,32.303299494930144,15.052523794755478,602.3162380182581,44.248153895039756,599.2452767639252,41.54270019719935,0.22024350800641573,0.3217828415097675,316.9366020121465,4.141843959322746,1.1749806056465317,0.900324481014772,259905.00000000003,1.0,1.238724902448093,1.318593765742519,26.13148819060469,1.3152816570222874,26.10107722713646,1.1292000338584685,1107635.8099538672,287305.2569279929,259302.68376198175,44.24815389504315,743776.4936207373,220718.39263836245,259878.8685118094,1.3152816570231622,844857.6387650238,276297.35990757414
1602,296.9761817949519,4.6026624266559795,315.9466031735847,4.896670284177514,318.7912319830119,4.671926405417379,313.393433189423,4.7030578327902255,36.552853355657874,16.348462615463003,0.34285657698260535,0.4552313789113351,259905.00000000003,1.0,32.020989322836,15.223425386615942,605.4052454740973,48.61209338699073,601.2162380182581,44.2815414237549,0.20954101726300897,0.3236476205004306,316.58116969183067,4.453874579341631,1.1568817880199262,0.8835099003172712,259905.00000000003,1.0,1.465623389293402,1.7959012203629803,26.440229791878167,2.290911362475748,26.164821523938024,1.2981181978112173,1107022.3542285925,286898.28149077465,259299.59475452593,48.61209338699398,736558.9019835134,218978.96803605242,259878.55977020814,2.2909113624755917,835873.2089582494,274991.79495809466
1603,296.45128559282523,4.971701132135286,315.3881771962558,5.28928325131082,318.3326117730356,5.0833004683072724,312.8765658946271,5.158952565251343,37.3682022884015,15.942914328427523,0.32453854960927714,0.45767773610979495,259905.00000000003,1.0,31.926648346494105,15.252633848251287,609.4222608663955,53.601583966510184,604.3052454740973,48.7146955867488,0.2042950416028614,0.32579063869676894,316.1253641228604,4.9234539682109855,1.1516225203114203,0.8798103093363809,259905.00000000003,1.0,1.7183036944377381,2.269735845653529,27.006910966004483,3.9145180689857124,26.4735631252115,2.2764286425636273,1119862.0266595155,297617.00881065044,259295.57773913362,53.60158396651283,740975.0088188167,222335.85745943678,259877.99308903402,3.9145180689834533,831536.8566982413,275306.9884595438
1604,295.97940597006743,5.153813905491401,314.8861546920991,5.483029162152115,317.9075239245067,5.351287609429554,312.35423717077254,5.463390150304198,38.07146287205027,15.456311438821078,0.309541017263009,0.46078845020343595,259905.00000000003,1.0,33.474947448396534,16.619711048941582,612.6092352727862,55.91669162731263,608.3222608663955,53.779716616255236,0.2,0.32766351244169195,315.6417114795755,5.2968384977630985,1.205659998421562,0.9302068518779011,259905.00000000003,1.0,1.953857203586772,2.5807744244079744,27.755108171169695,5.670535533392442,27.040244299337818,3.90105405577706,1144972.9342791145,315293.9346726228,259292.39076472723,55.91669162731482,757091.1362051625,235969.4138556866,259877.24489182886,5.670535533388051,828091.9485337291,277130.30463984143
1605,295.5544940277366,5.211931241019003,314.43410018438607,5.544858755193684,317.5224699965102,5.514881324655253,311.87726145842964,5.5881987910052064,38.79429333311846,14.739449094318788,0.3042950416028614,0.4634685837489479,259905.00000000003,1.0,34.77686007334889,17.202424575876346,615.2223734909529,56.7797399625126,611.5092352727862,56.152093748284415,0.2,0.32766351244169195,315.19865463365716,5.486126051325562,1.2569351088611371,0.9469463114816876,259905.00000000003,1.0,2.156270896399268,2.7317444445838555,28.654443958707823,7.443041149564269,27.788441504503027,5.656690239167473,1175322.9773605003,319012.69355664635,259289.77762650908,56.77973996251449,776011.0725317978,241466.51786487154,259876.3455560413,7.44304114956507,831080.3250443636,274623.7031310746
1606,295.2530900370022,5.102285243130495,314.1134430866976,5.428208682981539,317.1958482889347,5.493403828638261,311.4999959376541,5.500773522650472,38.79522941046352,14.737803095231804,0.30000000000000004,0.4657419828001094,259905.00000000003,1.0,36.52432373478771,19.089064840007573,616.0932791666287,56.38705184786434,614.1223734909529,57.06371213069113,0.20955879087674592,0.32580535620871226,314.81751118811883,5.532339614687791,1.300450787168919,0.968705350033873,259905.00000000003,1.0,2.2778141056742145,2.7487578704400053,29.63180727721312,8.970675023127862,28.687777292041158,7.428324819417363,1211788.8127690947,327067.1313567781,259288.9067208334,56.38705184786661,802851.1769618581,260212.35638204048,259875.36819272282,8.970675023126994,836755.4373612881,269056.09369603137
1607,295.0700541259623,4.944586142087477,313.91871508696283,5.26043576546918,316.9821709490713,5.395966154631891,311.2440873662089,5.314362826702584,38.70347823405258,14.910470393460658,0.41470549052095085,0.7351459513962545,259905.00000000003,1.0,38.1129199136283,20.03488342332153,615.169131996532,57.44779134497949,614.9932791666287,56.69047582452007,0.21738486692977904,0.3234090336076902,314.57227049819676,5.449307170554522,1.3466278591785845,0.9607173710233745,259905.00000000003,1.0,2.3647945068747904,2.728996380967123,30.649973924909325,10.27942919712307,29.665140610546455,8.954705694350965,1248335.7611754944,327408.12877354736,259289.83086800348,57.44779134498191,833399.7033006804,280596.3362279741,259874.35002607512,10.279429197121559,840005.6541885217,265679.48806650453
1608,294.92340962515823,4.7372571186860615,313.7627034018777,5.039863126236602,316.81014952794163,5.234850733856072,311.0857792199572,5.112016414399665,38.65812411984839,15.000251187461743,0.4895008214038564,0.8560650378560541,259905.00000000003,1.0,38.50502118057726,20.297561035855644,613.7327341143992,60.10170008379864,614.0691319965321,57.7274279008037,0.2237923160703244,0.3208476886866438,314.4274758700566,5.327108463282493,1.3618003837204904,0.9579580597062248,259905.00000000003,1.0,2.411392657730679,2.7012951820912745,31.699566198919513,11.340896003432645,30.68330725824266,10.262075322810757,1273476.9727567476,312676.67844626284,259291.26726588563,60.10170008380187,854457.4132998709,284298.33402291615,259873.3004338011,11.340896003431379,843323.5918735461,261248.47707628828
1609,294.7624036584145,4.489957151867235,313.5914127670514,4.776766122760439,316.56537733049123,4.943200165252815,310.90327268367355,4.84015740521911,37.797944639309364,15.753854677362417,0.5507380589843346,0.9180530748896842,259905.00000000003,1.0,38.14122472137517,20.379151487815705,611.7387159733491,63.87382436670565,612.6327341143993,60.341963103077624,0.19080312822348836,0.2693992185367282,314.21653519033373,5.071196471245765,1.394875346441703,0.9544552979276021,259905.00000000003,1.0,2.47722971244191,2.6643131042392785,32.78192056491972,12.216322717739622,31.732899532252848,11.32197252244414,1289436.8426890618,301843.6705734329,259293.26128402667,63.87382436670926,868191.7172091309,282963.21461991756,259872.21807943512,12.216322717740312,847573.0347387232,257736.02246591606
1610,294.63409822256364,4.29679721792885,313.4549114120505,4.571267366317312,316.2987816701331,4.570965021057141,310.75456737111057,4.621008905500432,36.45017991963658,16.433403454388085,0.6008748686250147,0.9492011592016105,259905.00000000003,1.0,37.77700634769046,20.571392024233333,608.7110146766703,69.06706404343193,610.6387159733491,64.06454157447016,0.17335265649096318,0.23386668964724075,313.98417607072383,4.736923418565602,1.4219548355784675,0.943827981119408,259905.00000000003,1.0,2.5276160511800603,2.6299206386620892,33.887581780521316,12.928007915236531,32.815253898253054,12.195697407429273,1283650.7461233581,301352.17495246505,259296.28898532336,69.067064043437,865927.0347067119,281546.69164019765,259871.1124182195,12.928007915237071,833846.2028328442,252758.6957255979
1611,294.4817522038808,4.101022606892058,313.29283377490594,4.362987070383802,316.0389830310074,4.232897900574081,310.5865097897774,4.378914040726092,35.31398612898856,16.698431242085665,0.6419234165390562,0.9629294070612193,259905.00000000003,1.0,37.04445193274685,21.277853718064296,605.2386254563729,73.7771391559517,607.6110146766703,69.19370457607045,0.15554893598181485,0.20558665286110359,313.77152552214113,4.4228199051284,1.4466514716970997,0.9233282894958734,259905.00000000003,1.0,2.5618359309479644,2.602433089079711,35.00276623977218,13.499024762588773,33.92091511385465,12.905565879433826,1272488.0910233825,302011.4845642109,259299.76137454365,73.77713915595412,859260.1841062492,279833.2478849901,259869.99723376025,13.499024762589029,821900.9504323647,243652.09301101937
1612,294.3423574225309,3.952985992915887,313.144534729882,4.205494468793302,315.77244163293284,3.91432332380284,310.43205186775214,4.179184219971005,34.137202082455964,17.027359931811528,0.6237745424565875,0.9699350238747276,259905.00000000003,1.0,36.44424095933033,21.915956117685454,601.207812037042,77.87677670334322,604.1386254563729,73.84221692570239,0.15053127335851582,0.1951941107455349,313.5687456057273,4.145291990371037,1.4668713671850002,0.9028076467669387,259905.00000000003,1.0,2.582819833588555,2.5835335638692354,36.11871470617573,13.934850706686845,35.03609957310551,13.47468004369385,1251320.0921021167,296119.95226272143,259303.79218796297,77.87677670334433,845932.1007128485,271754.4687317164,259868.88128529384,13.934850706689247,804769.5839535093,216515.46419323678
1613,294.2693377693713,3.8771488842273625,313.0668507013444,4.124813072484244,315.57707313055994,3.6842292590519214,310.2839490095954,3.997239883696698,32.77885039669773,17.228801554516334,0.6159484664035544,0.9741200599097584,259905.00000000003,1.0,36.836798359574445,21.65179397792396,595.4339156077617,82.43960260092557,600.107812037042,77.8795577337216,0.14642315866025096,0.1884297680825439,313.3554248261997,3.8768505455007283,1.5286941462439747,0.8614505134681187,259905.00000000003,1.0,2.5904412091232545,2.576855290857382,37.180461769055015,14.212945105351913,36.15204803950907,13.908502255576876,1240829.7837574806,294707.2426963554,259309.56608439225,82.43960260092777,844471.7809323786,270917.9342617478,259867.81953823098,14.212945105353837,792670.4605148843,201153.75455580317
1614,294.32419320398793,3.91023631226672,313.12520992677025,4.1600138681335235,315.4854672682821,3.583419442510115,310.28564483067754,3.9988176756595433,31.50680516089935,16.836702188132747,0.609541017263009,0.977629166429673,259905.00000000003,1.0,37.014270800889314,21.56452058905222,588.2169089505087,86.35574779991413,594.3339156077617,82.36249539822535,0.15712564940365772,0.18894395041339362,313.25263736517354,3.743240348197237,1.5174504717325252,0.8649258126499517,259905.00000000003,1.0,2.5443799695632374,2.611323652677962,38.20739126688572,14.35757242077269,37.213795102388346,14.184532259052892,1219841.8366948199,290513.88897960255,259316.78309104952,86.35574779991715,841417.4009931224,270166.5085816006,259866.79260873314,14.35757242077518,773401.1468436944,167654.20051509002
1615,294.4296251047603,3.9704190344035886,313.23737612990465,4.224040666139142,315.4964466666322,3.5921419780975343,310.3675153897398,4.0647375300012225,30.762806829295467,16.975194957458353,0.6138538324796073,0.9758494398252019,259905.00000000003,1.0,36.69569933316438,21.670583559707218,580.5701626141602,89.84539144585322,587.1169089505087,86.18690641625224,0.16237162506380529,0.1866012401870243,313.2718213851903,3.7598195689178477,1.4986861387556567,0.872275095558,259905.00000000003,1.0,2.4684330527035763,2.6436305114554566,39.177138180833644,14.440703751291542,38.24072460021906,14.326974905195772,1208814.053112183,297541.92085792235,259324.42983738586,89.84539144585686,845066.1457362557,268257.60133083805,259865.82286181918,14.440703751293867,764882.189828169,164582.5306634045
1616,294.61664128068617,4.02944307317044,313.4363380636336,4.286834947614377,315.60300506060173,3.6478515593389083,310.53387279842883,4.165341346729152,29.926242848053334,17.14079489679523,0.617384866929779,0.9742242791186522,259905.00000000003,1.0,36.39148989494536,21.834625484580908,572.3875307003384,92.56076595167914,579.4701626141601,89.58604290648262,0.16666666666666669,0.1842025040000257,313.3637260036286,3.8102347979297804,1.479806719640487,0.8850897802017662,259905.00000000003,1.0,2.3584590218853854,2.66630063715836,40.055790483078546,14.51858804686524,39.210471514166976,14.407962029774676,1197319.8686255252,309114.3706215459,259332.6124692997,92.56076595168294,848375.5276520532,265296.21321170864,259864.94420951695,14.518588046867333,755474.6289108112,166621.23192799077
1617,294.7898452045602,4.13772877106931,313.6206054690765,4.402037580250153,315.72568477693443,3.732883433647834,310.75055686311555,4.291304340068899,29.51184193956281,17.199544204058622,0.6237923160703244,0.970649301143648,259905.00000000003,1.0,35.19159683599373,21.0741182554292,564.9839834878371,96.06323782344195,571.2875307003384,92.20812096311312,0.16666666666666669,0.1842025040000257,313.52599091604594,3.8828024541195596,1.3687616498431903,0.7807118784908537,259905.00000000003,1.0,2.2493023190610946,2.686312936372936,40.93633115229645,14.519190257421126,40.08912381641188,14.483930653760455,1195097.8804151413,310551.46820184356,259340.01601651218,96.06323782344415,855314.0125444822,263368.4629008553,259864.06366884772,14.519190257422459,754263.0522107201,167014.2239493218
1618,295.0148906846427,4.2752138337486905,313.8600258041779,4.5483048136296205,315.8643615969819,3.861210858843276,311.0149825455285,4.4618567214804195,28.378982797182264,16.806926627921428,0.629038291730472,0.9675821372392321,259905.00000000003,1.0,34.25026357490591,20.836209776283603,557.383664418383,99.35478775731299,563.8839834878371,95.63544524303222,0.16666666666666669,0.1842025040000257,313.6973004262941,4.017947087126438,1.2637797056384046,0.7007756985638175,259905.00000000003,1.0,2.1730076430770118,2.696161718920998,41.845559089735055,14.46262578350765,40.96966448562978,14.482437885137,1184641.08610175,311666.9445849924,259347.61633558164,99.35478775731484,855997.6373238033,263449.4842449353,259863.1544409103,14.462625783509406,739193.1824239942,156926.13089869948
1619,295.2065205681534,4.451826850280351,314.0638963279229,4.736199338425799,315.999543981632,4.001427717011287,311.23328340787805,4.6688064801047355,27.696737672432306,16.995895411153832,0.6333333333333334,0.9649760594050922,259905.00000000003,1.0,32.92154036579785,19.991982694662443,550.4255283916841,103.35330413258076,556.2836644183831,98.85377735892723,0.16666666666666669,0.1842025040000257,313.88787657059737,4.1884676758314745,1.2432041270138192,0.6784369803023291,259905.00000000003,1.0,2.1246087761367707,2.7061273951921447,42.726963738858004,14.327529666497838,41.878892423068386,14.42355575246421,1176212.4476351426,314291.17551693827,259354.57447160833,103.35330413258288,852759.3822503338,262923.49124927324,259862.27303626118,14.32752966650014,729445.8750337922,155970.59752268897
1620,295.41546048542864,4.6484156061207225,314.28618282649694,4.945345703372214,316.1195576752966,4.1435765670630085,311.45733034903765,4.887215935221963,26.42278846042948,16.834046348903687,0.6333333333333334,0.9649760594050922,259905.00000000003,1.0,32.08596827148718,19.801322982562063,543.029015247293,107.48184673529093,549.3255283916841,102.79477207083788,0.16666666666666669,0.1842025040000257,314.0462098735267,4.347291280389963,1.229874750677509,0.6717058756657671,259905.00000000003,1.0,2.099049065942714,2.7169436106295164,43.59613805412321,14.101608539709702,42.76029707219134,14.285962893956889,1165082.6801707812,316256.3754818817,259361.97098475273,107.48184673529356,848392.8672835875,262219.99493712507,259861.4038619459,14.101608539712107,716333.3021363749,146542.57916025864
1621,295.6151793427199,4.853584848648596,314.4986594157583,5.163621045293783,316.2518168566211,4.313097244842783,311.6604265631137,5.104580933713926,25.53810714763684,16.965659922336286,0.6333333333333334,0.9649760594050922,259905.00000000003,1.0,31.103457504296568,19.513758532956786,535.7303315573,111.82927733858642,541.9290152472931,106.86614816626648,0.16666666666666669,0.1842025040000257,314.2198966168095,4.539017119932524,1.2667555347353514,0.7130762531391452,259905.00000000003,1.0,2.086146167520393,2.723774009763417,44.41552868690825,13.753825786751287,43.62947138745655,14.057241899253416,1163090.4322786117,316844.5009540353,259369.26966844272,111.82927733859053,849828.0221883113,262400.2008491304,259860.5844713131,13.753825786754232,711895.2399473995,144316.9458290673
1622,295.80518402777096,4.996766609001392,314.70080157779523,5.315949335831204,316.4312971187933,4.497213413463418,311.91026015464894,5.294894792521213,25.075493552361245,16.94819194756603,0.5855393789496038,0.9445607855531414,259905.00000000003,1.0,30.49072036924861,19.771340192117545,528.629565361463,115.31107870895458,534.6303315573,111.16295569555939,0.14754908491317487,0.16971212264394417,314.39132017902944,4.709283375701986,1.322557002424509,0.7326211916578816,259905.00000000003,1.0,2.0634975513167295,2.73510502842984,45.15646923580047,13.341996053463108,44.448862020241585,13.706272304328559,1158400.0125876067,315779.0156450212,259376.37043463855,115.31107870895842,851038.4324673814,262655.59096169047,259859.84353076422,13.34199605346637,708534.8725212128,137668.7576226455
1623,295.9276931863306,5.091358784880338,314.83113675588845,5.416584197737005,316.5737359892969,4.620518814245542,312.12013050609124,5.446115458520743,25.056953973533798,16.95576317315153,0.5464089986844383,0.9335355334286118,259905.00000000003,1.0,29.018216323775015,19.61559849974015,523.0218940125374,118.374047392489,527.529565361463,114.59450230041335,0.13189693280710865,0.16038649449168005,314.5676515148744,4.852088086446254,1.3682433800885097,0.7388025590063441,259905.00000000003,1.0,2.031879159193372,2.7523260894404578,45.82010501490534,12.88016599539095,45.1898025691338,13.291047214216233,1155799.1568811084,316418.2947992418,259381.97810598748,118.37404739249185,854264.1525287771,262620.9990561997,259859.1798949851,12.880165995394798,717401.1194097744,146348.97730047064
1624,295.96819680112577,5.113859361592319,314.8742280481105,5.440522274521473,316.6750262296354,4.6971151585799165,312.25575315052345,5.518290630763185,25.959963485828403,17.33745160334657,0.5143717529817114,0.9284666398661107,259905.00000000003,1.0,28.031644558828074,19.952778054930327,519.3358411865561,119.88464020533918,521.9218940125375,117.62188526808143,0.11908203452601793,0.15477231807170105,314.7195968790162,4.9587043780625635,1.3880658092487022,0.7258777940737616,259905.00000000003,1.0,2.0059922091991003,2.7681463525175136,46.438031414855736,12.374490902128398,45.85343834823867,12.82559883373714,1162066.405671329,315223.5819520365,259385.66415881348,119.88464020534188,856900.0448572726,261799.77197232246,259858.56196858516,12.374490902132907,733436.484053566,163929.16373810897
1625,296.0153473742111,5.122931816653683,314.9243909120198,5.450174334145474,316.74740621644924,4.731286099888743,312.3786531239958,5.547409245372593,25.20672964658032,16.04297304044671,0.48814187468097364,0.9270168105214278,259905.00000000003,1.0,27.18621726270275,20.362627546284376,515.7682116957526,120.16045042379338,518.2358411865561,119.10680420232612,0.10859008320572278,0.15168802464808978,314.80477340085844,4.994367016104481,1.3756186689726237,0.729439495133008,259905.00000000003,1.0,1.9943565580121445,2.774829861351167,47.066328094772,11.756346178703978,46.47136474818907,12.31595383428352,1153603.5598177037,311716.49685819267,259389.23178830429,120.16045042379588,853801.522558159,262415.43798932724,259857.93367190525,11.756346178707854,733739.7973751221,164598.45233522166
1626,296.086375693673,5.123599316492033,314.9999563994262,5.450884467690871,316.83160275474575,4.747036469676374,312.5286042347372,5.550762887162995,24.355125160318423,14.803644366555107,0.4666666666666667,0.9276498607289703,259905.00000000003,1.0,27.00298494619965,20.42542598981017,511.86912534213735,119.63155510142069,514.9836517946852,119.4666520352749,0.1,0.15024256897261093,314.89290921915415,5.014623411333181,1.3478453992106632,0.7549462163333447,259905.00000000003,1.0,1.9787877843225614,2.7836281658253577,47.70509655593693,11.042366651301085,47.09010263722859,11.71069171813269,1146673.0953126024,311344.2837664826,259393.1308746579,119.63155510142333,853555.2306749279,262529.2032331409,259857.29490344407,11.042366651302611,735053.8037710828,166425.5038727634
1627,296.1913615959249,5.101433613581001,315.11164863927496,5.427302757423611,316.9488755157977,4.72997939361649,312.6921839925826,5.536328704043852,23.461859640978258,13.811812930678775,0.4666666666666667,0.9276498607289703,259905.00000000003,1.0,26.861436781673305,20.500116266579617,507.47658214345836,118.14999213140672,511.34282595082004,119.07182890565639,0.1,0.15024256897261093,315.0443371323703,5.004459157283996,1.328623051789027,0.7788287383391712,259905.00000000003,1.0,1.9730741158072123,2.787231332896494,48.355955069095664,10.213754261360032,47.72104502234048,11.00859819173743,1144318.7392926249,313229.1119727739,259397.52341785657,118.14999213140848,894181.4046823864,297335.4829811003,259856.64404493093,10.213754261361702,777914.9455286878,276147.4889016693
1628,296.3222411745653,5.023596053429357,315.25088846530303,5.344493108377133,317.07005022175343,4.666073274381951,312.84248045428086,5.476844421757822,23.06759919590112,13.332102560165811,0.4762254575434126,0.9241462012057408,259905.00000000003,1.0,26.96391665012274,20.41280041734643,502.789185662014,115.27694977174984,507.16172857377904,117.75639675576103,0.1,0.15024256897261093,315.18594741795636,4.948060615736916,1.3224439156853303,0.7865553521577703,259905.00000000003,1.0,1.9719126423268145,2.788006177235811,49.010669771397296,9.244753625383273,48.36549608635867,10.19120699972248,1149965.8329681093,308014.6179443935,259402.210814338,115.27694977175072,930363.8033335007,293836.80010374443,259855.98933022862,9.24475362538407,817936.1108617566,328693.4641916426
1629,296.4998321658743,4.925091236549031,315.439823551416,5.239696111352374,317.22837066659815,4.560776890419804,312.99822097335897,5.390874303883297,22.48270338072978,13.05970690144849,0.4840515335964457,0.9209628868874321,259905.00000000003,1.0,27.624864005244444,20.343467001296617,497.0212371310085,111.3189640792932,502.6474492891196,115.07742293078292,0.1,0.15024256897261093,315.3008974566565,4.874507242470824,1.3173848669297792,0.7932421454083508,259905.00000000003,1.0,1.9614029173927823,2.7945504633021825,49.65898286346316,8.118333347537106,49.014964813000155,9.233250533592395,1163020.8883091726,301258.2091550074,259407.97876286902,111.31896407929322,970745.6462969148,305059.8954884186,259855.34101713655,8.118333347540428,854229.9762208138,365792.63222629746
1630,296.68426674978144,4.832374769118716,315.63603909010556,5.141057424283701,317.41056583345556,4.431887894581316,313.1594585496282,5.316171721824636,22.74293542249004,12.898826588838311,0.49045898273699107,0.9181434152609984,259905.00000000003,1.0,28.140842041063912,20.25303145644949,491.13287152969764,107.46718680423204,497.0212371310085,111.3189640792932,0.1,0.15024256897261093,315.4437951998529,4.787560124890857,1.3237923160703244,0.782943463546859,259905.00000000003,1.0,1.930164217983396,2.8115807962341295,50.26535476537623,6.882989498915081,49.65898286346316,8.118333347537106,1179340.6710946811,280241.0439728691,259413.86712847033,107.46718680423338,1004220.7716789485,292015.6173785145,259854.73464523465,6.882989498919874,888457.124333603,368440.0029962992
1631,296.9771644376479,4.597510355605898,315.9476461257678,4.891190729876376,317.6138431379694,4.274651555459503,313.4054558010623,5.130303629646475,21.54218663945534,11.790269579434765,0.49570495839713863,0.9156907901580474,259905.00000000003,1.0,28.470423775445333,20.116985150613132,483.7089294353105,100.93274976003052,491.13287152969764,107.46718680423204,0.1,0.15024256897261093,315.6023185501066,4.690495225395744,1.2716855464699968,0.8072652245515674,259905.00000000003,1.0,1.7360463809553581,2.7334540205936113,50.72971559986159,5.879188483452158,50.26535476537623,6.882989498915081,1176716.5972452944,280830.26400246524,259421.2910705647,100.93274976003174,1028417.9436149995,284471.55267921597,259854.27028440015,5.879188483456536,909583.0870833178,374289.43444643327
1632,297.3527190244125,4.157435414546082,316.3471900918839,4.423005105638189,317.89552252056086,3.970805159611516,313.7633676355895,4.742149131299375,20.69237524487617,10.909668189555374,0.5,0.9135852807284426,259905.00000000003,1.0,28.52843390922434,20.09143270914068,475.3728707709623,91.14347879593768,483.7089294353105,100.93274976003052,0.1,0.15024256897261093,315.8720210554769,4.4517526164125885,1.2194653408779135,0.8292771318415045,259905.00000000003,1.0,1.4719694384153188,2.486746090577701,50.982219697398996,5.385577088525567,50.72971559986159,5.879188483452158,1166564.9974921343,282384.1774685719,259429.62712922908,91.14347879593812,1030008.0168234588,282602.1114936403,259854.01778030262,5.385577088529901,909225.7479999707,374457.7345786274
1633,297.778442945955,3.515386344791889,316.800108474071,3.73994240014521,318.2541951133712,3.4464062161319284,314.2179098492509,4.104902491949464,19.71707449253375,10.28183471197144,0.5,0.9135852807284426,259905.00000000003,1.0,28.308728590789645,20.155990077070648,466.2812166727064,77.55942974815513,475.3728707709623,91.14347879593768,0.1,0.15024256897261093,316.2621441282029,3.9350982689112532,1.1636357791048622,0.8535826131190297,259905.00000000003,1.0,1.1697324064882684,2.0432680050640264,50.9883163247824,5.377283412858772,50.982219697398996,5.385577088525567,1147504.012018175,275389.06784914224,259438.71878332732,77.55942974815531,1025843.3307850655,284474.81044164975,259854.01168367523,5.377283412862608,910606.5579802721,373923.77172031323
1634,298.15658120024676,2.8998916285064644,317.202401136148,3.0851309835255107,318.5841052447757,2.9204199022778004,314.68641303117676,3.374406031762806,18.75309435700237,9.878893540532344,0.5573527452604754,0.9348731254558186,259905.00000000003,1.0,26.51271787233,18.70482917024231,457.96424041211833,64.15472330234903,466.2812166727064,77.55942974815513,0.1,0.15024256897261093,316.67362131145046,3.2892589878628953,1.0701324455666688,0.8205728079535294,259905.00000000003,1.0,0.8875629728696087,1.5180628069853477,50.80574685208534,5.52140950350262,50.9883163247824,5.377283412858772,1123160.3472027518,254760.57108226285,259447.03575958792,64.15472330234924,1018247.502480562,283307.2170639947,259854.19425314793,5.52140950350652,919523.917738803,370342.05181685823
1635,298.3654789659392,2.3737790732788637,317.4246424965612,2.5254123258567964,318.87788671950085,2.39225236255956,314.9854970447671,2.6809123021055394,20.39485739442687,15.263210663214346,0.6043092015786742,0.9412690831028847,259905.00000000003,1.0,24.918995039933005,17.676160281893708,452.8357935650335,51.413361153007145,457.96424041211833,64.15472330234903,0.1,0.15024256897261093,317.0442383593648,2.678701607938647,1.2134305810487978,1.2856899201319123,259905.00000000003,1.0,0.6540163544026939,0.9920759211163289,50.24633262543924,5.996745786123141,50.80574685208534,5.52140950350262,1136312.9196984496,290705.6565326234,259452.164206435,51.413361153008,1019704.1946920833,283946.2239070202,259854.75366737458,5.996745786126425,964391.568808199,415444.1306580804
1636,298.29282440467966,2.577863806255747,317.34734643233594,2.742534872888517,318.9725561417385,2.191615517199059,315.02643667205234,2.565967663115173,23.061852636227314,20.241549282951038,0.6427538964219464,0.9392870262946861,259905.00000000003,1.0,22.65982122601588,14.295595699452583,452.595071078823,50.69276206732373,452.8357935650335,51.413361153007145,0.09044120912325411,0.14703861238840174,317.2214283385869,2.2446036299754395,1.3422932764260778,1.570359296798951,259905.00000000003,1.0,0.5356600340914218,0.6960416494138276,49.43969938310458,6.748250316910724,50.24633262543924,5.996745786123141,1161240.857407313,371311.6814780134,259452.4049289212,50.69276206732641,1010007.4329102943,276751.4518879759,259855.56030061693,6.748250316912321,1023693.7303839007,490817.44349717716
1637,297.97782969916085,3.2749624240510666,317.01222992186916,3.4841635896845857,318.82525943362896,2.5046846324440146,314.81454616111336,3.0897790038906523,26.14348385581695,24.777381084594627,0.5595242598618809,0.779866046834917,259905.00000000003,1.0,20.626915586968856,10.913825440690722,457.5521150878092,64.72370412037058,452.595071078823,50.69276206732373,0.08261513307022099,0.14532936380974318,317.10548908178885,2.549290686663604,1.4608724015787347,1.7359763314319239,259905.00000000003,1.0,0.4774393839375669,0.5351327427679902,48.456266365463414,7.642720951859995,49.43969938310458,6.748250316910724,1192801.5306946551,456330.8893110248,259447.44788491222,64.72370412037111,995253.8315450663,263945.58682505006,259856.54373363455,7.642720951860419,1088843.7647801351,560033.4477049365
1638,297.4771794502385,4.093676285005342,316.4795984853456,4.355175692525001,318.48639525016233,3.08315523832226,314.3818129829207,3.8459180277156033,29.066890298839237,27.729581216192514,0.4913815968426518,0.6551101443019899,259905.00000000003,1.0,19.600774165068817,8.540956549974878,466.526849624737,84.67369330952575,457.5521150878092,64.72370412037058,0.07620768392967563,0.14456566402130896,316.74779766351173,3.2587883182360007,1.5710320515370555,1.8348818995765501,259905.00000000003,1.0,0.4614206910065191,0.5092024245973833,47.34665500493288,8.638096076288003,48.456266365463414,7.642720951859995,1237624.9090975686,541285.2631657498,259438.4731503753,84.67369330953078,991436.9907808613,261583.46682161005,259857.65334499508,8.638096076290166,1154685.5569087379,608659.9657290595
1639,296.8873748981154,4.999680534290724,315.8521178578732,5.319053761412598,318.0301377766992,3.9219337532014533,313.8358990589231,4.74938969692972,31.528721396285555,29.416999995440623,0.4144922071561075,0.5636913997311886,259905.00000000003,1.0,19.45918060157402,8.423478955804223,478.1818982122924,106.3758791835043,466.526849624737,84.67369330952575,0.07096170826952805,0.14437390180163723,316.2668392187681,4.129697226249022,1.6788055579362982,1.9393495486689851,259905.00000000003,1.0,0.47193041594055124,0.5436127537601648,46.13977986293713,9.617580616199518,47.34665500493288,8.638096076288003,1283840.494283727,604045.4807792443,259426.81810178774,106.37587918350722,987405.3902598146,261730.25031734223,259858.86022013708,9.617580616200206,1212041.2077203589,644531.3622626595
1640,296.28148950058744,5.757752246233812,315.2075290701103,6.125550033660665,317.4926003213566,4.809770038732327,313.2653966607453,5.527071550431618,33.14366161844502,29.470987815313045,0.35154049923433667,0.49461786253742307,259905.00000000003,1.0,19.47851347163781,8.430290409353967,491.4955058598653,126.4267925385647,478.1818982122924,106.3758791835043,0.05710787578992077,0.1293168671938993,315.69776128640757,5.039317413277375,1.6957227320108756,1.9395392905191142,259905.00000000003,1.0,0.5318454879801753,0.7294435069931057,44.97590261890643,10.25656120213653,46.13977986293713,9.617580616199518,1313554.1737485968,622664.4711780717,259413.50449414016,126.42679253856696,980903.0837076326,263725.6817729351,259860.0240973811,10.256561202135623,1249222.7354498026,647589.4296402641
1641,295.7318964255733,6.39065946265101,314.62282862388673,6.798886645001728,316.94351725478356,5.640847146075827,312.72074945271413,6.176663453248128,34.38176235679426,29.467190334766425,0.30000000000000004,0.44378462433766674,259905.00000000003,1.0,20.106603330762354,8.159621970199154,505.47066488589724,144.8034487551822,491.4955058598653,126.4267925385647,0.049281799736887656,0.12523335502219377,315.0984627556107,5.854293675115494,1.7322074070804097,1.9373773375309231,259905.00000000003,1.0,0.596500899139378,0.8506939715840189,43.8401961109654,10.675323602241242,44.97590261890643,10.25656120213653,1338987.2588333066,628913.3583361412,259399.52933511412,144.80344875518344,982156.8081981922,263083.6262833514,259861.15980388905,10.675323602239798,1273149.1223456627,644882.3021972644
1642,295.20639495150454,6.9525990495487875,314.063758955971,7.396722112435266,316.39954270034775,6.408362242078775,312.18216491340587,6.777839878040321,35.28022918842207,29.187141138849693,0.30000000000000004,0.44378462433766674,259905.00000000003,1.0,20.834006818733318,7.780739199621548,519.616887255586,160.8756112642147,505.47066488589724,144.8034487551822,0.03331555971959639,0.09558400219789587,314.51738706751144,6.554558927107,1.815914795190358,1.9527743737462167,259905.00000000003,1.0,0.6685538543618104,0.9403993692346156,42.69283517013685,11.003656954139805,43.8401961109654,10.675323602241242,1364547.5263253246,631283.6255671012,259385.38311274443,160.8756112642163,984076.2323581118,262024.46589182003,259862.3071648299,11.003656954138194,1294363.438093671,642944.2154578657
1643,294.6136095196363,7.517153137218133,313.4331072398292,7.997338932220574,315.8054190507561,7.1297181874810445,311.6221212646502,7.376374127481738,36.147325592512,28.813500501117176,0.30000000000000004,0.44378462433766674,259905.00000000003,1.0,20.987619315905288,7.977421651608552,534.4765935321926,174.29771496128737,519.616887255586,160.8756112642147,0.020243508006415705,0.06750884169594473,313.94645158569875,7.211379744502971,1.871373334573049,1.9773835285426362,259905.00000000003,1.0,0.7562221972828043,1.0426622454379866,41.577684032846605,11.285557455993482,42.69283517013685,11.003656954139805,1389106.06783956,636043.7832051358,259370.52340646784,174.297714961289,980106.5835991676,263089.3830371512,259863.42231596718,11.285557455992612,1319922.8352129313,640876.0522972544
1644,294.0170617194527,7.984803254315033,312.7984529463125,8.49486169909847,315.1714997075136,7.744692109771392,311.00000783851897,7.942416929564809,37.37594461735276,28.80489862265998,0.32867637263023775,0.4514595168737873,259905.00000000003,1.0,21.524512964960152,9.0298403876696,549.9993488119551,185.88084256574376,534.4765935321926,174.29771496128737,0.009541017263008957,0.036502219292503635,313.2867443082562,7.842653558854393,1.9454553189166823,1.9889504524541828,259905.00000000003,1.0,0.8722764374413259,1.1443880314178978,40.504505151371255,11.489906369905123,41.577684032846605,11.285557455993482,1446084.3604250834,672889.3623962136,259355.00065118808,185.88084256574476,1008751.4566186713,294619.64934085164,259864.49549484864,11.489906369905292,1370990.1045709471,659117.9133597767
1645,293.3826811125592,8.392169472109606,312.1235493688929,8.928249520434331,314.50626131883155,8.294450282574749,310.33009713092906,8.451463825298982,38.72121271478896,28.75960264105132,0.3425958099125912,0.4565316878223399,259905.00000000003,1.0,21.913318381006025,9.43211007147493,566.4646473358254,196.53278603663378,549.9993488119551,185.88084256574376,0.004295041602861385,0.02352491171310326,312.61824721374717,8.379441389705809,2.031268407732082,1.9977050574390602,259905.00000000003,1.0,0.9401524087773996,1.168594479957432,39.41338915241657,11.674485904690009,40.504505151371255,11.489906369905123,1500875.763962289,690857.9723285331,259338.53535266418,196.5327860366339,1037404.5369290321,311114.6539959588,259865.5866108476,11.674485904691013,1421109.579093463,663430.2420631711
1646,292.7102496526512,8.763917872387369,311.40816417112984,9.323744545623283,313.7980217240605,8.791705086012886,309.6253373860031,8.888519574159451,39.863484432249386,28.444530089554412,0.35399208128119414,0.4580123923559462,259905.00000000003,1.0,22.180977772381457,9.508400598322643,583.7931619144122,206.25981734362827,566.4646473358254,196.53278603663378,0.0,1.0,311.933490163346,8.859691982956148,2.0944932572698383,1.981762802711547,259905.00000000003,1.0,1.0938382882574638,1.3601126615042858,38.4127341834042,11.664367554078398,39.41338915241657,11.674485904690009,1558740.4705684087,697206.1999239586,259321.2068380856,206.25981734362813,1072051.1794569395,325809.2818710857,259866.5872658166,11.664367554080226,1479111.7236366153,663818.6122103716
1647,291.99861116837,9.033593608146,310.6510672920417,9.610646901119567,313.04677516989125,9.198966371656343,308.8912780782332,9.223975803423823,40.41797931502202,28.228469769483382,0.3633225591210915,0.45745407877088445,259905.00000000003,1.0,21.975569320628676,9.378374364026916,601.8722493496844,214.51433756723497,583.7931619144122,206.25981734362827,0.0,1.0,311.2127865226126,9.258188835366855,2.1347172809458015,1.96074167059153,259905.00000000003,1.0,1.2317502605630966,1.4707941556816375,37.509767163021486,11.486184865588685,38.4127341834042,11.664367554078398,1599037.7369747644,696891.6500210686,259303.12775065034,214.51433756723495,1095904.9479569541,337619.32228557055,259867.490232837,11.486184865591646,1524218.6288028166,653855.4475997164
1648,291.2862733493676,9.16039042167081,309.8932263618273,9.745543652914064,312.26531996370426,9.467999461831461,308.13119982025717,9.42087572996542,40.843927832667255,27.968263101893452,0.37096170826952807,0.4558069442699418,259905.00000000003,1.0,21.92750002566309,9.362199370364767,620.417715448419,220.97359064397688,601.8722493496844,214.51433756723497,0.0,1.0,310.44529296247543,9.52429623588582,2.1807251996646073,1.9318657510073947,259905.00000000003,1.0,1.324554794692575,1.5249423718027608,36.65359675804946,11.154952564049635,37.509767163021486,11.486184865588685,1625149.8900598611,688331.8909017164,259284.5822845516,220.97359064397537,1115373.7583881908,342504.25077485957,259868.34640324197,11.154952564052474,1560536.5225592959,632112.2522715307
1649,290.53225592968664,9.189877378044951,309.0910432937984,9.776914662892457,311.47171195009344,9.628880057176989,307.34603030920755,9.501047172526425,41.286022164063105,27.620173904056255,0.3666666666666667,0.45876448903163036,259905.00000000003,1.0,22.01820139135126,9.417964900040117,639.3188695544642,225.08352420417768,620.417715448419,220.97359064397688,0.0,1.0,309.6789399497563,9.63660082841841,2.1600498952830405,1.9408338946469434,259905.00000000003,1.0,1.3733955167026488,1.5338229860645045,35.866942379469066,10.760271750744229,36.65359675804946,11.154952564049635,1637714.2128162016,679147.1085044,259265.68113044556,225.08352420417444,1118913.1133340134,340177.4120532816,259869.13305762055,10.76027175074544,1582337.7521011634,608794.8416800953
1650,289.7332205187658,9.147933352099956,308.2409666659527,9.732291638195468,310.6281606544785,9.735287449328583,306.52422138999515,9.505852934599593,41.92295259636823,27.08971782335571,0.3666666666666667,0.45876448903163036,259905.00000000003,1.0,22.367140498627244,9.697454261861454,658.5080149855385,226.64996980349437,639.3188695544642,225.08352420417768,0.0,1.0,308.8763254147693,9.708399042385885,2.2377196394627727,1.9545421194427268,259905.00000000003,1.0,1.4264581913375864,1.5343683871791058,35.05568093134388,10.363181597003678,35.866942379469066,10.760271750744229,1649460.7556963563,669823.7586151235,259246.4919850145,226.64996980349082,1117459.557450313,341562.6384418516,259869.9443190687,10.363181597003926,1601230.9381115993,586656.175088714
1651,288.9001673862193,9.01349693973297,307.354699261926,9.589267363425014,309.73641403695405,9.749488388015315,305.6593393870225,9.438887411747162,42.3926705462388,26.640573157688355,0.3666666666666667,0.45876448903163036,259905.00000000003,1.0,22.855097453640767,10.061597035947491,677.6789214114699,225.44194487292648,658.5080149855385,226.64996980349437,0.009558790876745903,0.05235565385668315,308.0015032259337,9.716017491933808,2.3013102476064193,1.9957299900036967,259905.00000000003,1.0,1.4312209257956494,1.5316352045377675,34.185591609533105,10.10724977492376,35.05568093134388,10.363181597003678,1651478.917356701,668025.0055132591,259227.32107858855,225.4419448729225,1108139.0837743722,351307.33144003997,259870.8144083905,10.107249774923773,1609527.6539965537,575386.8906317594
1652,288.0907979732567,8.871935374446204,306.4936282761379,9.438662714641103,308.8517394688191,9.670517738596992,304.8009437718985,9.32000406377642,42.465667240520126,26.57715222334525,0.3571078757899208,0.4634503167052596,259905.00000000003,1.0,23.815848923305925,10.515595395839311,695.9716318528941,222.00800778611392,677.6789214114699,225.44194487292648,0.017384866929779016,0.06651138002884802,307.12238932996013,9.66269261202904,2.3880925149615253,2.054838062019401,259905.00000000003,1.0,1.4472049394266777,1.523143775047787,33.24470403399826,10.030646270817487,34.185591609533105,10.10724977492376,1648642.7859666136,670360.7526812097,259209.02836814712,222.00800778611082,1098762.1877129963,360087.75964622915,259871.75529596602,10.030646270816982,1609137.0946062114,575868.2025830701
1653,287.3098038532034,8.682902632278147,305.66274516370584,9.237554434474152,308.00202670616767,9.55332781887974,303.96269227682836,9.136926324730073,42.462581336972214,26.580084596460253,0.34928179973688767,0.46755138922923317,259905.00000000003,1.0,24.792630858059283,10.51827381150445,713.2923005320702,216.71462409941398,695.9716318528941,222.00800778611392,0.02379231607032438,0.07365431592850825,306.25157404210006,9.557903549895965,2.493862506927958,2.121514686720835,259905.00000000003,1.0,1.473366816466776,1.5063666210039632,32.22420834353708,10.178899842466498,33.24470403399826,10.030646270817487,1649878.8695874496,669238.7073629815,259191.70769946795,216.71462409941142,1090369.9704703272,367772.3329000989,259872.7757916565,10.178899842467107,1604704.67966655,581360.3143027726
1654,286.6664703310155,8.476768617506206,304.9783162473734,9.018252480462916,307.2473544564551,9.338058976763602,303.2274578387613,8.933296916529907,41.4082400366583,27.055561124740063,0.3428743505963423,0.4710817902999091,259905.00000000003,1.0,26.798937963411422,12.582704769285558,727.5587282547207,210.6551524351597,713.2923005320702,216.71462409941398,0.02903829173047195,0.07741014401074406,305.4222717607712,9.379083426252674,2.617159647087239,2.151830702052765,259905.00000000003,1.0,1.4983028324037613,1.487205755996331,31.1053515288536,10.518754504294401,32.22420834353708,10.178899842466498,1657972.8214277255,664999.3023711776,259177.4412717453,210.65515243515756,1099105.1168116916,364128.6598572402,259873.89464847118,10.51875450429555,1598363.0801385362,587715.8270628782
1655,286.0901981123587,8.289844022250048,304.36523234665964,8.819386913973226,306.6084577052499,9.091543851694459,302.5818413573233,8.718461483196675,40.94623819280124,27.16302178924786,0.33762837493619474,0.4740854109318029,259905.00000000003,1.0,28.39089573097748,12.81170405735024,739.7764423416082,204.8554170876689,727.5587282547207,210.6551524351597,0.03333333333333333,0.07929507613443851,304.74693766903215,9.165145069869723,2.7081018710263143,2.1384704172514373,259905.00000000003,1.0,1.505643441987856,1.4815523229399283,29.90289309981514,10.96336693977353,31.1053515288536,10.518754504294401,1665164.5483073555,660540.3690046263,259165.2235576584,204.85541708766647,1108446.2336493747,358643.623700286,259875.0971069002,10.96336693977509,1593320.1231881706,592867.9444293429
1656,285.51776155061157,8.089384177953942,303.7562292131666,8.60612175698976,305.9883749166423,8.85493934073501,301.9509821949527,8.483735665212363,41.28840887365869,27.133284420983127,0.33333333333333337,0.4766189809946861,259905.00000000003,1.0,29.211932195203577,12.88466413857101,751.51958568673,198.93178034104764,739.7764423416082,204.8554170876689,0.05245091508682514,0.12622881267038744,304.1053183872534,8.927991222021323,2.7825590665185405,2.08956555009501,259905.00000000003,1.0,1.511653424800693,1.4765765900944097,28.631987458097296,11.396204527973335,29.90289309981514,10.96336693977353,1676682.2408111403,652631.9937349911,259153.4804143133,198.93178034104486,1113779.9468111892,354024.28366253217,259876.36801254193,11.396204527975891,1593577.4268495685,592592.6574688485
1657,284.9274462473049,7.891218057745272,303.1282053206248,8.395297045220728,305.3678715258935,8.634920812299047,301.30380118663635,8.222762846351557,42.31592480366108,27.112789053691046,0.37156849684031695,0.4946255215978121,259905.00000000003,1.0,29.76764992494635,12.578400131288973,763.6962920686045,192.9916737595872,751.51958568673,198.93178034104764,0.06810306719289137,0.1469178379658653,303.45460246223996,8.669843222398988,2.848571113425409,2.0333660215477933,259905.00000000003,1.0,1.509541017263009,1.4785732517565755,27.273839780181405,11.833057737241042,28.631987458097296,11.396204527973335,1696524.1844016593,636051.9908498778,259141.30370793142,192.99167375958297,1082986.2658150236,339808.99186669005,259877.72616021984,11.833057737243355,1563815.1342647257,596638.2274323781
1658,284.34614247425236,7.740944563568875,302.50976843768717,8.235424227336829,304.7525707549371,8.47553467268695,300.6827550573966,8.016560453674876,42.855809526483,27.088599956108325,0.3933140101757035,0.5049999996734051,259905.00000000003,1.0,30.34952159316285,12.103862584225995,775.8092659917489,187.45275955475526,763.6962920686045,192.9916737595872,0.0809179654739821,0.15718092552988677,302.8185775715292,8.466616104995824,2.8789924848408948,2.0002747429274144,259905.00000000003,1.0,1.5042950416028615,1.4838060804517363,25.86437260308381,12.212257417619899,27.273839780181405,11.833057737241042,1727121.6412494367,621031.0983751174,259129.19073400827,187.4527595547525,1067890.6610545442,333991.44397109555,259879.13562739693,12.212257417621982,1554767.0793200592,595270.8643060613
1659,283.6831355873361,7.520918043229077,301.8044095927683,8.00134214709484,304.08170014088745,8.303656171615737,300.0532162548937,7.807003443332029,43.55037362536201,26.74579607651088,0.41111773068485186,0.5086203027539754,259905.00000000003,1.0,29.53770478348018,12.578752759244232,789.4108171029459,180.5672051051344,775.8092659917489,187.45275955475526,0.09140991679427724,0.16202391509967534,302.19485293812767,8.307579702192546,2.8968664318775366,1.9781048909283945,259905.00000000003,1.0,1.5000000000000002,1.4881050038124297,24.419921539065626,12.494152767739946,25.86437260308381,12.212257417619899,1740021.4248567016,613678.2878835697,259115.58918289706,180.56720510513134,1044911.8416889632,316775.9224069173,259880.58007846095,12.49415276774354,1548570.2929629062,594419.6476843513
1660,282.97756053966157,7.216444971165906,301.053763355772,7.677419480524334,303.34698278986195,8.09579213799096,299.3784890761075,7.509607570900595,43.974957190474655,26.43801135820828,0.4256941841848968,0.5083968429884594,259905.00000000003,1.0,28.76943386440655,13.104456070728268,804.190646244829,171.87535298432823,789.4108171029459,180.5672051051344,0.1,0.16383175622084598,301.50554534383525,8.09151363916834,2.900950934057286,1.9724460306421092,259905.00000000003,1.0,1.5000000000000002,1.4881050038124297,22.960894021547396,12.648980588758945,24.419921539065626,12.494152767739946,1756246.305490675,601224.0089200444,259100.8093537552,171.87535298432567,1031826.8709822504,310626.52444921166,259882.03910597847,12.648980588763273,1553693.1345836038,593865.8371944808
1661,282.2328506918852,6.799409622998021,300.2614826155163,7.233744341348442,302.5851028588434,7.807145809029208,298.6800631302987,7.149637235242547,44.25957522244464,26.161490696535424,0.4376283749361948,0.5060780755293468,259905.00000000003,1.0,28.823411396495757,13.092554954428469,819.1891816958417,160.48534043487948,804.190646244829,171.87535298432823,0.13823516350698362,0.25057524361831185,300.7838649312592,7.797761801224545,2.9042950416028614,1.9677135191148563,259905.00000000003,1.0,1.5382351635069837,1.4627554416103574,21.52816747678485,12.60279743356966,22.960894021547396,12.648980588758945,1774591.2214932782,588060.3690829303,259085.8108183042,160.48534043487584,1028529.5553915536,308281.2528078888,259883.47183252324,12.602797433571503,1572178.3132153829,594819.7679876531
1662,281.462245266952,6.258118300914854,299.44165206381444,6.657876029155659,301.79620469281315,7.415042755531949,297.93883262645744,6.666766372311929,44.13119697089506,26.295073080829866,0.43333333333333335,0.5093253616448601,259905.00000000003,1.0,28.930008858422365,13.037959322938192,833.9570364749811,146.39357604241852,819.1891816958417,160.48534043487948,0.8768899925983128,4.027388554737064,300.02837467576745,7.371926558196726,2.9,1.9741107672705274,259905.00000000003,1.0,1.6268922129795915,1.4468239952511674,20.188393023097778,12.263345332165628,21.52816747678485,12.60279743356966,1798470.5355974692,568815.2142838496,259071.04296352505,146.39357604241565,1041752.9704460045,303542.7494428659,259884.81160697693,12.263345332167077,1609894.0528946344,575368.0116052115
1663,280.6560296156922,5.520878126601556,298.58393679086373,5.873541890250785,300.9703523520392,6.884202260215055,297.14673254267586,5.967670612689829,44.228162793534146,26.178247744007177,0.43333333333333335,0.5093253616448601,259905.00000000003,1.0,28.876525806998263,13.081588502424163,848.8753401281837,128.26012570070236,833.9570364749811,146.39357604241852,1.4816494170849448,5.108296145615433,299.23163266007043,6.793642454525247,2.9,1.9741107672705274,259905.00000000003,1.0,1.7185960476134636,1.4272049053661313,18.940322404044572,11.646173464732904,20.188393023097778,12.263345332165628,1819562.6968806086,548403.1020788682,259056.12465987183,128.26012570070142,1046478.9345626881,301425.1645427565,259886.05967759597,11.646173464735112,1640079.0801056356,554279.252020218
1664,279.8298535849726,4.50529288465539,297.7049859952311,4.793083240520874,300.1169933903323,6.193296468860664,296.3082045739627,4.926542162327411,44.40006926624687,25.953877835785633,0.38553937894960383,0.4479417346976572,259905.00000000003,1.0,28.90826994012875,13.04949407946199,863.9816000753522,103.73117442780817,848.8753401281837,128.26012570070236,1.9767845561258919,5.650807557680012,298.39106244026743,6.014300193513059,2.9,1.9741107672705274,259905.00000000003,1.0,1.8319119607103758,1.4209889253419314,17.805567698088282,10.743792884785083,18.940322404044572,11.646173464732904,1831704.58897744,533161.8859674005,259041.01839992468,103.73117442780742,1042128.9055998323,303793.52058268926,259887.19443230194,10.743792884787444,1656609.3212203914,538758.0619793932
1665,279.0935008169416,3.672975917928062,296.921596273319,3.9075990933524243,299.2398509993619,5.295148985321647,295.5460979028456,4.013428537268583,43.044145208568985,24.849865407368043,0.34640899868443825,0.4046645904499026,259905.00000000003,1.0,29.023260927227064,12.92049554089736,877.6560753580097,80.99470019953928,863.9816000753522,103.73117442780817,2.382166921388258,5.933270510646328,297.51257822485655,4.9285110625804505,2.7279417642185737,1.8627070322591919,259905.00000000003,1.0,1.92468718357593,1.3877296560176446,16.93564645077897,10.141854285334444,17.805567698088282,10.743792884785083,1816963.0127148642,533102.2903206826,259027.34392464202,80.99470019953648,1028006.4625892118,307892.3223932299,259888.06435354924,10.141854285336514,1641707.883310706,535196.2232082607
1666,278.416490208384,3.3526911680092724,296.20133957068225,3.5668548158920133,298.3736709973931,4.597657092026927,294.82139980827617,3.5271358824206485,42.060896956555226,23.309548495883305,0.3430481256119492,0.39809706052118876,259905.00000000003,1.0,29.140336746679733,12.785745136429703,890.2335874422732,63.23256213388447,877.6560753580097,80.99470019953928,2.7,6.055390662351685,296.6817765521371,4.089515494961101,2.5966311861407236,1.7399124323606607,259905.00000000003,1.0,1.9865791810755749,1.3800049661875986,16.258927779047156,9.772293400112204,16.93564645077897,10.141854285334444,1808274.2683866112,522640.4750971537,259014.76641255774,63.23256213388282,1018318.3132848046,311066.0238949847,259888.741072221,9.772293400112618,1629998.2361447697,520769.5144120194
1667,277.7909047429855,3.4172149315352702,295.53579296657625,3.6354999203616716,297.58991541332574,4.205902443612903,294.15699629544685,3.422467376219582,40.563042926025396,20.54854868510169,0.3594140572238025,0.4322898028081536,259905.00000000003,1.0,29.59041009440918,12.371352983741051,900.8468062166656,54.05635680221486,890.2335874422732,63.23256213388447,2.7477939543837295,6.038981455375826,295.92396514010323,3.7567769428875426,2.4795643867871946,1.6602623750745136,259905.00000000003,1.0,2.0448295395521257,1.3859275419073651,15.757526265145419,9.539110655057307,16.258927779047156,9.772293400112204,1789227.4292606267,497786.25798767357,259004.15319378336,54.05635680221072,1008256.3173382424,316244.8555736749,259889.2424737349,9.539110655056865,1607213.92643735,492255.51850663696
1668,277.2315377166782,3.6637024488609544,294.9406944211562,3.8977331866534306,296.85804213589137,4.06673657375488,293.54195781093205,3.5726275019457976,38.94182137047836,17.649534944344705,0.37281334873719785,0.4513639234010385,259905.00000000003,1.0,29.448222074760352,12.432864576091005,909.9675921636465,52.02456967383192,900.8468062166656,54.05635680221486,2.786924334648895,6.024348333872776,295.2372301313677,3.7356588987471326,2.3837181979920503,1.6087854406049977,259905.00000000003,1.0,2.0950467249994165,1.375753073887896,15.402188125486118,9.411537340961763,15.757526265145419,9.539110655057307,1752194.937286236,459758.6383398552,258995.03240783638,52.02456967382943,989218.6790796609,327924.5070106867,259889.59781187456,9.411537340961564,1570569.8414981193,461408.8014675602
1669,276.75215310057706,4.00003478662462,294.43068732771485,4.255550169888215,296.22473633090607,4.201591196857102,293.00255000261654,3.91807339333855,37.746319183550945,15.414185206809197,0.4013661739987313,0.4540522306828232,259905.00000000003,1.0,29.32665835332216,12.503486266932809,917.9858868198766,55.930857217704464,909.9675921636465,52.02456967383192,2.818961580351622,6.011558535811114,294.6295633829072,3.935912274657992,2.3052459756601476,1.5318518227852154,259905.00000000003,1.0,2.074301194090356,1.377397101254334,15.10457667724966,9.353739174095187,15.402188125486118,9.411537340961763,1712643.2766315923,424594.3343323622,258987.01411318014,55.930857217700854,974262.4160546758,341167.37508653133,259889.89542332277,9.353739174094558,1530984.456481421,436042.0653541022
1670,276.28960345275965,4.285151724661323,293.9385906402036,4.5588804478030465,295.6691095927527,4.40900885039409,292.49291968243676,4.199898788146391,36.878917515773765,14.989898587736514,0.4247432501276106,0.45071658079863935,259905.00000000003,1.0,29.578824344439127,12.439871938099985,924.8612367410835,60.3013794402113,917.9858868198766,55.930857217704464,2.84519145865236,6.000541209419852,294.10624516101024,4.183310767803929,2.2947362507261158,1.5353651659628793,259905.00000000003,1.0,2.038198608192687,1.3579748453484166,14.781372368049565,9.2446187489308,15.10457667724966,9.353739174095187,1687945.1969071578,421867.9614784254,258980.13876325893,60.30137944020864,964572.3908404586,350045.2893616473,259890.21862763198,9.244618748929035,1506486.8874878474,438735.0627989683
1671,275.83562319822147,4.485558962874231,293.4556107731273,4.772089887700792,295.1617522521086,4.605708957121824,292.0086597646044,4.368067115711989,35.72211011533411,15.10170971125075,0.5958327782380137,0.9648545626212119,259905.00000000003,1.0,29.551460641360766,12.449464501839245,930.4360534368188,63.69357978096124,924.8612367410835,60.3013794402113,2.8666666666666667,5.99115300408999,293.6208326565043,4.405049304710465,2.2730563421934753,1.5420538292391412,259905.00000000003,1.0,2.0086403108526256,1.3466814253319754,14.450289670042048,9.092958924935196,14.781372368049565,9.2446187489308,1658229.1306068376,440575.99314351537,258974.5639465632,63.69357978095996,948096.6116813233,365925.0291490168,259890.54971033,9.092958924932567,1479439.0659122677,460471.99989595223
1672,275.3959912134099,4.637120984383092,292.98789567686526,4.933333709448702,294.6675409317928,4.826097749248075,291.53813841009975,4.526497378653549,34.91545889532047,15.534629146471337,0.7288760711395766,1.1392759749687524,259905.00000000003,1.0,29.216339594510515,12.644051820947402,935.4062966664892,66.39924792082722,930.4360534368188,63.69357978096124,2.8666666666666667,5.99115300408999,293.1367876988524,4.602456272528016,2.220587653492913,1.5299803459707315,259905.00000000003,1.0,1.9547729941201666,1.3466239344238022,14.117808344002635,8.948591839008056,14.450289670042048,9.092958924935196,1626856.3794626803,463653.0781036358,258969.59370333352,66.39924792082611,931290.4525197054,380822.13183367305,259890.88219165604,8.948591839005388,1450514.0339598176,482912.3944125454
1673,274.9957825613168,4.798711475885565,292.56212227479944,5.105246311132427,294.2102432096459,5.023253722923646,291.1075416125249,4.680512536523692,34.19747925750096,15.94451074983084,0.8378027065288478,1.2205067056134937,259905.00000000003,1.0,28.670507962666647,12.828656367620159,940.0954652547947,68.47495791227932,935.4062966664892,66.39924792082722,2.8666666666666667,5.99115300408999,292.6742428884119,4.788956853172896,2.14895355184985,1.517376198997013,259905.00000000003,1.0,1.8975948918027523,1.3306460599981058,13.79978301728887,8.801969373646456,14.117808344002635,8.948591839008056,1593766.9906266364,481238.95681095123,258964.90453474523,68.47495791227763,925355.301129406,383439.34239590826,259891.20021698275,8.801969373643495,1428289.8641796259,489176.9632454334
1674,274.6195876776862,4.875717068294111,292.16189662099316,5.187170754471784,293.80206229448055,5.116835100874771,290.7164421700039,4.811443248349388,32.960738491239894,15.71288280296079,0.8983079201211188,1.2658112906552725,259905.00000000003,1.0,27.710416083512925,12.607588822835265,944.4474797424006,70.2912692526973,940.0954652547947,68.47495791227932,2.8666666666666667,5.99115300408999,292.2605031079041,4.95715336311924,2.0616281372353225,1.5230929208385746,259905.00000000003,1.0,1.8588050433861598,1.299473823358687,13.53029325677304,8.637640149450824,13.79978301728887,8.801969373646456,1545921.0717607925,438866.0616485445,258960.55252025762,70.29126925269462,909378.2693958947,358314.19918514806,259891.46970674326,8.63764014944856,1398991.3833340185,458288.3896660043
1675,274.3696848384134,4.830007957859059,291.8960302720875,5.138541513494124,293.52666157433606,5.080043571298827,290.43239251242176,4.826064934160166,32.584362055224574,15.238058035594493,0.947845399210663,1.2868635315499346,259905.00000000003,1.0,28.163682399326284,13.176618436146146,947.9203139990882,71.84295425264196,944.4474797424006,70.2912692526973,2.885784248420159,5.9825990789766825,291.94357892303697,4.972127373153603,2.0032074082878815,1.5005707315613517,259905.00000000003,1.0,1.967902639146729,1.4664542791219188,13.428321820965222,8.555556327210002,13.53029325677304,8.637640149450824,1516135.2238809348,399642.0243556456,258957.07968600094,71.8429542526394,909729.7912665544,359041.2630459349,259891.57167817905,8.555556327207766,1371107.2736763675,432410.44734431413
1676,274.2506012685629,4.771518216376731,291.76933971922705,5.076315430169506,293.4095242789616,5.0199293158446485,290.2872982429091,4.7737612094128385,32.75747038708226,15.456557111015572,0.9286230517890269,1.2968671773444744,259905.00000000003,1.0,29.20281180986497,14.39126216470676,950.5463495245165,73.13569613388692,947.9203139990882,71.84295425264196,2.9205539822797166,5.968263064939773,291.76025223484345,4.91230671338792,1.9588930435273901,1.5042171227050483,259905.00000000003,1.0,2.009430241499047,1.565072860909949,13.412192352270212,8.5353371740657,13.428321820965222,8.555556327210002,1495300.1637006328,362710.50788119104,258954.4536504755,73.13569613388476,911030.1333940115,362078.5890697623,259891.58780764777,8.535337174063798,1338884.2153159827,393155.8417117608
1677,274.2083633692874,4.7388334481361465,291.72440381539667,5.041542868430728,293.39328574390356,5.007214553443313,290.24163283659976,4.741019294016138,33.24475277621146,15.846037361259073,1.0084730335760432,1.3407947532720152,259905.00000000003,1.0,30.51834491915233,15.715517770356954,952.2642843479995,73.89089403530048,950.5463495245165,73.13569613388692,2.9490210326668738,5.955876285126759,291.6933388910029,4.867146309301163,2.089618094906843,1.6466034426938336,259905.00000000003,1.0,2.0695807136919995,1.6872275104250032,13.325488304388701,8.40876546874315,13.412192352270212,8.5353371740657,1495760.7047703252,363614.99686668254,258952.73571565203,73.89089403529769,924943.0876423381,395924.13150176307,259891.67451169563,8.408765468742045,1322719.5052466115,372884.1172103456
1678,274.2023426718307,4.732130427210548,291.7179988400351,5.034412018377945,293.42872618438014,5.0433182766002265,290.26204405496213,4.762481615928377,33.733153088298586,15.98142860626193,1.0738486692977902,1.357140014709964,259905.00000000003,1.0,31.643455700675077,16.4447062064391,953.2801330663252,74.24705402212639,952.2642843479995,73.89089403530048,2.9723278822682597,5.945296767758586,291.69382794388423,4.867612249758495,2.216754953483682,1.7564311674838982,259905.00000000003,1.0,2.1605794012415274,1.8350207604422661,13.20264608547988,8.20428290739793,13.325488304388701,8.40876546874315,1503835.5953507335,372817.0162003013,258951.7198669337,74.24705402212416,935434.8794305929,414861.7404734385,259891.79735391456,8.204282907396047,1309434.3158194541,365450.68019651336
1679,274.2349591063434,4.771346379968503,291.7526991116324,5.076133430101916,293.48763246539204,5.109564298349409,290.319962481834,4.832482479698988,34.04516205961407,15.927466943247262,1.1379231607032438,1.3500508715433766,259905.00000000003,1.0,32.535647027908134,17.007955227304098,953.6517249373279,74.31108684231428,953.2801330663252,74.24705402212639,2.9914099167942774,5.936339752815331,291.7067591085787,4.883260876955428,2.36007163001854,1.831607453834391,259905.00000000003,1.0,2.2768344713810555,1.9540767224824682,13.052742260175728,7.927457947743292,13.20264608547988,8.20428290739793,1520950.458386711,376646.8677671434,258951.3482750627,74.31108684231215,969151.4691107488,455479.3697998732,259891.94725773984,7.927457947742246,1318569.4511113511,367513.5012608424
1680,274.2207657487779,4.75849153964977,291.73759940365323,5.062457713041212,293.5323443665599,5.149031837788083,290.34222218909974,4.854148840960443,34.268171130516876,15.903176123824506,1.1903829173047196,1.3347999419896592,259905.00000000003,1.0,33.00826656691297,17.26882115228861,953.7212465836271,74.31295496862806,953.6517249373279,74.31108684231428,3.0,5.932046717356787,291.7165786665255,4.893313757983384,2.4260989634968166,1.915229500102223,259905.00000000003,1.0,2.3227853154613576,1.9686319403941575,12.882761945473604,7.638899705448845,13.052742260175728,7.927457947743292,1546364.1139691742,386963.86506793404,258951.27875341638,74.3129549686259,1002673.2178136576,477721.7222809667,259892.11723805455,7.638899705448308,1340367.9598452302,379327.5255926728
1681,274.236355885405,4.772849687727473,291.75418543672953,5.077733062601498,293.5956464335823,5.200179113550739,290.37505733803886,4.8817905114891404,34.42930883946812,15.823732181149099,1.2333333333333334,1.3157705418244048,259905.00000000003,1.0,34.37456747912699,19.122284721680018,952.5426546106349,74.78597994553593,953.7212465836271,74.31295496862806,3.0,5.932046717356787,291.74752456072866,4.919197897007041,2.4419224084522333,1.9344773865885825,259905.00000000003,1.0,2.5500473336512783,2.153682761208074,12.924220204005982,7.707079664632179,12.882761945473604,7.638899705448845,1590400.3432373807,409452.01895370707,258952.45734538938,74.78597994553408,1055521.8771042493,520075.19725215586,259892.07577979603,7.70707966463323,1371493.5835845945,385883.23694430786
1682,274.29073882217887,4.824657189728422,291.81204240381834,5.132850077434879,293.6703801027175,5.264450445335418,290.4457226274643,4.945162779484106,35.016194936968674,15.6406936263117,1.2333333333333334,1.3157705418244048,259905.00000000003,1.0,35.00139131121975,19.695617071353958,951.3241249030505,75.61727793017303,952.5426546106349,74.78597994553593,3.0,5.932046717356787,291.8101054224401,4.972905649685818,2.36993745449044,1.8760775587292324,259905.00000000003,1.0,2.7099631899044185,2.2040464227853933,13.197579272753293,8.115767367794005,12.924220204005982,7.707079664632179,1623688.3285404528,406670.5028963709,258953.67587509696,75.61727793017177,1094378.8244388439,531446.4411524539,259891.80242072727,8.115767367794774,1391046.7862559017,376854.09274326137
1683,274.33691655609454,4.868203418190546,291.8611699233768,5.179177984309027,293.73458801004426,5.317468996288681,290.4965455078,4.988010019107376,35.61392794965197,15.307199278385859,1.2333333333333334,1.3157705418244048,259905.00000000003,1.0,35.369129716179515,19.87471461371471,950.3355898031897,76.50490634988009,951.3241249030505,75.61727793017303,3.0,5.932046717356787,291.87216400214635,5.022136917053661,2.2692495127700223,1.7925999390607767,259905.00000000003,1.0,2.8268252887396144,2.198458071115456,13.688488382056219,8.714922581218431,13.197579272753293,8.115767367794005,1657138.894610695,401653.9303594718,258954.66441019683,76.5049063498789,1132505.0528394852,539182.5966693877,259891.31151161797,8.714922581219207,1416599.0573280072,364506.3549680664
1684,274.34162399802915,4.87392884203395,291.8661781250702,5.185269207272158,293.7537012302948,5.3377019742053164,290.53941867568324,5.033246585745025,36.34966086621257,14.775053314011627,1.2333333333333334,1.3157705418244048,259905.00000000003,1.0,34.693578253593415,19.077603256749107,950.7583390824755,75.94541473210494,950.3355898031897,76.50490634988009,3.095587908767459,5.907716144315286,291.93956502601304,5.083902036480109,2.1571461687278646,1.7254813420904707,259905.00000000003,1.0,2.90843795234118,2.1638005368495756,14.373113499002867,9.348662243443501,13.688488382056219,8.714922581218431,1672831.2843398356,401975.6527934452,258954.24166091756,75.94541473210458,1148349.0935716843,544489.5581307653,259890.62688650104,9.3486622434443,1430910.7946933908,353413.0464102867
1685,274.36319184238124,4.9028384836812755,291.8891238198365,5.216025731300182,293.7311146479973,5.308291199341708,290.5802903092108,5.084335464901953,36.45957641103199,14.724142181756799,1.2333333333333334,1.3157705418244048,259905.00000000003,1.0,34.43140658216089,18.866823065648624,951.5531755780132,74.66095757669197,950.7583390824755,75.94541473210494,3.1738486692977905,5.882557433359895,291.9409120544272,5.085511809215167,2.0542697540374912,1.7209561828271644,259905.00000000003,1.0,2.9752567498723894,2.117542005679969,15.2274338281711,9.956842742334443,14.373113499002867,9.348662243443501,1677226.9237838879,399287.087242735,258953.44682442202,74.66095757669234,1153488.557876451,544147.0636964085,259889.77256617186,9.95684274233451,1434843.0987667213,348350.6625394716
1686,274.3884380335492,4.934657044216162,291.9159829710773,5.24987715785445,293.7189368824252,5.293082615146097,290.6318800972005,5.147602743299434,35.89912372259911,14.748417270336859,1.2333333333333334,1.3157705418244048,259905.00000000003,1.0,33.80235813140596,18.91270863631552,952.416607835873,73.26388455093162,951.5531755780132,74.66095757669197,3.2188055789497523,5.867132913240896,291.9392660096308,5.083479167733951,2.041460345408602,1.718799332389174,259905.00000000003,1.0,2.966666666666667,2.128778701893102,16.085973482762498,10.285438396584649,15.2274338281711,9.956842742334443,1666338.083055585,411163.0739802714,258952.58339216415,73.2638845509331,1150203.1931497976,546069.4392298514,259888.91402651728,10.285438396584041,1429771.1675698475,356157.0816608256
1687,274.4959067607619,5.070895394752864,292.03031706605225,5.3948187481428125,293.7826879998772,5.3743608221556585,290.70735093844155,5.23241893550262,34.71661668747489,14.442801727363827,1.1950981698263499,1.3348914556848634,259905.00000000003,1.0,33.968340065704524,18.909506180177296,951.9697862878171,73.96116416081593,952.416607835873,73.26388455093162,3.2651719743219076,5.850128879664958,291.9537916969736,5.1001968359320555,2.022404754819932,1.7211895455773931,259905.00000000003,1.0,3.014460621050396,2.078367619180417,17.030480264079785,10.434332276279047,16.085973482762498,10.285438396584649,1661081.8148251846,414833.59899030405,258953.0302137122,73.96116416081497,1157879.7633080063,542456.6472174595,259887.96951973595,10.43433227627816,1422207.0256657505,366664.85143101093
1688,274.7860537466694,5.5013887929064635,292.3389987004603,5.8528119654061275,294.0625357399972,5.801667710570889,290.89340551852393,5.458329257413094,34.53436234396636,14.28329850927551,1.1637938656142173,1.3520031301713182,259905.00000000003,1.0,35.30250155614639,19.93523235857196,950.0378532100228,76.94416201050055,951.9697862878171,73.96116416081593,3.6185736670550788,5.988695504193081,292.0798944859011,5.254337369616301,2.078222032631448,1.7207315796066578,259905.00000000003,1.0,3.139620119206275,2.002239324995566,18.059981417847503,10.45448698804814,17.030480264079785,10.434332276279047,1671991.1518540205,424769.82786248974,258954.96214679,76.94416201049958,1179350.2276812498,547670.619711908,259886.9400185822,10.454486988049254,1404855.7430149475,374567.4838487611
1689,275.15197791370707,5.966001265013898,292.7282978181193,6.347103661773762,294.4808010114936,6.399850118095293,291.1730195605014,5.7991290688975505,35.36826376569828,15.35085993064677,1.1381640690520358,1.3669526268557495,259905.00000000003,1.0,37.01456115269273,19.96275872017766,947.2533917539763,80.37992286214156,950.0378532100228,76.94416201050055,3.8727496746254215,6.005432725351244,292.3564598658187,5.630133487280968,2.1691894833278407,1.7213771491632972,259905.00000000003,1.0,3.2420920493863,1.912679678613671,19.113801949379948,10.282617148864244,18.059981417847503,10.45448698804814,1687287.0151892188,429832.2288261792,258957.74660824606,80.3799228621417,1192710.0527583132,546704.1433923596,259885.88619805063,10.28261714886384,1386386.504617769,381389.262712311
1690,275.5667215324041,6.428622711612907,293.1695350179676,6.839277021840471,294.9711366550707,6.973725150289217,291.5136325120664,6.188521898050744,36.39437973308038,16.094041182686812,1.1171801664114456,1.3798014724849799,259905.00000000003,1.0,38.52414625244241,19.48852100797882,944.0064450682029,83.49604088676519,947.2533917539763,80.37992286214156,4.080851388717844,5.983973120347891,292.7378144157444,6.111811317064263,2.330687107694086,1.768037659633058,259905.00000000003,1.0,3.325988969951946,1.8184450902595537,20.100513728432084,9.847441333901415,19.113801949379948,10.282617148864244,1696074.5974042548,429428.1096247222,258960.99355493183,83.49604088676512,1199753.4270161365,545289.9377077463,259884.89948627158,9.847441333900404,1363577.8433624203,390633.1166072921
1691,275.9968550482443,6.824686160639429,293.6271449759145,7.260640386008945,295.4928419960187,7.499036375835567,291.8823206666772,6.550027150816916,37.78454621095459,16.746498782863455,1.1,1.3907181774206787,259905.00000000003,1.0,39.2429246335902,19.439335648070184,941.4480666455672,85.5757006872684,944.0064450682029,83.49604088676519,4.220028463598591,5.961899681870916,293.1803477032233,6.623989645373161,2.441811283435695,1.7377601730439334,259905.00000000003,1.0,3.3564427954005973,1.7880927042768373,21.015145240396986,9.28451488012435,20.100513728432084,9.847441333901415,1696767.6406506181,429331.4276778918,258963.55193335447,85.57570068726757,1194945.5509578157,545982.5368444272,259883.98485475962,9.284514880124043,1329571.1225510233,389443.7294048721
1692,276.4637495315688,7.203064128177012,294.123864215876,7.663188517816419,296.04604990834997,7.982736251461877,292.3082182057507,6.931378987107324,39.303784138707876,16.758912370263324,1.1,1.3907181774206787,259905.00000000003,1.0,39.97157107697766,19.25738607277682,939.6802797072975,86.85947169508722,941.4480666455672,85.5757006872684,3.6326687982784334,4.908491090529884,293.6498405116412,7.1074140860812545,2.539825028817816,1.6771533971963921,259905.00000000003,1.0,3.3733526564909635,1.7836698224686196,21.839114077193386,8.788273233175062,21.015145240396986,9.28451488012435,1685623.358368457,433720.3689751823,258965.31972029273,86.85947169508736,1184273.1135293953,550456.7695403427,259883.16088592284,8.788273233175367,1291477.8251673365,391145.33054371044
1693,276.8929357881249,7.441448465540885,294.5804663505787,7.9168005512692785,296.58664089129877,8.341112087847666,292.74502241652664,7.254769881627304,40.557137060131524,16.28392252669418,1.1,1.3907181774206787,259905.00000000003,1.0,40.287014448344905,18.95688856492177,938.8504023190841,87.33143891869608,939.6802797072975,86.85947169508722,3.0452942407215806,4.100002822683734,294.1623309149482,7.571838948402313,2.6180905822639344,1.6078985598772904,259905.00000000003,1.0,3.3842253086120526,1.7807378102202425,22.587863936611726,8.389267208510315,21.839114077193386,8.788273233175062,1675571.1088275881,439166.1486738543,258966.14959768095,87.3314389186962,1180256.4352714946,552404.843040709,259882.41213606342,8.389267208509358,1269045.8135679169,386396.44043721166
1694,277.32714188160975,7.632769897218155,295.04240935805717,8.120343436508119,297.10756628807565,8.584836658335977,293.16510103632436,7.492479952149685,41.29910342435937,15.52167369757997,1.0904412091232543,1.3974696353482676,259905.00000000003,1.0,40.632940289615,18.601074368428677,938.4261242447052,87.55254920560706,938.8504023190841,87.33143891869608,2.564392626874212,3.463909013011684,294.64591131667777,7.882078207928063,2.6681030671928916,1.5457912711389354,259905.00000000003,1.0,3.3644507106408694,1.7838537447225946,23.26041926398938,8.147051922704353,22.587863936611726,8.389267208510315,1668766.0007611322,445890.1335451749,258966.5738757553,87.55254920560655,1179553.6823204807,552892.4246256879,259881.73958073603,8.147051922703868,1251373.8678932595,392267.93745716324
1695,277.76995091236984,7.750567082610883,295.5135044977638,8.245665295266647,297.6329944320216,8.755244196038117,293.60719523834695,7.668524420881883,40.883881846553344,15.630421324274115,1.0826151330702212,1.403072889646754,259905.00000000003,1.0,40.93943735587184,18.264285128634793,937.2879536023165,87.9208708584933,938.4261242447052,87.55254920560706,2.170663686412539,2.971775338653669,295.1216463829515,8.101547075827225,2.6331240110902527,1.5860335489511834,259905.00000000003,1.0,3.3673782209056,1.7829388793854826,23.965635182074255,7.990819659229614,23.26041926398938,8.147051922704353,1652018.600060963,457636.9518036965,258967.7120463977,87.92087085849232,1180737.8741376607,551950.0539930016,259881.03436481796,7.990819659228527,1228473.8835001418,394298.6723803301
1696,278.2758307512271,7.735131483426665,296.051699084696,8.229243738647227,298.1973231229398,8.769512238136693,294.11384531617534,7.702495613388971,39.8030453545091,15.068606203355998,1.0762076839296757,1.4036538859625605,259905.00000000003,1.0,41.49145500050408,17.744189771545926,934.5233362723918,88.02531062183466,937.2879536023165,87.9208708584933,1.8623716250638054,2.6430027526505127,295.6339727907647,8.18899396955092,2.614044373022128,1.5933442366728963,259905.00000000003,1.0,3.3551646215430964,1.7887927938540105,24.67342209726189,7.80542471192917,23.965635182074255,7.990819659229614,1619714.743458061,444579.12376705767,258970.47666372763,88.02531062183381,1182543.5958582314,550680.4250774663,259880.32657790277,7.805424711928558,1188088.1024885036,364001.8938597668
1697,278.8314860664834,7.597438411239873,296.64284873846367,8.082755231083182,298.76861325372266,8.663655233752324,294.64796631203404,7.607449852985917,38.79044888124284,14.828038966693844,1.0518441265160363,1.4035502001424622,259905.00000000003,1.0,42.09402038257537,17.466850732782586,930.1679206445433,87.61242025158086,934.5233362723918,88.02531062183466,1.8188727122829373,2.6609767038319196,296.1815323791616,8.11300221547455,2.6940111953456163,1.6163198257178266,259905.00000000003,1.0,3.3225309077397376,1.8038831736169874,25.26860847632268,7.5475422362978595,24.67342209726189,7.80542471192917,1591901.5399585774,435845.271411616,258974.8320793555,87.61242025157972,1188250.21793958,546445.7994268971,259879.7313915237,7.547542236297018,1152531.8460161162,344700.3574996285
1698,279.4214927189832,7.3803370415312415,297.2705444414884,7.8517856210385775,299.36900457806956,8.441673711357467,295.2224332622606,7.407998333138822,37.78800833554257,15.16533952449129,1.0318969328071088,1.405988503423133,259905.00000000003,1.0,42.75798062473831,17.058360612345787,924.1660514225405,86.6431049719643,930.1679206445433,87.61242025158086,1.7988599137712635,2.6682424016203927,296.738597801478,7.917939522235922,2.742890735839009,1.6118492867081358,259905.00000000003,1.0,3.2852632347237463,1.831670060473547,25.777647641874083,7.237731240189153,25.26860847632268,7.5475422362978595,1569354.4491771415,447899.4624733448,258980.8339485775,86.6431049719635,1193692.7088911557,540362.1337206983,259879.22235235813,7.237731240187161,1123856.5459311337,356634.6984950983
1699,280.01550957283956,7.0737289175515725,297.90250630042857,7.52559152001143,299.9942126016,8.120467274827448,295.81482691551355,7.08925224268824,36.779173952157436,15.310785514567183,1.019082034526018,1.4093893976247793,259905.00000000003,1.0,43.3434353058342,16.56456626709648,916.5827080343377,84.29834672444125,924.1660514225405,86.6431049719643,1.7920336110513488,2.670720357221777,297.3240495097035,7.633404596552682,2.7829099188372703,1.6244622241952413,259905.00000000003,1.0,3.2653004926679357,1.8530422459274805,26.21714609149467,6.793534505907202,25.777647641874083,7.237731240189153,1550420.571055126,461881.6944211761,258988.41729196568,84.29834672444079,1199226.4826884535,533513.1186638733,259878.78285390852,6.793534505905277,1101888.699410746,369616.272462507
1700,280.5931871450332,6.680527996590056,298.5170851693376,7.107273001700025,300.6093042059886,7.717383359522629,296.3922306821439,6.698576711409629,36.285740900565266,15.720190402514609,1.0085900832057229,1.4130034988152191,259905.00000000003,1.0,43.35042167657515,16.55887219899742,908.509437175122,81.61838516143627,916.5827080343377,84.29834672444125,1.786444707084735,2.6730706977059895,297.9136243614149,7.297441513991774,2.852374849654554,1.6187496356856013,259905.00000000003,1.0,3.2132470439088188,1.9044646321698036,26.517741294609074,6.381502191516555,26.21714609149467,6.793534505907202,1533209.690869191,477983.4241147948,258996.4905628249,81.61838516143577,1201882.373756882,530192.8412320686,259878.48225870542,6.381502191516563,1082421.0843206043,384537.18550690496
1701,281.17524723764166,6.2356229023022784,299.13632655868156,6.633947452386897,301.22292307940717,7.242484261576118,296.951096386581,6.2761706756601505,36.49267509370226,15.50433383614444,0.8375005550953197,1.1894902858063117,259905.00000000003,1.0,43.21835593263358,16.72574717092718,900.9462557810954,78.73352822148148,908.509437175122,81.61838516143627,1.7818688995312684,2.675209974631938,298.48119199471375,6.883596351984011,2.924849023882578,1.604715457013162,259905.00000000003,1.0,3.1620611507905045,1.955926960061125,26.680442905183565,6.099687137432535,26.517741294609074,6.381502191516555,1526644.700564099,487319.3168749058,259004.05374421892,78.73352822148024,1208417.09655902,520783.03129732504,259878.31955709483,6.099687137432172,1075370.451393978,392918.47103909636
1702,281.73182280914494,5.694749336876586,299.72845535440865,6.058523102270344,301.8645078838505,6.62494607084691,297.5269772646742,5.74773220641843,36.979519894542086,15.037288425809262,0.7044572621937568,1.0381627574734469,259905.00000000003,1.0,43.514867566373674,16.3247359141743,893.7064508470701,75.2529997539293,900.9462557810954,78.73352822148148,1.7957049583971387,2.6667364210437987,299.0976531776458,6.38371014548346,2.9299034509133817,1.601290214352429,259905.00000000003,1.0,3.1367454421395484,1.9871963324395918,26.801120955275604,5.852190458781286,26.680442905183565,6.099687137432535,1526026.373581906,488217.79214514856,259011.29354915296,75.25299975392767,1213775.4654895067,512596.912139546,259878.19887904474,5.852190458780129,1074547.9564947754,393805.19136426784
1703,282.27414420940784,5.011784811616911,300.3054192012379,5.331931494573735,302.4802046446172,5.869478431519075,298.09239668298613,5.0942797262069455,37.33230206470463,14.624793676116843,0.5955306268044857,0.9252262335737349,259905.00000000003,1.0,43.619398913443334,16.15556098454608,886.8238233715269,71.02410921546868,893.7064508470701,75.2529997539293,1.8,2.6638467299080886,299.7063510589059,5.746845049381955,2.975793311915685,1.5745307286626888,259905.00000000003,1.0,3.096901111177556,2.0340268767301843,26.826523796140336,5.792210333962538,26.801120955275604,5.852190458781286,1526228.3156860142,487938.7909464074,259018.1761766285,71.02410921546885,1206177.1341563605,522432.2567423971,259878.17347620387,5.792210333962515,1066039.2583982223,398787.64107748045
1704,282.80856585704436,4.258264216466711,300.8739788492123,4.530277010403915,303.05432557334296,5.06615812722679,298.658042189068,4.299313273753667,37.409753254341595,14.52410539964296,0.5063490405819769,0.8431317936689523,259905.00000000003,1.0,43.70453579635078,16.014486115565916,880.0226917889357,65.87416850853384,886.8238233715269,71.02410921546868,1.8,2.6638467299080886,300.30215524958044,4.97407017286852,3.0133647523727447,1.53118486741103,259905.00000000003,1.0,3.0260441685761723,2.0981143623349037,26.739203212343764,5.996495113841562,26.826523796140336,5.792210333962538,1511460.2614701667,503179.217342021,259024.9773082111,65.87416850853515,1180164.1491821783,539754.0891838018,259878.26079678768,5.996495113841918,1038133.9254178677,399778.71617713955
1705,283.2128501764755,3.696516684202869,301.3040882187084,3.932646023313867,303.5237068152777,4.447949261840445,299.13531785668465,3.5904629623551485,36.66770066592848,14.63834790366331,0.43333333333333335,0.7851081292202737,259905.00000000003,1.0,42.60380976781117,16.661522578664428,873.6532493537197,59.94691780358721,880.0226917889357,65.87416850853384,1.7904412091232542,2.6689091831479215,300.7988480357765,4.3124749564672165,2.99885751731337,1.5458576022193107,259905.00000000003,1.0,2.844757786262931,2.1033569687059743,26.485103481293322,6.492564108400047,26.739203212343764,5.996495113841562,1487585.855993744,514810.03562907135,259031.3467506463,59.946917803588185,1140450.4191241881,549114.9821897974,259878.51489651873,6.492564108400349,1016751.3770809445,398773.8774219147
1706,283.5063506930289,3.337941268870344,301.61633694773485,3.5511651264491757,303.85250753489316,4.086063331837498,299.4889319828755,3.13908340631393,35.38420779645529,14.754441508700229,0.43333333333333335,0.7851081292202737,259905.00000000003,1.0,41.29807196366221,16.798115960323987,867.3060518531795,53.28632102909008,873.6532493537197,59.94691780358721,1.7730563421934753,2.6756353278132443,301.1892353771609,3.8705474899516976,2.9799470325361055,1.5719123501157748,259905.00000000003,1.0,2.6651308517338688,2.045868146769543,26.07028730049109,7.060369564079087,26.485103481293322,6.492564108400047,1453217.1356611445,524362.644715082,259037.69394814683,53.28632102909006,1096402.281818339,552023.6349642107,259878.92971269952,7.060369564081432,992845.6223433587,399123.39014975406
1707,283.7263974246961,3.11479612399496,301.8504395433231,3.313765720804961,304.08131642817887,3.872998415355163,299.74508934050516,2.884102441499361,33.9280392336558,15.166802984168552,0.37598058807285795,0.6528539785210643,259905.00000000003,1.0,39.564711143873005,17.030299590505194,861.2933993548894,46.56846087844352,867.3060518531795,53.28632102909008,1.7588228169998967,2.6818215554251115,301.4536336168213,3.619132620746434,2.828115539234181,1.5250118437650764,259905.00000000003,1.0,2.4954306919542963,1.9574355019945193,25.6376024532112,7.569510233774453,26.07028730049109,7.060369564079087,1404407.6454969908,521373.8537489778,259043.70660064512,46.56846087844631,1043493.1240654784,536501.8742129978,259879.36239754682,7.569510233777445,960188.0645025331,391752.6259378371
1708,283.91775203714377,3.0021592083364035,302.0540172643,3.193933770615436,304.2757806368446,3.7478594826418736,299.9428269962253,2.776414041412226,32.770003419025315,15.605939388690539,0.3290241317546593,0.5484510615911,259905.00000000003,1.0,38.95047508230036,16.669767494958688,854.7839035598597,40.7981559960581,861.2933993548894,46.56846087844352,1.7471693921992038,2.6873386210415986,301.65636009476947,3.4814749242700582,2.670622914044602,1.4850286570213564,259905.00000000003,1.0,2.3348485450022998,1.8328662052621574,25.201828084168902,7.985041512377605,25.6376024532112,7.569510233774453,1365053.9276546512,517336.049424905,259050.21609644016,40.79815599605972,1003007.5640427715,523513.0342610767,259879.79817191587,7.985041512382164,935241.5030542883,392110.81775645394
1709,284.10523768702916,2.9389205449257636,302.25347915477516,3.1266555252610244,304.47959337525253,3.6648018984509267,300.1405285997901,2.753382848069507,31.987256934647185,16.026664523042104,0.2905794369113871,0.46734702332616285,259905.00000000003,1.0,38.748955297389905,16.49619098713837,847.7316257602056,38.14188415050128,854.7839035598597,40.7981559960581,1.737628374936195,2.6921568638113214,301.85814620051406,3.41287403218026,2.513002485788672,1.4413760291823863,259905.00000000003,1.0,2.1792057699744762,1.7198948699488403,24.768031368354706,8.326952591514882,25.201828084168902,7.985041512377605,1334948.8994882875,514402.1157063109,259057.26837423982,38.14188415050238,960740.8335002902,493510.18591428804,259880.23196863168,8.326952591519204,904315.1581730751,379897.93604069477
1710,284.38690015552015,2.7510399686895712,302.5531336364334,2.9267736341742965,304.740067726701,3.5035188276893616,300.39726248999875,2.6355125066041403,31.492358686906215,16.132918706596136,0.2591035829505017,0.4056711993079596,259905.00000000003,1.0,38.499228487320956,16.391945050318505,840.4656523768404,37.431469734057885,847.7316257602056,38.14188415050128,1.7333333333333334,2.694700921395959,302.12778298914503,3.308980727347552,2.340666979185793,1.3566100520642856,259905.00000000003,1.0,2.091448209732221,1.7125980738852924,24.418812598901134,8.610265581271697,24.768031368354706,8.326952591514882,1306894.5780062156,495846.71698828903,259064.53434762318,37.43146973406085,931410.328795932,468143.5343607917,259880.5811874011,8.610265581275144,874589.5945271478,335472.8099303107
1711,284.6794683047458,2.587833766547004,302.8643908549406,2.753142435898132,305.03583872386463,3.333807993197646,300.6816751784302,2.4670613080131747,31.293652090889694,16.198634297830075,0.23333333333333336,0.36000905625082297,259905.00000000003,1.0,37.36682550981697,14.646183466510918,834.1591456245798,41.620542810637914,840.4656523768404,37.431469734057885,1.7428921242100794,2.6898969571078934,302.4109473165883,3.140130478323284,2.2091293909594882,1.2858799706360553,259905.00000000003,1.0,1.8616060911494148,1.4004300449831557,23.971289299091058,8.884656966774688,24.418812598901134,8.610265581271697,1266489.3404714246,448697.2520119359,259070.84085437545,41.620542810641616,890328.7620130002,401567.3702658812,259881.02871070092,8.884656966778206,842600.6076314285,274459.0173850863
1712,284.9462131218176,2.4437905328875944,303.1481753402113,2.5998985444775973,305.32781998654883,3.176216755845476,300.9547982535757,2.3507660766992813,30.867183007724805,16.163037694098705,0.23333333333333336,0.36000905625082297,259905.00000000003,1.0,36.539046172544005,13.9341920038025,828.2539491264272,46.56946322656048,834.1591456245798,41.620542810637914,1.7507182002631125,2.685696171946076,302.69612359372456,3.0003149104163334,2.1446239711063377,1.302591123160362,259905.00000000003,1.0,1.680460245605099,1.2288276336856558,23.40712557358982,9.115290833563286,23.971289299091058,8.884656966774688,1234555.6394267161,422622.1343867056,259076.7460508736,46.569463226563556,859222.2028317803,362379.95346459927,259881.59287442642,9.115290833566364,821807.793200518,244602.79990021055
1713,285.1622772702532,2.2145455980832423,303.37804178289554,2.3560099190551487,305.6187289741228,2.95833163312735,301.2086240557262,2.1164445403911407,30.95420755178504,16.198256914339648,0.23333333333333336,0.36000905625082297,259905.00000000003,1.0,35.69723047678084,13.854554345996268,823.277592868098,49.81984117340222,828.2539491264272,46.56946322656048,1.7571256494036578,2.682076611652944,302.9884940956482,2.807383248805421,2.137079528931364,1.302439151064656,259905.00000000003,1.0,1.5331412281269434,1.1516201178102823,22.7031872727854,9.342459568181903,23.40712557358982,9.115290833563286,1201610.5837915502,391534.6559622705,259081.72240713192,49.819841173405,823007.7286406332,317645.81810143526,259882.29681272723,9.34245956818414,799340.2388299404,195324.70191124815
1714,285.32125231806435,2.0023650003164506,303.5471721097998,2.130275680755243,305.8504166547665,2.724096962627621,301.3956124057265,1.9021866389863946,30.867018771483217,16.174391086522732,0.23333333333333336,0.36000905625082297,259905.00000000003,1.0,34.70079033338248,14.078392794100658,819.2104879728655,51.71605430346189,823.277592868098,49.81984117340222,1.6763425071730922,2.6790670531188794,303.2070401767209,2.6046501906894677,2.1414521100459303,1.3006181657081641,259905.00000000003,1.0,1.4265925485883926,1.1402351655082594,21.88832771132786,9.533298622434545,22.7031872727854,9.342459568181903,1176931.1236445706,368083.7883047956,259085.78951202714,51.71605430346481,795511.9312806232,286394.4984825234,259883.1116722887,9.533298622436025,788933.5151119058,170661.0981044615
1715,285.4197996039016,1.8498032290261819,303.6520146517778,1.9679686072130413,306.02658506489695,2.501441525233564,301.53342585789414,1.736716630813755,30.880574730693183,16.175066337916068,0.24289212421007925,0.357397602642002,259905.00000000003,1.0,33.66581751368796,14.404162177422863,816.1823530656607,52.775742860413494,819.2104879728655,51.71605430346189,1.6293204460521475,2.676914385535259,303.3767332220457,2.400374619192142,2.1661309725508255,1.277889874178414,259905.00000000003,1.0,1.3428743505963423,1.1499884719902942,20.965071089373378,9.634731878278686,21.88832771132786,9.533298622434545,1157399.6404707402,365663.2836273652,259088.81764693436,52.77574286041685,773536.7369481622,280070.27118926676,259884.03492891064,9.634731878279235,780736.1217263002,163172.38683371825
1716,285.4965027244165,1.6901883002544686,303.73361758114976,1.7981579140982717,306.16784758880766,2.253314808306494,301.64504423951075,1.563884681430568,31.060215164521267,16.162190912767077,0.26027699113985825,0.3578596690765989,259905.00000000003,1.0,33.20977366837285,14.948354919837472,813.7725175706692,52.86419113731567,816.1823530656607,52.775742860413494,1.5968643467700514,2.6791422550411896,303.5162106482986,2.1884781516107386,2.125467088328079,1.2981418709675125,259905.00000000003,1.0,1.3376283749361948,1.155926534067764,20.077232375981495,9.782247987380766,20.965071089373378,9.634731878278686,1150558.4512326447,369041.9307536255,259091.22748242936,52.86419113731939,760162.7642052312,288500.400047498,259884.92276762403,9.782247987380428,778243.8794294959,162931.12179414337
1717,285.5129811656182,1.6589083238169966,303.7511484689922,1.7648802333109057,306.2319700515615,2.133633462379421,301.7457653592263,1.368860979719071,31.487816998538246,16.062167900820462,0.27451051633343676,0.3556353862898511,259905.00000000003,1.0,32.338794910408495,15.528781879988992,812.6470291424655,52.768228048447746,813.7725175706692,52.86419113731567,1.5798503310395928,2.6790306439567857,303.63622434196327,1.9517809209727526,2.095690798421326,1.322116008982774,259905.00000000003,1.0,1.285539378949604,1.1803860633536003,19.16708095650977,9.87515769915699,20.077232375981495,9.782247987380766,1133103.050541759,373786.28649119707,259092.35297085755,52.76822804845134,737676.9393578079,293664.62322678603,259885.83291904352,9.8751576991578,773905.0379340039,163314.99333538805
1718,285.4148834071076,1.6808200844289465,303.64678424429997,1.788191476756435,306.13207294121537,2.196264397347234,301.79152884243825,1.326106914633458,30.79674080774332,15.948969007793739,0.2861639411341297,0.35203977348071563,259905.00000000003,1.0,31.044691252489493,13.892621972782596,812.1129147565852,52.88313647596064,812.6470291424655,52.768228048447746,1.2504803341950994,2.0053764165179646,303.69201319627376,1.8671071565237922,1.9998933583175784,1.3671350771495845,259905.00000000003,1.0,1.1603798807937251,1.1062754743582852,18.227567478985918,9.836167731150699,19.16708095650977,9.87515769915699,1088633.6644085348,317649.2689538182,259092.88708524345,52.88313647596414,700584.9589820377,244760.30229236803,259886.77243252104,9.836167731150525,761826.2359164923,160143.90149333279
1719,285.3341020682968,1.6349995861881128,303.56084271549264,1.7394437297266572,305.98238191163284,2.1479843013248083,301.799825112351,1.3273226086280114,29.228699238221644,14.648739838284175,0.2957049583971386,0.3478707317466682,259905.00000000003,1.0,30.19888030615192,12.650490252911784,810.8470287302578,53.31265371993816,812.1129147565852,52.88313647596064,1.0124633324514223,1.5578290058607245,303.66550298687054,1.8753343474987347,1.8927846754082567,1.3714193969871606,259905.00000000003,1.0,1.0579079506137004,1.064480407099622,17.292690754191362,9.739706890195432,18.227567478985918,9.836167731150699,1045982.4657282812,266480.93604912993,259094.15297126977,53.31265371994159,671213.1636216753,215489.89315018427,259887.70730924583,9.739706890195677,743603.4704920715,165062.9283761443
1720,285.24338352094765,1.5396169358202165,303.464329195846,1.6379679551781818,305.88273158238434,2.038717473314075,301.7865092848496,1.3160307907823023,28.42184426992559,13.376862625957115,0.30000000000000004,0.3448764221915555,259905.00000000003,1.0,29.750659710056613,11.983228882564392,809.2182132901268,53.739341564269616,810.8470287302578,53.31265371993816,0.829676109829926,1.1634440305514282,303.6297323325775,1.850473954887827,1.7286211757747496,1.2568539465205835,259905.00000000003,1.0,0.9740110300480542,1.0445220979984278,16.438080608464666,9.700394619775144,17.292690754191362,9.739706890195432,1018251.6323899748,224875.00737425836,259095.7817867099,53.7393415642722,650878.4473399178,191744.68579070887,259888.56191939156,9.700394619773398,733275.8476989318,165820.35021655879
1721,285.17881553661294,1.4524397988399407,303.395636984362,1.545222361106781,305.78103655445943,1.891842672123574,301.7889547366254,1.3189384121541239,27.239128644395826,11.42102117391016,0.30000000000000004,0.3448764221915555,259905.00000000003,1.0,29.310733879502482,11.508676609028,806.84660805502,53.998121625167684,809.2182132901268,53.739341564269616,0.6765061067539838,0.79604283535346,303.5851169544737,1.7884568143916104,1.6153143659679632,1.2361800162533567,259905.00000000003,1.0,0.9053220410924192,1.0383357233416814,15.628088283589124,9.665517984359699,16.438080608464666,9.700394619775144,992467.6125275433,192015.09598299433,259098.153391945,53.99812162517013,635487.9330313738,176598.26711294884,259889.37191171644,9.665517984357933,722162.0759514937,168895.57342953217
1722,285.0881036127436,1.3000987899477847,303.29913089776204,1.3831505662918533,305.6653105966549,1.6806469348029125,301.75651047806946,1.2654635100633689,26.170261795554843,9.43531308177923,0.30000000000000004,0.3448764221915555,259905.00000000003,1.0,28.771166774292013,11.077076375941528,803.9457030762829,53.74112821371737,806.84660805502,53.998121625167684,0.5380258412639028,0.3199729734119749,303.53326012898344,1.6975330338166377,1.5225465962459892,1.2377343626063984,259905.00000000003,1.0,0.7997551305294454,0.958377718529036,14.814855608749326,9.56878032487584,15.628088283589124,9.665517984359699,974576.5499878456,181320.7772468921,259101.05429692374,53.741128213720735,626239.4009241103,174540.54393141766,259890.18514439126,9.568780324873709,715099.1512301094,173264.69940582008
1723,285.03387701610916,1.2484516640079049,303.2414403654791,1.3282043546441191,305.55414432977017,1.5091503341684145,301.70830395849066,1.1966161349046733,25.676016784156747,8.321480976456913,0.30000000000000004,0.3448764221915555,259905.00000000003,1.0,28.44985929306964,11.260527457487983,800.87186056737,51.910056411270205,803.9457030762829,53.74112821371737,0.531132925654419,0.32255711828970124,303.4339459344678,1.5016586353046153,1.4485760844027327,1.252921051198483,259905.00000000003,1.0,0.6971786437744841,0.8664814271147826,13.980843035050857,9.376386516175794,14.814855608749326,9.56878032487584,958194.8939654919,172788.64428463104,259104.12813943264,51.910056411273324,613182.202697284,170791.92612387275,259891.01915696496,9.376386516175241,701070.4348413192,164250.07679750433
1724,284.9653653399301,1.2018151420774732,303.1685521340228,1.2785885706231062,305.45077221617424,1.4037505714740857,301.6776270050277,1.1660847366803426,25.619941121324086,8.253053852660138,0.30000000000000004,0.3448764221915555,259905.00000000003,1.0,27.89507796539003,11.735569735387363,798.2967237233041,49.276744701025535,800.87186056737,51.910056411270205,0.5254894836665633,0.32590542426335145,303.37247033228437,1.408818049415593,1.3985635994737755,1.2804252497749504,259905.00000000003,1.0,0.6036373286487551,0.7778913379155239,13.10970908029616,9.031569179326517,13.980843035050857,9.376386516175794,944166.7289081888,173976.25058522067,259106.7032762767,49.27674470102706,601515.1443902686,169632.32046270955,259891.89029091972,9.031569179326572,693415.084873029,161428.6949290734
1725,284.8889287128601,1.195552500993784,303.08723289005377,1.2719258131522062,305.3155954349946,1.3469120709965539,301.63213034527104,1.1416843991325851,25.58586545425206,8.232502001255273,0.30000000000000004,0.3448764221915555,259905.00000000003,1.0,27.17980210632929,12.49664820975402,796.4027870712268,46.512224675662104,798.2967237233041,49.276744701025535,0.5138360588658704,0.3384215390317203,303.3030207844593,1.346005563489025,1.3953074920694306,1.2832142307311671,259905.00000000003,1.0,0.5079345955184703,0.6564437995006084,12.151374475475672,8.411177019722757,13.10970908029616,9.031569179326517,931719.9727732537,175580.28065171718,259108.59721292878,46.51222467566077,586578.4777385239,173696.05606927065,259892.84862552455,8.411177019724894,687570.003589312,158230.31541325152
1726,284.84219917038763,1.2029611576808465,303.03751833609914,1.2798077812447537,305.21799732066347,1.3571071222327304,301.60042781046593,1.1455101419115716,25.39220014401101,8.1481218737344,0.2713236273697623,0.33221598787264905,259905.00000000003,1.0,26.33555189844771,12.931024438314509,795.1881116894203,44.37739808622233,796.4027870712268,46.512224675662104,0.5138538324796074,0.338409186962263,303.2431391497522,1.3351306418672781,1.3448476624184391,1.2985158313316019,259905.00000000003,1.0,0.42957982475109124,0.562472194810503,11.169439971141657,7.57937711153874,12.151374475475672,8.411177019722757,909325.7474004426,165928.53679228981,259109.8118883106,44.3773980862224,568197.8768791602,175773.08670965058,259893.83056002887,7.579377111541862,677809.4633382923,155114.42132002514
1727,284.7996576108121,1.2177584566961057,302.99225917926213,1.295550401813222,305.15869431036356,1.3833821541773967,301.5928219677623,1.1498619092727151,25.19387006668186,8.166412736214017,0.24784539921066298,0.3253765459714982,259905.00000000003,1.0,25.10280696090809,13.050024901004868,795.0313293959834,44.092874690564784,795.1881116894203,44.37739808622233,0.517384866929779,0.33478672836496476,303.23888501414126,1.336043988639519,1.2079467393206371,1.1881011237939099,259905.00000000003,1.0,0.3613673701653083,0.47726962494457265,10.256193935319661,6.752479269138761,11.169439971141657,7.57937711153874,886171.7111903363,154386.1779595108,259109.96867060405,44.092874690562695,547229.9181622815,175121.8001945075,259894.7438060647,6.75247926913831,668922.2324625512,154149.0067949032
1728,284.73999134959377,1.2354721071038943,302.9287813129247,1.3143956325738348,305.0995424812114,1.4268644831707145,301.5541297194304,1.1882567724228303,25.192009263894253,8.168026325286208,0.2286230517890269,0.322300111271371,259905.00000000003,1.0,24.112093840134555,12.840162206047882,795.8826217679542,45.431752194166926,795.0313293959834,44.092874690564784,0.5046747343168326,0.3397825860876578,303.2439209733728,1.3318927302143124,1.1028947087477268,1.134025250547104,259905.00000000003,1.0,0.3708961034667819,0.5016681618464042,9.45752866337205,5.837332979825241,10.256193935319661,6.752479269138761,886491.2270607216,154669.6418775681,259109.11737823207,45.43175219416416,538009.3564782774,174876.1803021953,259895.54247133667,5.837332979827142,679076.9298645132,157206.2085275121
1729,284.699404073036,1.2458184849871008,302.88560123822947,1.3254031281464371,305.0443031670913,1.464551044969285,301.5272305812538,1.2185450181384274,25.682491241847966,8.28811405687306,0.21288512480858418,0.3215255705120502,259905.00000000003,1.0,23.48446651559716,12.589279253984712,797.8677613693964,48.283635803707064,795.8826217679542,45.431752194166926,0.48470976699416807,0.3420748354643378,303.2306847276364,1.3449450557801816,0.978650217137413,1.0204703400922452,259905.00000000003,1.0,0.38221405310458867,0.5214063402318568,8.803984623549304,4.987734568566628,9.45752866337205,5.837332979825241,888207.2750940018,155693.97080596333,259107.1322386306,48.28363580370619,531481.4390068904,174706.20939446753,259896.19601537648,4.98773456856798,685881.1429873314,157004.9630077616
1730,284.72550655087895,1.2484957327303012,302.9133711809165,1.3282513010246744,305.0370399496181,1.4678203724844348,301.54745440428087,1.2016296459390605,25.985057895478715,8.112207207624637,0.2,0.32207091615974587,259905.00000000003,1.0,24.116030094349423,13.397650688974608,799.5367891705257,49.84608343113811,797.8677613693964,48.283635803707064,0.4779226251396515,0.34133294718952684,303.22688077148877,1.3476799269279671,0.8542933665560061,0.8928729457091961,259905.00000000003,1.0,0.39851337182687274,0.5379120558042431,8.30848161996003,4.308537329913965,8.803984623549304,4.987734568566628,897217.560165068,161633.32313192714,259105.4632108295,49.84608343113757,535426.2766738883,177564.69123932498,259896.69151838007,4.308537329917602,692272.9285589781,153924.1441857776
1731,284.743106477467,1.25392400511353,302.9320954758289,1.334026302093942,305.04669442921397,1.4652826090618434,301.5969727096759,1.179484606790679,26.26026750350506,8.173606738312296,0.2,0.32207091615974587,259905.00000000003,1.0,24.767281470808484,13.71092149368364,800.6003642221804,50.65028342091692,799.3073781894838,49.53432796004944,0.4688493007318441,0.3441401211411072,303.2685391558757,1.3182705271508268,0.731825838352161,0.7298657848780047,259905.00000000003,1.0,0.41185812531902644,0.546540817737316,7.963024423260332,3.8463849079241954,8.30848161996003,4.308537329913965,909855.0772021342,165942.90125242597,259104.39963577784,50.65028342091742,542271.7566322356,182890.32884946308,259897.03697557678,3.8463849079274297,700560.7584607906,151359.9707320485
1732,284.7657794050394,1.2498800308008726,302.95621683851834,1.3297238789798351,305.04806121180275,1.4649827065853578,301.6339983864972,1.1626193959676698,26.78389390444047,8.885492864374365,0.2,0.32207091615974587,259905.00000000003,1.0,25.349416660155068,14.138368980010027,801.417604660151,51.24368168781594,800.1831274158657,50.15652791106862,0.4614206910065191,0.34772738227939787,303.28204258895136,1.3157642072031992,0.7240754784788229,0.7175812199677314,259905.00000000003,1.0,0.43333333333333335,0.5592041885913394,7.658446219248972,3.474159203851355,7.963024423260332,3.8463849079241954,920826.5990973131,171403.66741948284,259103.58239533988,51.24368168781585,547485.9786869336,184702.77893817791,259897.34155378077,3.474159203854752,705879.6246078671,152419.29753259613
1733,284.8228654438989,1.2348083142094868,303.0169498018497,1.3136890361505376,305.08538490519385,1.4515068602517076,301.69447480498644,1.1341652371808308,27.117113399105364,9.029117962939326,0.2,0.32207091615974587,259905.00000000003,1.0,26.06851489668665,14.388987828218465,801.695187576882,51.428682725795944,800.8465890744633,50.61892513973941,0.4623716250638053,0.34682437483416495,303.30793177972834,1.3053709255872954,0.7177300205030994,0.6997030607840888,259905.00000000003,1.0,0.43333333333333335,0.5592041885913394,7.369754490476345,3.2921828277704637,7.658446219248972,3.474159203851355,923510.5811693085,171329.15268449963,259103.30481242313,51.42868272579635,552286.7870294811,183910.04865045488,259897.63024550956,3.292182827773827,703193.9392239228,152901.2746376608
1734,284.86511118781516,1.2358680642226483,303.0618943512162,1.314816409510425,305.127755321522,1.4367077999857567,301.7565686536317,1.1161749125313898,27.242782687242258,8.955710687367079,0.2,0.32207091615974587,259905.00000000003,1.0,26.44048088430091,14.348791729258679,801.600570378292,51.37452222458785,800.9982685753506,50.71746268787928,0.4666666666666667,0.34166035580415544,303.3504992079969,1.2894083486312553,0.7266007295000585,0.7157455889129124,259905.00000000003,1.0,0.43333333333333335,0.5592041885913394,7.07648709430962,3.243829754179093,7.369754490476345,3.2921828277704637,934508.4269591572,173894.33629529664,259103.39942962173,51.374522224588205,558797.5144516104,184028.3893407419,259897.92351290572,3.243829754181811,706260.5015331692,152091.4272827003
1735,284.9174591776558,1.2193965124977104,303.11758634491974,1.2972926439599834,305.1488746823371,1.4283452268026353,301.814216689587,1.0875707001575532,27.32754507346515,8.933400472713185,0.2,0.32207091615974587,259905.00000000003,1.0,26.3546913037524,14.412510391248862,801.5734241480047,51.35489825643068,800.800570378292,50.60586446654624,0.4571078757899208,0.35075749351514296,303.3853504705998,1.2661890203304338,0.7408964170494984,0.7313808486048097,259905.00000000003,1.0,0.43333333333333335,0.5592041885913394,6.768924010593454,3.294446609567144,7.07648709430962,3.243829754179093,940985.954100121,176233.92401145183,259103.426575852,51.35489825643063,569729.0886901049,186486.0135357045,259898.23107598943,3.294446609569563,705726.13335766,152052.04654256415
1736,284.999096899714,1.210677845342121,303.2044394104874,1.288016763099999,305.1925885552984,1.414514796273758,301.8808047469627,1.0629557031182517,28.454898096042033,9.503657330288283,0.2,0.32207091615974587,259905.00000000003,1.0,26.837871949653646,14.45837362381817,802.1904502943931,51.85063094135147,800.7734241480048,50.58549819699924,0.43972300886014176,0.36025001317327254,303.4123982854844,1.252399774498509,0.7666666666666667,0.7408796272703134,259905.00000000003,1.0,0.4142157515798416,0.5594926853604033,6.416473095506629,3.3808046035171455,6.768924010593454,3.294446609567144,957433.3759083503,186804.33338024537,259102.80954970562,51.850630941351795,593257.2311270993,210286.02656322136,259898.58352690452,3.3808046035218338,704256.8483130609,152913.849598946
1737,285.1276439143537,1.2768771674872712,303.25643110451324,1.2639733977407748,305.20623971155914,1.4027070468008795,301.91620485557047,1.0348161005042429,29.629593950906397,9.1514319766136,0.1617648364930164,0.2695711633195238,259905.00000000003,1.0,28.110251372957986,14.804939679125619,802.7480280358485,52.22669592089268,801.3904502943932,51.09869143708664,0.4350482745433092,0.36132902701365177,303.42196321834194,1.2410620076603038,0.747549084913175,0.7396758092334849,259905.00000000003,1.0,0.4081223903505212,0.5533694265146158,6.077046400943976,3.411312790453918,6.416473095506629,3.3808046035171455,981932.6384620514,203109.49115581324,259102.25197196417,52.22669592089303,619012.2908356679,235489.9216543089,259898.92295359907,3.4113127904600136,711187.7878780366,151461.37396682226
1738,285.2302410297364,1.3816427092008772,303.21197852836485,1.2908490737205978,305.1369341948142,1.476705693928224,301.89211933479714,1.057334413574732,30.726167302132815,8.720976396055276,0.13046053228088395,0.22741907162334213,259905.00000000003,1.0,28.146431546082972,14.835293396132393,804.3973032596175,52.84357454830378,801.9480280358486,51.48921238158482,0.4312209257956494,0.3628701381852149,303.38804267687055,1.2868236817009906,0.7223381419303628,0.7521503332567796,259905.00000000003,1.0,0.38401598636897183,0.5223098287403314,5.738724245382585,3.3354103719788837,6.077046400943976,3.411312790453918,999748.4013900801,213922.05949541205,259100.6026967404,52.84357454830524,637396.2947543043,253226.56370903752,259899.26127575463,3.335410371986116,721713.5416258635,152143.67079002748
1739,285.2771742665097,1.4267816348456899,303.0530777971439,1.4583608986490144,304.9541691141765,1.692901857643277,301.73330198199267,1.2690749321235593,31.64209255247987,8.156694767931333,0.1048307357187025,0.19383425067579385,259905.00000000003,1.0,27.831838529046237,14.459215009201298,807.3027265473324,52.70551968755797,803.5973032596175,52.14100527183795,0.4280873576731858,0.3645673091635425,303.24029067191685,1.4934509537348295,0.701697167596239,0.7634886589871801,259905.00000000003,1.0,0.3929557047133935,0.5382563524643247,5.4299827824997395,3.1331318426246915,5.738724245382585,3.3354103719788837,1010897.7293239884,219717.25502878128,259097.69727345268,52.70551968756,645964.6710960324,259575.41580123638,259899.5700172175,3.133131842632223,732929.3654817713,155474.2690208397
1740,285.26326099586726,1.415055584815457,302.784650669825,1.799132849716806,304.67724828655656,2.0867060965957953,301.48631427075463,1.682896780271089,32.11577444409531,7.925454712026369,0.0838468330781122,0.16733857731870752,259905.00000000003,1.0,27.688977041815626,14.340053430324117,810.845677116534,51.4920231048058,806.5027265473325,52.04730388528759,0.429038291730472,0.3637962605114243,302.97593969848117,1.8659070641878757,0.6847977671353984,0.7734925332650259,259905.00000000003,1.0,0.4193925087993188,0.5844086281384184,5.16457752416366,2.816040135005704,5.4299827824997395,3.1331318426246915,1012147.2911332981,221067.92933823811,259094.1543228835,51.49202310480766,643740.8125649488,257529.891459758,259899.83542247585,2.8160401350127775,733350.5726591983,156127.28226609572
1741,285.1936516790649,1.3520992553342488,302.4200132769855,2.2172049613789713,304.3043939272808,2.530360708857985,301.1427464698346,2.24769360218263,31.955270497032316,8.156695641264449,0.06666666666666667,0.14668719796566035,259905.00000000003,1.0,27.1638048642631,14.003841073678949,814.7704760826365,48.520276949961776,810.045677116534,50.87575722938521,0.4142157515798416,0.36675312416069256,302.62996842155655,2.42247354273848,0.6518441265160363,0.7811242689431642,259905.00000000003,1.0,0.6488047070212513,1.411766800279416,5.161538104668875,2.808113844829302,5.16457752416366,2.816040135005704,1013844.4918466484,222854.07306644873,259090.22952391737,48.520276949963126,637723.8621830996,251541.36099366995,259899.83846189536,2.8081138448387737,733863.7536798182,156857.095210266
1742,285.0884521734205,1.2876455400277083,302.0185802999551,2.6245881133043887,303.87409473126314,2.9646354580492975,300.7442256293483,2.742961412999583,31.521692885897572,8.80474322156079,0.06666666666666667,0.14668719796566035,259905.00000000003,1.0,26.42888691869816,14.079763671757997,818.9966153831693,44.12354149614734,813.9704760826365,47.933576170747536,0.39856359947377534,0.3742527852296223,302.22294214458964,2.9199167695818833,0.6510145145606004,0.7808810827022876,259905.00000000003,1.0,0.8331150461907573,1.692056395932066,5.343638636299032,3.3663781887964346,5.161538104668875,2.808113844829302,1016927.1240185959,224937.04640502506,259086.00338461684,44.123541496149116,633308.7514697731,248406.0573169611,259899.6563613637,3.366378188802606,736919.4926080556,160660.0307146491
1743,285.0423243509471,1.2821111510435916,301.67981147402173,2.9704746835748455,303.4525812575364,3.2948185785100836,300.38295342490767,3.13545959295227,30.54746783481256,9.58322207730841,0.06666666666666667,0.14668719796566035,259905.00000000003,1.0,26.08829900267844,14.244110304453537,822.5891175486368,40.042284176311874,818.1966153831693,43.55791951603277,0.3857487011926846,0.3812690372753819,301.8225134224577,3.2748095048337196,0.6060578140018464,0.7348468378538129,259905.00000000003,1.0,1.0006073451478352,1.8482317960234227,5.73818816744502,4.414866443973935,5.343638636299032,3.3663781887964346,1018849.5948270358,225873.85494915757,259082.41088245137,40.04228417631392,635331.7898523528,249246.50225878478,259899.26181183258,4.414866443980839,735718.3849893204,159218.22918899136
1744,285.00174821681094,1.3056183010796358,301.3477979882383,3.339367670066947,303.04804278851356,3.6428936238003864,300.0455910046149,3.4927991834077985,29.863554658529956,10.057170237376189,0.06666666666666667,0.14668719796566035,259905.00000000003,1.0,25.855511255840664,14.449630415327077,825.7304942846594,36.68069258649068,821.7891175486368,39.493495299102634,0.36569795899564356,0.3853256189574326,301.46039757797075,3.6145167184137104,0.5883679624509683,0.7141772520996842,259905.00000000003,1.0,1.12718899326969,1.9064616588086138,6.277009198263742,5.53635623948487,5.73818816744502,4.414866443973935,1017607.650442115,225126.96519912517,259079.26950571535,36.68069258649234,634283.9601590518,248906.50027691716,259898.72299080176,5.536356239487604,730837.2055936626,151055.96247862032
1745,284.98872464710104,1.3181907542274987,301.045212284375,3.6638272596518973,302.6782781009519,3.947358751932878,299.72857184416523,3.783282992539399,29.14146224350362,10.668296417978913,0.05710787578992077,0.14108660847726393,259905.00000000003,1.0,25.680075722073177,14.625326884228413,828.3347729302999,34.14207549848747,824.9304942846594,36.15279211379328,0.3301642179833959,0.36724579113758005,301.13541971715034,3.904890637230562,0.7363841818735605,1.1868356922299061,259905.00000000003,1.0,1.2237923160703243,1.9207477820701064,6.764417332460506,6.169572233887701,6.277009198263742,5.53635623948487,1022538.2811438537,224492.3635468114,259076.66522706972,34.14207549848837,639767.1644062647,248425.4914538618,259898.23558266758,6.169572233892399,732362.4586163326,152102.69336477318
1746,284.995189009253,1.3087883774360318,300.76369885644914,3.9689241199063843,302.32918322811963,4.260678096763006,299.4304619060205,4.040122948410806,28.384148683343522,11.210966503276108,0.039723008860141754,0.11075742749864306,259905.00000000003,1.0,25.57205222745435,14.759029013252208,830.3071463773289,32.75245661506974,827.5347729302999,33.63841581458667,0.29854582586003836,0.3527149984914576,300.8242561094962,4.1817926115705575,0.864602577961199,1.3961945063607126,259905.00000000003,1.0,1.229038291730472,1.917502261582484,7.1288530462297794,6.418988725106473,6.764417332460506,6.169572233887701,1025398.7397539965,223103.01830455472,259074.6928536227,32.75245661506981,645802.4555059724,244390.7723382309,259897.8711469538,6.418988725110796,735441.7808707319,153554.5033322125
1747,284.9926784185187,1.3134482026333003,300.4732874018252,4.277728878905243,301.9922319728283,4.577056916192214,299.12217831117886,4.303032659134741,27.626674861134028,11.577025060166852,0.025489483666563277,0.08330691464537773,259905.00000000003,1.0,25.44889138949399,14.909032812573242,831.6594403653024,32.321724175719865,829.5071463773289,32.277697123739514,0.25354129411227516,0.2953871693196685,300.51182271074805,4.474869938327497,0.9721047475332043,1.4990168576975977,259905.00000000003,1.0,1.2333333333333334,1.9147967908662313,7.390081632029908,6.488454362767417,7.1288530462297794,6.418988725106473,1031039.609253457,218846.36467205724,259073.34055963473,32.32172417571996,654067.8383011381,238047.77831633977,259897.609918368,6.488454362772382,739921.1728308317,154353.63834933692
1748,284.9492830979345,1.3797882084814863,300.1396584483799,4.555984940052697,301.6320395583339,4.879933681173001,298.76007402912956,4.567756563801731,27.207937916123566,11.959392996688825,0.013836058865870342,0.05656471964799005,259905.00000000003,1.0,24.611484414909416,15.329139662076848,833.4420578076507,31.604630957555024,830.8594403653024,31.875671768378194,0.21669469994250704,0.25108367251809877,300.1568703045593,4.788736277313496,1.077702493014469,1.5392187832395858,259905.00000000003,1.0,1.2428921242100792,1.9091350050200095,7.555271263225519,6.488590471015009,7.390081632029908,6.488454362767417,1034594.5877760728,216925.82341934645,259071.55794219236,31.604630957555166,658002.7290354291,236484.05872778708,259897.4447287368,6.488590471020388,747722.9055295194,154402.3450103949
1749,284.84893218027355,1.4766459667608565,299.74570918239385,4.7803567693144915,301.23243839751683,5.122703279512083,298.36797102589566,4.7708180477695405,26.895861154409385,12.304739427422858,0.004295041602861385,0.02352491171310326,259905.00000000003,1.0,23.52485050075085,15.590358642862482,836.0087734197064,29.77488631995925,832.6420578076506,31.195638063233062,0.19004374279554598,0.22850339215839213,299.76534803806555,5.045258945027012,1.1475668585269119,1.5496120653188836,259905.00000000003,1.0,1.2602769911398584,1.8997784801314523,7.667981395838465,6.466851612745207,7.555271263225519,6.488590471015009,1038747.6548580093,212763.89967566045,259068.9912265803,29.774886319958988,664084.9237423938,233732.8819574789,259897.33201860418,6.466851612750605,760297.551462807,143172.41924553917
1750,284.7343702715237,1.552456041513852,299.3365971738257,4.945419036262462,300.76008335078456,5.256867506767916,297.9477906644288,4.930656564514468,25.897642229207694,12.578220133998096,0.0,1.0,259905.00000000003,1.0,22.317768484836538,15.594466678547272,838.7886471640775,27.39516902862329,835.2087734197064,29.412707261498614,0.15613916811889764,0.1693545120349447,299.3074079801204,5.233562885697846,1.1449867581340263,1.551247830373327,259905.00000000003,1.0,1.2840693072101828,1.8878831428207574,7.8070639449146215,6.440704900394966,7.667981395838465,6.466851612745207,1034756.1235885122,215159.90798601613,259066.21135283593,27.39516902862505,666847.9954120737,233265.83238313458,259897.1929360551,6.440704900400812,768031.0376455716,138839.71829644174
1751,284.58238925154546,1.6259583854484234,298.8881528302974,5.071587808167433,300.2746935018389,5.327836279553573,297.50160135219613,5.030638523046033,25.183882862098397,12.944867484947753,0.0,1.0,259905.00000000003,1.0,21.26708892049021,15.758971669397697,841.9054411056857,24.032335050199894,837.9886471640775,27.086157895251002,0.13189693280710865,0.13291290434982309,298.8272824890387,5.317001772423281,1.1524331414730882,1.5470470979044035,259905.00000000003,1.0,1.3035488080639088,1.877161472736374,7.958179611505442,6.408350681533921,7.8070639449146215,6.440704900394966,1033176.3333965441,216539.9315093272,259063.09455889434,24.03233505020156,669446.6921752226,232785.536697499,259897.04182038852,6.408350681539387,776536.2795441168,130445.36035398219
1752,284.42899148607887,1.7022104402464342,298.4384358370307,5.174410761857343,299.7803899007839,5.3568993679346075,297.0572471050464,5.085154373990809,24.644675880884552,13.09921657838719,0.0,1.0,259905.00000000003,1.0,20.401813598359848,15.992063234889377,845.3483033882104,19.89968199125962,841.1054411056857,23.788161398820236,0.11908203452601793,0.12608125542150708,298.3294884301083,5.346915366067969,1.1645720327427198,1.5403845551909592,259905.00000000003,1.0,1.3194972744674631,1.8677132616074326,8.113104853230185,6.368640331484771,7.958179611505442,6.408350681533921,1030908.9622423493,219156.68526044226,259059.6516966118,19.8996819912591,671433.7501962966,231805.6192060362,259896.8868951468,6.368640331490453,782998.8936170583,121285.836456429
1753,284.2681598912004,1.8285230334800762,297.9816345780545,5.30152432148925,299.3001594883589,5.395990328701983,296.6166488519675,5.150796119848599,23.94863967206431,12.926929761751692,0.0,1.0,259905.00000000003,1.0,19.955587112179728,16.25674529942938,848.541355948095,17.735521805897786,844.5483033882105,19.74890804067508,0.10859008320572278,0.12227538325032966,297.85469615056275,5.36254653326017,1.1936280980869287,1.5283484020382527,259905.00000000003,1.0,1.329038291730472,1.861460940919997,8.24851504687373,6.321181365676611,8.113104853230185,6.368640331484771,1027946.0200300753,222819.3247324037,259056.45864405192,17.73552180589851,672307.6575187567,231075.20525633023,259896.75148495316,6.321181365681546,783686.5375606781,120281.393158734
1754,284.08109556739976,2.0483954049353303,297.49838046260214,5.488653248826472,298.81634545768213,5.481396065310572,296.1408905832359,5.259137027657845,23.31240639797229,12.855021881164447,0.057352745260475416,0.3141339231400989,259905.00000000003,1.0,20.315974628550695,16.155606886178703,850.6804349722561,16.89779489821247,847.741355948095,17.715976170851174,0.1,0.12047755832048249,297.34616278535293,5.423309978064205,1.2304924658704337,1.511813133779811,259905.00000000003,1.0,1.3428921242100793,1.8527547962714548,8.360914705213375,6.27282614597695,8.24851504687373,6.321181365676611,1029265.7083448789,221083.2939622149,259054.31956502778,16.897794898213004,671164.8299443768,232300.7838564148,259896.6390852948,6.272826145981125,782388.1076832452,122078.03143110385
1755,283.8661196186385,2.3819723462729128,296.98720319901565,5.761406008403595,298.3371257023581,5.646276382619718,295.6363457284107,5.4431100891238,22.976688841793017,12.808546698623756,0.10430920157867411,0.3990682801730881,259905.00000000003,1.0,21.178867895339174,15.963400851669823,851.5739467171313,16.831802719890636,849.8804349722561,16.981846041360203,0.1,0.12047755832048249,296.8288498816899,5.554631508363038,1.2511156665908205,1.5026878496859724,259905.00000000003,1.0,1.3602769911398582,1.8421360623647607,8.470076029762412,6.2174070804265975,8.360914705213375,6.27282614597695,1047115.209436028,217633.79021825516,259053.4260532829,16.831802719890632,681157.3386118984,223157.77351960092,259896.52992397026,6.217407080430847,793702.1501659201,128525.41999255666
1756,283.60695590905647,2.7617498597042762,296.43025807519837,6.048439760401742,297.81716687701623,5.8530460152208965,295.10999065159746,5.664792353482764,22.70435237978558,12.828150151409954,0.14275389642194627,0.44192589557104955,259905.00000000003,1.0,21.808330311006717,15.787803238936178,851.5272148894882,16.82452900980006,850.7739467171313,16.95983848222739,0.09044120912325411,0.11645757193279514,296.28424066108266,5.765207246912115,1.2740428234782353,1.4918545941338632,259905.00000000003,1.0,1.3936280980869287,1.825642882537419,8.589661304371106,6.15224786157477,8.470076029762412,6.2174070804265975,1062386.0611116213,204927.57236140323,259053.47278511053,16.824529009800095,689146.119737637,212429.56541115668,259896.41033869566,6.1522478615780525,804095.5445350582,123546.16618076694
1757,283.362947581764,3.054211104020639,295.8891823307914,6.264177498714688,297.28297130395237,6.0252810135045145,294.55572475590384,5.892907622950962,22.39634368232622,12.965997813104163,0.1742297503828317,0.4644608640644644,259905.00000000003,1.0,22.330723513912513,15.503960220802899,850.618605307519,16.50548884889352,850.7272148894882,16.95033821820574,0.08261513307022099,0.11429189171905502,295.6951443704786,5.9653342816498665,1.2892975092565933,1.4827230151246045,259905.00000000003,1.0,1.4496100476239255,1.8070901211897656,8.749973842738438,6.071417397809756,8.589661304371106,6.15224786157477,1076103.8020445365,187886.02045188504,259054.3813946925,16.505488848893297,697392.900080968,199116.85744533836,259896.25002615727,6.0714173978122785,812243.0958374826,114358.90332941832
1758,283.1762936863975,3.2111771787640526,295.40763037693137,6.361854743405312,296.7939770844346,6.119417014337705,294.06639477366303,6.043819847930304,22.057495494284897,13.206823249580447,0.20955879087674592,0.4903395550347467,259905.00000000003,1.0,22.708103114361947,15.391216095140136,848.9584388965652,16.339316850474553,849.8186053075191,16.588443143825383,0.07620768392967563,0.11331921170435967,295.1451048175064,6.098974048641061,1.2947540243398525,1.4787096181036308,259905.00000000003,1.0,1.4763266095736327,1.817131287471792,8.931546427972219,6.0320694169725515,8.749973842738438,6.071417397809756,1076465.3912011122,187791.99924744942,259056.04156110346,16.339316850474045,703722.080599654,192536.81531835705,259896.06845357205,6.032069416974396,809548.8971620108,113862.65765957959
1759,283.0368161721199,3.273194300074504,294.9745401252007,6.344450609900309,296.34122301888397,6.12469756869179,293.6299575650141,6.08605792373014,21.12502063132255,13.26778236844044,0.22694365780652492,0.49189666795885156,259905.00000000003,1.0,22.742691386582248,15.384450391467508,846.313824483499,15.58175424414936,848.1584388965653,16.33923796538455,0.07096170826952805,0.11307447125149113,294.6607210576166,6.132218494772489,1.3148225401506306,1.4663747702965513,259905.00000000003,1.0,1.494683797812359,1.8192050412383216,9.111407685633946,6.026073669488142,8.931546427972219,6.0320694169725515,1071155.1630514567,192153.5142539666,259058.68617551652,15.58175424414881,706995.6181326318,188716.88887871304,259895.88859231438,6.026073669490142,804169.1091348213,119001.27494429932
1760,282.83197960955795,3.3232617183881357,294.47246377705966,6.246027334756122,295.8864423551369,6.019463276459421,293.1555755742681,6.057461492406583,20.703611576120377,13.316049995478576,0.2411771830001034,0.49128091720123096,259905.00000000003,1.0,21.579428077924458,14.60269576747758,844.3968307986949,16.324116889683253,845.5138244834991,15.440569764510057,0.05710787578992077,0.09308525483781031,294.2139952870029,6.048921005938248,1.344328524736304,1.4477939311562442,259905.00000000003,1.0,1.506196909717434,1.8180628884281853,9.273276070615076,6.040458828582701,9.111407685633946,6.026073669488142,1058941.5323990833,199843.0936300793,259060.60316920132,16.324116889681406,696452.5596611933,196855.9994619915,259895.7267239294,6.04045882858463,800450.5019119703,123617.45983347124
1761,282.6539146165825,3.3256207519071403,293.99790501108936,6.066856509202262,295.4357725056221,5.8311889830539805,292.65490641893877,5.937855943575197,20.221251468080368,13.153583404981564,0.25283060780079636,0.4895059736161736,259905.00000000003,1.0,20.87600334159362,14.160776113158699,842.9186592984228,17.506587966558758,843.8262417797367,16.39770278697379,0.049281799736887656,0.08732356919807122,293.7347062168174,5.899599022494252,1.364969499070428,1.4322983586291609,259905.00000000003,1.0,1.5468252467127064,1.8186913389533934,9.455131818257355,6.089793347191024,9.273276070615076,6.040458828582701,1048799.0516122314,202912.74839956057,259062.0813407016,17.506587966558072,687801.8483584771,198882.9429296145,259895.54486818175,6.089793347193195,795128.4231362732,128102.86404180793
1762,282.51667390582764,3.315582503073127,293.56603315763874,5.855793383295051,295.0053323180391,5.5910517426855,292.20616432645244,5.739601332092495,19.230613042164887,12.26661878199102,0.2623716250638053,0.48719210101363425,259905.00000000003,1.0,20.280970295730302,13.53080668999899,841.2231672261082,19.268977892255744,842.5358961047374,17.608358771277064,0.042874350596342294,0.08343931880050365,293.290121128288,5.655993228287936,1.324516154270793,1.4390306469405614,259905.00000000003,1.0,1.5790982585958622,1.818342606058236,9.709713922582424,6.167251693639368,9.455131818257355,6.089793347191024,1039186.651190438,204237.02907701686,259063.7768327739,19.26897789225562,685595.8854236875,199283.4321992473,259895.29028607745,6.167251693640917,789496.0452233661,131006.03960553417
1763,282.41226522084395,3.27286229751725,293.1676244066301,5.551038588666004,294.6020534076737,5.26321966556898,291.79218515061046,5.445534712137632,18.72532983987999,11.871474817560445,0.26666666666666666,0.4853638363470021,259905.00000000003,1.0,20.10166106416279,13.275888603622835,839.3511849208465,22.041603752824557,840.994182811796,19.37448906939672,0.03762837493619472,0.08090068482133586,292.88531547192576,5.350480374255312,1.2531605933114809,1.4289115218851445,259905.00000000003,1.0,1.6221129220878225,1.8006218705852073,10.078666251358765,6.2217999366128005,9.709713922582424,6.167251693639368,1041657.6997420638,203666.40832600265,259065.64881507918,22.041603752821075,690054.3729178867,198623.46646843283,259894.92133374867,6.221799936613651,787543.2030654467,133753.60278493035
1764,282.33039588351744,3.223103681798042,292.7923288597764,5.179384531139244,294.22930814834353,4.863587365187069,291.4167215630993,5.068320113258873,18.567351519253208,11.830500144345827,0.3049018301736503,0.5082721936729471,259905.00000000003,1.0,20.05594078750374,13.241756292567604,837.215643052035,25.88121666007664,839.0091341504592,22.762536104098384,0.03333333333333333,0.07929507613443851,292.5125831314883,4.961025550299315,1.1877066358589377,1.4341038369404926,259905.00000000003,1.0,1.6573303499219914,1.781925975491609,10.557848756298565,6.238862188856555,10.08822504223551,6.231921558788705,1038217.016927908,202942.50901415228,259067.784356948,25.881216660071853,691219.2029226873,198521.95088083754,259894.4421512437,6.238862188856466,784956.5882863518,136000.42980293138
1765,282.32719763218853,3.220098384855468,292.4985350902644,4.784337193151629,293.91298699913426,4.434895966800385,291.1170201610337,4.6631213902604,18.090029075891426,11.797386329446335,0.33620613438578273,0.5176791183034493,259905.00000000003,1.0,20.60506523337543,13.356748706896399,833.9297790869207,31.539029415982565,836.7810213787906,26.999648642221388,0.03333333333333333,0.07929507613443851,292.20006129775084,4.551585816166165,1.130600985335871,1.4465138209743769,259905.00000000003,1.0,1.6861639411341298,1.7637235670629579,11.130796579026603,6.194918421333853,10.575233623228344,6.257606180659665,1033552.7127125978,203175.76932238275,259071.0702209131,31.539029415977545,688587.3366640699,197984.76047420598,259893.869203421,6.194918421333419,777991.7002497154,145081.5951601993
1766,282.3175432013149,3.2089437663493547,292.1973017580639,4.270602756273024,293.6302820591038,3.9181604746360827,290.84891297615945,4.196186226289231,16.763905809116153,10.309238342738436,0.3618359309479642,0.5194903323630709,259905.00000000003,1.0,20.38464265190698,13.161257646764106,829.3523984114238,38.20460394902648,833.3349711851627,32.91129240269973,0.03333333333333333,0.07929507613443851,291.95667164059074,4.118612491641588,1.0838468330781124,1.4600230044230291,259905.00000000003,1.0,1.6957049583971386,1.7557648883444026,11.766447020415953,6.044654244332209,11.154588895096927,6.220583941021264,1016998.4126499481,200195.35675014154,259075.6476015886,38.20460394902294,670362.0470631333,180494.87620573954,259893.2335529796,6.044654244329338,772664.5211639574,154597.68061929764
1767,282.2663061600939,3.132883160898368,291.93628539589247,3.7696883248407618,293.4141024910988,3.4662206167986533,290.6233138876195,3.7557554226169403,15.594815663939176,9.027934868492144,0.3828198335885545,0.5170791371519136,259905.00000000003,1.0,19.609005045842956,11.96159791326243,824.2294319026697,45.64663335266161,828.626441118162,39.67474379190889,0.023774542456587434,0.06337806550179151,291.78399773593736,3.7712356843681225,1.0666666666666667,1.4699412504988647,259905.00000000003,1.0,1.6808824182465083,1.7649140147508078,12.409701063726267,5.868256768220806,11.795485312146425,6.075412093194029,994085.8291721451,186290.03831697535,259080.77056809736,45.646633352660615,648218.0858382182,151235.16514077288,259892.5902989363,5.86825676821677,761983.7816424947,164747.57216751014
1768,282.2126281520248,3.0432370622244043,291.7411563434176,3.3707954303618886,293.24964039264654,3.1120409053632208,290.42372627818827,3.343953950954608,14.310763770893436,7.585203346338589,0.4,0.5124628579998136,259905.00000000003,1.0,18.897148577764433,11.279790377318594,818.4097137624653,53.12082566133171,823.3960985693363,47.1187920736187,0.01594846640355432,0.049371964443921175,291.62472044805094,3.444499935279855,1.0666666666666667,1.4699412504988647,259905.00000000003,1.0,1.6652302661404421,1.7759209081435399,13.041597996533376,5.677737867533261,12.4430343970596,5.902518675767217,972118.9478499577,177826.88868972685,259086.59028623757,53.12082566133211,626766.5510216475,123336.60612170855,259891.95840200348,5.677737867531071,750010.8298135028,168592.73087931646
1769,282.19735650928953,3.0180635503638595,291.6417229037818,3.1770919298673683,293.1687772946109,2.9443704003843125,290.32014715232725,3.1456314263480576,13.08389627908145,6.143603661978926,0.4,0.5124628579998136,259905.00000000003,1.0,18.161933653005278,10.538057320059062,812.0983430552083,60.36055469503567,817.5763804291321,54.29874355998244,0.009541017263008957,0.036502219292503635,291.52722649079794,3.258520266174056,1.0666666666666667,1.4699412504988647,259905.00000000003,1.0,1.6237389952291137,1.7958664583102304,13.632003658429156,5.516332471415814,13.07493132986671,5.709327229509475,953008.5880102699,174200.65789012256,259092.90165694483,60.36055469503733,612059.7680574951,108387.95716426536,259891.3679963416,5.516332471414465,734572.3905895194,171798.00171989942
1770,282.2096471366176,3.0357056798449675,291.6166265941353,3.1368948359342084,293.1588850947277,2.9278086727982644,290.294677795991,3.104954579595633,12.052628709212676,4.741662352737733,0.4,0.5124628579998136,259905.00000000003,1.0,17.339246102619594,9.944979228268434,805.578392328468,66.89753341496365,811.2650097218749,61.31106199300684,0.004295041602861385,0.02352491171310326,291.5127815573694,3.234962597900064,1.0666666666666667,1.4699412504988647,259905.00000000003,1.0,1.5706512339962273,1.8154382996979053,14.169321559092051,5.405458094873407,13.665336991762489,5.545170549634954,931374.7126983812,174988.76111437936,259099.42160767157,66.89753341496552,598085.2116675194,104766.88323113335,259890.83067844092,5.405458094871279,717187.8813463878,173225.92265577326
1771,282.2612747427961,3.104127005392889,291.6699747921367,3.207596396927051,293.207594280266,2.9923265450608847,290.36282633977197,3.188551269661065,11.54181957501811,4.855108480256002,0.4,0.5124628579998136,259905.00000000003,1.0,16.711650193215757,9.821493910363662,799.175228376937,72.90044070465005,804.7450589951346,67.67339538007283,0.0,1.0,291.5872072368356,3.3252234080089065,1.0666666666666667,1.4699412504988647,259905.00000000003,1.0,1.3264520428511384,1.4532358186359444,14.462440268609855,5.532281567163134,14.202654892425384,5.431474320829704,915607.2352883312,164984.68016986037,259105.8247716231,72.90044070464957,599538.829759682,107855.51530841226,259890.53755973143,5.532281567162297,713188.7581480014,168841.43502048674
1772,282.3390600119887,3.1862874017673413,291.75035259744527,3.29249509998227,293.2914792044303,3.077055200408212,290.46790158831857,3.2934829452823386,11.402147800122956,4.872500077781216,0.4,0.5124628579998136,259905.00000000003,1.0,16.42891531925639,10.011469716213481,792.9151275244702,77.73740372039641,798.3418950436037,73.53803629650588,0.0,1.0,291.69818935367067,3.4335086344246193,1.037990294036429,1.4824444866391755,259905.00000000003,1.0,1.1335516204759095,1.2033214479550778,14.591334928382668,5.64063633016592,14.495773601943188,5.555885198360204,898905.6713151139,159652.86230942482,259112.08487247556,77.73740372039552,597624.2527849955,105749.11434994252,259890.40866507165,5.6406363301661955,705263.5483713552,161692.18140111628
1773,282.3922724310503,3.2369365721309817,291.80533867484723,3.344832493768378,293.3671913368552,3.146949304523804,290.555415911283,3.3711491514057137,11.499970570227305,4.8586836708453065,0.4,0.5124628579998136,259905.00000000003,1.0,16.072176644519246,10.268334824307692,787.109588116845,81.40772338625901,792.0817941911369,78.2667182605102,0.0,1.0,291.80663623899534,3.537692246049745,1.0145120658773297,1.493447494042495,259905.00000000003,1.0,0.9660593215188317,0.9701270699727251,14.576215517357504,5.622185912962645,14.624668261716003,5.6630036130389145,882297.0032277242,158229.0341929575,259117.89041188319,81.40772338625833,592217.5070848174,100955.93967912058,259890.42378448267,5.622185912962967,697292.0286820434,157400.0238889581
1774,282.44875590605994,3.274902308245898,291.86370499666117,3.3840638301589965,293.4347261677527,3.1890504631382517,290.6099794941293,3.404409045923841,11.51909348669353,4.867411837898892,0.4,0.5124628579998136,259905.00000000003,1.0,15.844935576851308,10.475293715894557,781.5504126933538,83.92052557172507,786.2762547835116,81.85220294111235,0.0,1.0,291.8984461932015,3.6070962660791994,0.9761721367022018,1.5045666427781694,259905.00000000003,1.0,0.8394776733969768,0.8248105865036052,14.472854387385613,5.467415719428025,14.609548850690839,5.644718670582396,867080.6535691839,155443.0608418282,259123.44958730668,83.92052557172414,587264.8144043067,99257.49022529146,259890.52714561264,5.4674157194308455,689421.4481887743,152170.55102004434
1775,282.46921439885546,3.284088932734306,291.88484542369815,3.393556683438471,293.4872701123281,3.216596425731124,290.6310276559429,3.4146563636892777,11.691653288766064,4.9103600155647245,0.4,0.5124628579998136,259905.00000000003,1.0,15.62560444818876,10.688908793273695,776.3831282005978,85.41975161416619,780.7170793600205,84.29493179545864,0.0,1.0,291.97514899467217,3.659284310125065,0.7822826127110125,1.2040513301264455,259905.00000000003,1.0,0.7428743505963423,0.7408265357687553,14.466779458604275,5.4597996891112786,14.506187720718946,5.491232778980117,855348.9743761822,153172.24885619906,259128.61687179943,85.41975161416536,581480.9998124591,97612.8866750633,259890.53322054143,5.459799689113993,683941.3931659054,148926.39828611747
1776,282.4555527588805,3.2816142656978595,291.87072847043197,3.3909995382394436,293.51496061226356,3.222121056760525,290.6176027465626,3.410487672873291,11.872159126036172,4.938838039651462,0.4,0.5124628579998136,259905.00000000003,1.0,15.480651623043405,10.846277960498641,771.5413023702572,86.03105879454428,775.5497948672645,85.7356738399944,0.0,1.0,292.0133325585614,3.6745020658513465,0.6330980875965205,0.942845520508854,259905.00000000003,1.0,0.7376283749361948,0.7456570102288297,14.604643079277283,5.566112320084304,14.50011279193761,5.48368802811778,845193.5711176279,155945.73551765946,259133.45869762977,86.03105879454257,572778.2498848465,109241.66451745194,259890.39535692075,5.566112320086988,674414.6403642797,147084.26106942983
1777,282.4098103868574,3.2890312562799515,291.8234611487309,3.3986637886303006,293.55400035949805,3.223960289886381,290.5608479030661,3.4144017038619734,12.466780517604628,5.858391582122863,0.4,0.5124628579998136,259905.00000000003,1.0,15.329781432075118,11.010089858837873,767.4449681224534,85.52165215594513,770.7079690369239,86.29638987068252,0.0,1.0,292.07178500361795,3.6891341164654055,0.5119467860632415,0.7197930276538207,259905.00000000003,1.0,0.7333333333333334,0.7496449628177384,14.859362959880709,5.656539416535622,14.637976412610618,5.588695757364901,843726.3396342257,155114.53309924263,259137.55503187756,85.52165215594306,569018.403012525,110386.59326943658,259890.14063704014,5.656539416537276,675740.0255656037,148717.9303885397
1778,282.3173365371908,3.330094539451892,291.7279045221088,3.4410959305923616,293.5525076330827,3.2244439871427555,290.4814205277714,3.4464374623694782,13.443193352019362,7.710429743904859,0.4,0.5124628579998136,259905.00000000003,1.0,15.210221995251793,11.14325963315834,764.4446061458876,84.20827112261927,766.6116347891201,85.74738578889823,0.0,1.0,292.0861860499097,3.6858533799629147,0.47966802585974355,0.609904225247092,259905.00000000003,1.0,0.7237745424565875,0.7573245053891677,15.136802809810886,5.611670809711809,14.892696293214042,5.677216324141423,847080.4596389589,159030.33075279574,259140.55539385413,84.20827112261735,563197.8717996879,111984.3582932212,259889.86319719022,5.61167080971417,680127.7137333993,156151.97916619966
1779,282.19149088929385,3.410470609168078,291.59786360767254,3.524151330646782,293.4934374182694,3.2604018789450278,290.35601699360546,3.5192496110698945,14.250091678145917,8.498318344539232,0.4286763726302377,0.5133770941457887,259905.00000000003,1.0,15.210448741856034,11.143027432400975,762.2222393762139,82.68170505053813,763.6112728125543,84.40687809484244,0.0,1.0,292.0340862473634,3.7130612545494124,0.4889497501321718,0.6411806119135899,259905.00000000003,1.0,0.7255072572803003,0.7569052126285314,15.406693650292347,5.453780171491886,15.17013614314422,5.6308136635920105,851702.4456196809,162326.82356619442,259142.7777606238,82.68170505053665,554594.8068372316,115000.89003204057,259889.59330634974,5.4537801714941665,683359.1900518507,159978.0666419402
1780,282.038058997174,3.5164184776174054,291.4393170905737,3.6336308419274044,293.38898498434276,3.3429395677387697,290.2090677919015,3.62207955480438,14.906761524107713,8.765895697825602,0.45215460078933706,0.5091852567091494,259905.00000000003,1.0,15.17537119395097,11.17864625980705,760.6681417722481,81.29565680616176,761.3889060428806,82.86085220100595,0.0,1.0,291.93660361711375,3.788961010727997,0.5658879790945484,0.7320635745845031,259905.00000000003,1.0,0.7173670933160421,0.7583475807906163,15.591506097847175,5.308971867188933,15.440026983625682,5.4717746878931734,855261.2482380224,163515.98022912617,259144.3318582278,81.295656806162,545657.9722415768,116233.8866045655,259889.40849390219,5.308971867190816,684850.5728726811,161342.32539604354
1781,281.8776188019426,3.64293732470969,291.27352858757814,3.7643672047658994,293.25265145595404,3.462201302831655,290.0444784895884,3.7442421548480267,15.41473029192409,8.823033938112609,0.47137694821097315,0.5023666263732444,259905.00000000003,1.0,15.357936183088226,11.027795182374701,759.4202255995395,79.99071747247548,759.8348084389147,81.46140690124668,0.0,1.0,291.7994388445769,3.8977347662667876,0.6158043997106433,0.7714577441700151,259905.00000000003,1.0,0.7107024907434069,0.7604322643246864,15.719737522213272,5.184773659877813,15.624839431180508,5.326259163491357,856351.2238609522,163436.95377246646,259145.57977440048,79.99071747247547,534418.0148972183,120472.3665581541,259889.2802624778,5.1847736598806025,684053.0194201164,160958.39484767552
1782,281.73796962192546,3.7406647927198557,291.12922430785346,3.865352319584403,293.10658457845665,3.5933239570791993,289.8742379010344,3.859980214354118,15.443511755088188,8.817043539568083,0.4871148751914159,0.4944229821390628,259905.00000000003,1.0,15.804720928370658,10.809441641353407,757.7385682177323,78.09849070258282,758.5868922662063,80.1457441224331,0.0,1.0,291.6235197007713,4.06003618921764,0.650630200121882,0.7904052799225216,259905.00000000003,1.0,0.7530399300438771,0.782104375127347,15.8554805854686,5.048237449396797,15.753070855546605,5.201623664561564,856487.9608185956,163350.92561211452,259147.2614317823,78.0984907025827,525274.2003397339,126410.6964620241,259889.14451941455,5.048237449399808,680167.8809569909,161857.91457756553
1783,281.6087528055753,3.8469238702824184,290.9956999299342,3.975153620105952,292.9610676595976,3.729122527347631,289.71546685827855,3.9726085307206604,15.337064532059768,8.817258118896481,0.5,0.4862601587958647,259905.00000000003,1.0,16.146348106416564,10.591083938442184,755.5959513100422,75.39216825427523,756.9052348843991,78.23873886969015,0.0,1.0,291.4535618134365,4.200013849877579,0.6545277753970353,0.7924757657365801,259905.00000000003,1.0,0.7912193762517565,0.7864751538669642,16.025505519656654,4.859064311044107,15.888813918801933,5.064617517492023,854979.6472731908,164847.96301148547,259149.40404869,75.39216825427604,517293.8393816724,135428.06601171204,259888.97449448035,4.859064311047598,677561.2575916804,163430.5242494859
1784,281.55527450965997,3.8929268272504536,290.9404387508601,4.022690235047871,292.8708279284642,3.813201313125956,289.6178920509519,4.048957336897452,15.187508520556731,8.852460312463123,0.4426472547395246,0.4362266851810908,259905.00000000003,1.0,16.024133420747518,10.552495940167956,753.4833458217786,72.76915457604736,754.762617976709,75.5129848231208,0.0,1.0,291.35638678329997,4.283272956373098,0.6376106013224578,0.787911146461748,259905.00000000003,1.0,0.8380791621051138,0.8049863512000178,16.259307413772643,4.589603183506011,16.05883885298999,4.87487737018349,856416.967394371,164233.67056045076,259151.51665417824,72.76915457604875,525686.1636765512,136628.35397656355,259888.74069258626,4.589603183508946,685257.1495691626,165150.9343758878
1785,281.6012867368734,3.8503662131680954,290.9879845515525,3.9787110786534425,292.85452170349595,3.828958370699343,289.61293971395844,4.053074277348176,14.802467921252068,8.894863551511586,0.39569079842132593,0.4032224302431992,259905.00000000003,1.0,16.063393368155545,10.609220077817719,750.9933962431205,70.11047534525221,752.6500124884452,72.86933015523726,0.0,1.0,291.34220296530964,4.295523261000203,0.6202435080064157,0.7875456299587923,259905.00000000003,1.0,0.8704024016351719,0.811281957090093,16.542799640734735,4.247067812165317,16.292640747105978,4.6045908079821105,842190.9295886984,144981.24171648518,259154.0066037569,70.1104753452538,528025.4914155521,138961.66469723685,259888.4572003593,4.247067812167759,677006.6321178691,153255.2108685418
1786,281.7421511889674,3.721311084483729,291.1335444459952,3.8453540828389907,292.9322028817765,3.7513451685306394,289.68382024185286,3.991669379770066,14.417785979695822,9.006759713823211,0.35724610357805375,0.3829675099598587,259905.00000000003,1.0,16.165072422047658,10.728175572209729,748.0555303638572,67.46895593358285,750.1600629097871,70.18386677992733,0.0,1.0,291.4090418784615,4.228993618891183,0.5999822263862631,0.7873176485468165,259905.00000000003,1.0,0.8777488501240447,0.8134958221057936,16.85389959780585,3.8524405390588803,16.576132974068067,4.2609661979378775,836028.4537991415,136729.2050421085,259156.94446963616,67.46895593358444,538046.5123618506,149007.855588545,259888.14610040223,3.852440539062221,673287.9088359749,149042.92087328545
1787,281.91053961124953,3.585667416099056,291.30754572766597,3.7051889567956477,293.05716740780724,3.6310741647733127,289.83112565464006,3.8625275132008112,14.176681179556226,9.15952267977122,0.32577024961716833,0.3716950243250771,259905.00000000003,1.0,16.161943292786138,10.726522817161536,744.9111646676769,65.04113571623516,747.222197030524,67.50771164699916,0.0,1.0,291.567376483282,4.0757030245979085,0.5869101746730824,0.7897128280592116,259905.00000000003,1.0,0.8375048275674906,0.8022529195376059,17.13782758403359,3.4806326953736164,16.88723293113918,3.8649826489092525,832376.4417896018,132515.06526932496,259160.08883533234,65.041135716235,549218.584127336,158027.86552862005,259887.86217241597,3.4806326953766717,671939.2994441709,148029.67934123732
1788,282.0897678450364,3.5131351694094954,291.4927482312591,3.630238848323465,293.2022220115267,3.531335547950457,289.97837500175996,3.7624723080793054,13.973783468198627,9.362710681563259,0.3095587908767459,0.3484524211731797,259905.00000000003,1.0,16.269035217780882,10.820200649251356,741.4730207938845,63.28331519731768,744.0778313343435,65.03967352423084,0.0,1.0,291.73975219673923,3.9279823813778645,0.5762076839296757,0.7955935311926309,259905.00000000003,1.0,0.766320645165892,0.7399495097852775,17.36127387860314,3.2326364908038485,17.171160917366922,3.4917066728262856,850449.9956120842,186862.90538940785,259163.52697920613,63.28331519731711,578980.5361735449,233650.32308172208,259887.63872612143,3.2326364908070935,689415.0570417229,188075.73904570082
1789,282.2737729400453,3.5239090690284494,291.6828866357359,3.6413718130640667,293.3748189390818,3.4808021024247657,290.12887185604023,3.718270601703101,13.80712036071888,9.538264129011795,0.30782607605303314,0.3474898561057184,259905.00000000003,1.0,17.03519209070337,11.879863293019232,737.1037896545137,62.74106027898919,740.6396874605512,63.2349582507865,0.0,1.0,291.9073042972071,3.8351532175559093,0.5709617082695281,0.7950569860882863,259905.00000000003,1.0,0.701007000608967,0.7171313440578385,17.524652504275913,3.045972656547293,17.394607211936474,3.2421813831665505,879196.6449838978,243485.30286596602,259167.8962103455,62.741060278990055,613271.3165175065,295063.36185919447,259887.47534749575,3.045972656550915,707375.4109999965,205962.09152936484
1790,282.620911300776,3.7068981462048147,292.041596156019,3.8304607476590475,293.7314744020158,3.73117449948467,290.38393001703287,3.7324586500905457,14.010625260813374,9.588129585475551,0.3064074491405454,0.3470731508776068,259905.00000000003,1.0,19.589381413104583,17.977738772101322,730.3852927197486,65.33427931757836,736.2704563211803,62.632175839663766,0.057352745260475416,0.3141339231400989,292.1177104547019,3.8338966136170365,0.5666666666666668,0.7936477813935373,259905.00000000003,1.0,0.6606079847373659,0.704671847363269,17.651927155679946,2.888882177112857,17.557985837609245,3.054256599024255,955426.7179969683,463918.06003722775,259174.61470728027,65.33427931757736,685318.475475417,459295.2587344609,259887.34807284432,2.888882177115224,729163.9721692873,227739.85486917017
1791,282.99305109821324,3.98753222339219,292.42614036795726,4.120449270623448,294.17872260458626,4.2032182662298965,290.72459573541295,3.856535174835405,14.941399739600328,11.167438569607526,0.3052459756601476,0.34698190484152,259905.00000000003,1.0,21.560915984710466,20.954171319760633,722.6271971656449,69.43991548106895,729.5519593864152,65.14087230012649,0.11386799245542001,0.43335109234263053,292.46005336813874,3.96383475953827,0.5762254575434126,0.7960260266866224,259905.00000000003,1.0,0.596329869834241,0.6486093250162471,17.705364901304105,2.82709248885711,17.685260489013277,2.896100243314095,1024469.1110744512,584927.038946877,259182.37280283438,69.43991548106987,745757.2550381328,547319.5506900039,259887.29463509872,2.8270924888593507,754073.7741626642,254201.32741639065
1792,283.405599097664,4.370529269067395,292.8524398037953,4.516213361750537,294.64982208913415,4.6956754297566725,291.1061792925611,4.152393383119423,15.732129802193574,12.040910661900503,0.3042950416028614,0.34707489467400965,259905.00000000003,1.0,22.94818681378345,22.562053702293216,714.2735117791188,74.89935179417803,721.7938638323116,69.16134053988989,0.1601387633517253,0.49104156044862324,292.828176581613,4.222634572640726,0.5840515335964457,0.796475785896564,259905.00000000003,1.0,0.5446940574744624,0.5896829528602845,17.699340758515458,2.8327939302668868,17.73869823463744,2.833817736705864,1079332.374698759,644368.7860005809,259190.7264882209,74.89935179417824,792955.7340829929,594961.6353333537,259887.3006592415,2.8327939302679677,771548.58173798,264146.65749209054
1793,283.7979088437419,4.768775761101486,293.2578263501348,4.927734801329637,295.11100539484534,5.184035966732463,291.4945684841505,4.536662870747395,16.25778636600897,12.588991751981718,0.30000000000000004,0.3501049113241584,259905.00000000003,1.0,23.542207361465838,23.14252622441144,705.8557574503286,80.90176901767207,713.4401784457855,74.54461185495448,0.1980220664531561,0.5211761678065921,293.2289470245508,4.599848367087879,0.590458982736991,0.7958425363754993,259905.00000000003,1.0,0.5069253696426496,0.5602674885299346,17.649140478754447,2.871276892286875,17.73267409184879,2.8395788303543767,1109818.6628219567,663404.5349612609,259199.1442425497,80.90176901767084,819913.4490771934,609966.8258077904,259887.35085952128,2.8712768922886975,780031.2859749715,261832.0918269855
1794,284.1697663080197,5.1298482300331045,293.6420790595296,5.300843179912822,295.5535205720519,5.6389476191498895,291.85282032002885,4.911496566524859,16.956794361972104,13.321620544555957,0.2617648364930164,0.3153143026806168,259905.00000000003,1.0,23.847228322744442,23.276330750951033,698.1091950916486,86.04522786978912,705.261393888914,80.7100405547425,0.22903829173047197,0.5364488900651637,293.6403503306151,5.045655898351951,0.6052637492738846,0.7910761509503313,259905.00000000003,1.0,0.4760029834113422,0.5432547646454046,17.543654255348493,2.9261731922427696,17.672915021211036,2.882762165777948,1128640.3376504874,669038.376015437,259206.89080490838,86.04522786978747,837324.7254841065,613615.4459232871,259887.45634574466,2.9261731922458165,784357.4836217187,260407.7503932532
1795,284.44342196161364,5.399010763133223,293.92485633598244,5.578977597437133,295.89355791352926,5.930476250261287,292.1328829520183,5.216917152471597,17.552370646639176,13.488925029073934,0.23046053228088395,0.29146300642647377,259905.00000000003,1.0,23.143151957956277,23.363683225152702,691.8892415879618,89.69204132226088,697.7104834315597,85.96045474952236,0.23333333333333334,0.5350659134735279,294.0154632156464,5.451613735637912,0.617384866929779,0.784238618980437,259905.00000000003,1.0,0.4471693921992037,0.5361642417905652,17.38938724702147,2.9696393318486076,17.559602721752047,2.9375709782419293,1122998.9560086683,671253.245343346,259213.11075841205,89.6920413222598,833993.6082468856,614715.641437586,259887.610612753,2.9696393318526053,786315.4171603479,258408.10824623075
1796,284.7203621977577,5.6752991996632,294.2110278182937,5.864475605974063,296.1672759126163,6.163938502277451,292.37282665541704,5.484365494983377,17.72142414857338,13.416442535204165,0.2048307357187025,0.27587258515896224,259905.00000000003,1.0,22.71558264550864,23.378578871145482,686.4517269237326,93.1886199254041,691.6507161563866,89.66440797860878,0.23333333333333334,0.5350659134735279,294.30482336739914,5.7749114792180825,0.6237923160703244,0.7797931336493916,259905.00000000003,1.0,0.44718716581294066,0.536163150257277,17.212764323150353,2.992043072770857,17.398928264284482,2.9780063512525676,1121188.2875101871,672193.5069830737,259218.5482730763,93.18861992540435,833287.8165063657,615027.4443469759,259887.78723567686,2.9920430727767062,787515.1833630849,256807.40263152096
1797,284.9844143265655,5.91946283116671,294.4838818136854,6.116778203493073,296.42691270419397,6.392327747981889,292.61261194200495,5.7475977025333895,17.849284001584408,13.347440880203848,0.18384683307811223,0.2662285917484157,259905.00000000003,1.0,22.436838810316875,23.37382072450332,681.5729492418504,96.7034392303606,686.344350883661,93.18496836070173,0.23333333333333334,0.5350659134735279,294.57902511173165,6.091544770425877,0.629038291730472,0.7759719439390356,259905.00000000003,1.0,0.4698357820166042,0.5489811202146468,17.040471988109566,2.965301566047638,17.21705936475321,2.996505735041631,1126955.1646090029,669861.1134871689,259223.42705075818,96.70343923036141,837854.2081755442,613273.0790344866,259887.9595280119,2.9653015660538524,792985.603798074,251288.41789447473
1798,285.2322832797141,6.133453780951635,294.74001313755116,6.337902217254558,296.6747485224122,6.585102261129346,292.8602911502313,5.991551500758214,18.149105241108643,13.14164650316807,0.16666666666666669,0.26066667382096875,259905.00000000003,1.0,22.280290749932163,23.411013983472614,677.2750970663603,99.92230559310205,681.5729492418504,96.7034392303606,0.23333333333333334,0.5350659134735279,294.8538914752642,6.359920099173498,0.6333333333333334,0.7727199108998458,259905.00000000003,1.0,0.5014541741399617,0.5621346562889569,16.88480051284587,2.89807541014779,17.040471988109566,2.965301566047638,1135954.2680647636,666027.4091909381,259227.72490293367,99.92230559310177,845809.1887574581,610122.4270050828,259888.11519948716,2.8980754101537425,799240.2760420175,246672.21525846745
1799,285.49295216220435,6.364426835516333,295.00937122727225,6.5765746223389785,296.91770191626324,6.770057697449561,293.1154240119268,6.236025234521439,18.290074288014026,12.996433361655745,0.16666666666666669,0.26066667382096875,259905.00000000003,1.0,22.34582168168013,23.40177499136183,673.0526830060276,103.3955251571804,677.2750970663603,99.92230559310205,0.23333333333333334,0.5350659134735279,295.11545912519057,6.5787806167863305,0.6333333333333334,0.7727199108998458,259905.00000000003,1.0,0.5273411241342331,0.565276256505589,16.749770011916297,2.8064436386098017,16.88480051284587,2.89807541014779,1146759.4410895656,661462.210732129,259231.947316994,103.39552515718114,854478.9752706875,607065.3641816411,259888.2502299881,2.806443638615486,807062.4289919885,239709.28776826384
1800,285.79865809211856,6.633410783915715,295.3252678148852,6.854525180718493,297.19890489381885,6.978553154683195,293.4040728687781,6.508759524074669,18.34417460844192,12.939232079563952,0.16666666666666669,0.26066667382096875,259905.00000000003,1.0,22.799309553216943,23.33707680899588,668.4308813945859,107.50778781450389,673.0526830060276,103.3955251571804,0.23333333333333334,0.5350659134735279,295.3892681022412,6.8021721451915615,0.6333333333333334,0.7727199108998458,259905.00000000003,1.0,0.5580943570746809,0.5695352344873706,16.641197702324313,2.702585657646859,16.749770011916297,2.8064436386098017,1162955.3850524253,653809.426073129,259236.56911860543,107.5077878145049,868629.51442082,601563.1295687605,259888.3588022977,2.7025856576541814,813736.1213320754,232133.66374009248
1801,286.1149716369887,6.9103200806834515,295.6521256978173,7.1406653486538625,297.5066445864075,7.201588674885494,293.7209298858451,6.81734139765566,18.434726990387908,12.838015825174693,0.16666666666666669,0.26066667382096875,259905.00000000003,1.0,23.16311490890084,23.207172190187393,663.5358268094062,111.95753401110356,668.4308813945859,107.50778781450389,0.23333333333333334,0.5350659134735279,295.6992499773125,7.062018820635816,0.6333333333333334,0.7727199108998458,259905.00000000003,1.0,0.5797564919935844,0.5649866530496265,16.544728736774484,2.5909804181672524,16.641197702324313,2.702585657646859,1172533.8888929149,650271.187417808,259241.46417319062,111.9575340111043,870346.0728313082,601549.0669895522,259888.45527126326,2.590980418173976,807994.7173706876,233677.0172097537
1802,286.4820764016487,7.22657464689889,296.0314678177969,7.467462220012963,297.8529747155792,7.445506605203229,294.0616493754303,7.1375927635186605,18.27945402920965,12.985987885217336,0.16666666666666669,0.26066667382096875,259905.00000000003,1.0,23.837282868572824,22.98069676377928,657.8113313033764,117.16062118149868,663.5358268094062,111.95753401110356,0.23333333333333334,0.5350659134735279,296.03785705936,7.339554892953041,0.6333333333333334,0.7727199108998458,259905.00000000003,1.0,0.6095765644904829,0.5568823542548166,16.47025376766852,2.4885898804655784,16.544728736774484,2.5909804181672524,1182387.0772967385,645190.8767925309,259247.18866869665,117.16062118149893,876799.3506978579,600512.4881923356,259888.52974623235,2.488589880471395,802360.5807998864,237517.13214596556
1803,286.89634946593236,7.553855354118173,296.45955044919873,7.805652876870297,298.2409541413635,7.711100151668373,294.4493192649485,7.480129445393194,18.048269604051605,13.157555751908042,0.16666666666666669,0.26066667382096875,259905.00000000003,1.0,24.431442701648255,22.674274917666374,651.2614915391131,122.72413049279933,657.8113313033764,117.16062118149868,0.23333333333333334,0.5350659134735279,296.41550157777965,7.655018322506656,0.6333333333333334,0.7727199108998458,259905.00000000003,1.0,0.6304746922566967,0.5448516666107303,16.410269477188226,2.3955911480815413,16.47025376766852,2.4885898804655784,1189160.878438038,640508.8518505298,259253.7385084609,122.72413049279956,881610.0897865226,598814.0554090823,259888.58973052283,2.395591148085651,795540.2707022916,244441.71352373098
1804,287.3482820736456,7.859597695820797,296.9265477791614,8.121587161290133,298.6708336766824,7.956078700965343,294.8980629551605,7.811325375807626,17.76692037942061,13.337400815712723,0.16666666666666669,0.26066667382096875,259905.00000000003,1.0,24.882288657171525,22.37454490385175,643.9794565946955,128.24871812616476,651.2614915391131,122.72413049279933,0.23333333333333334,0.5350659134735279,296.8273608157321,7.949713721760179,0.6333333333333334,0.7727199108998458,259905.00000000003,1.0,0.6571434230173947,0.5323649796388039,16.37170794180848,2.3275065184347574,16.410269477188226,2.3955911480815413,1194133.471218105,636942.2467716668,259261.02054340532,128.24871812616502,888104.5061908991,596128.7797318454,259888.62829205822,2.327506518437861,787082.2248380869,253006.5012768299
1805,287.8347140865958,8.105098150868258,297.4291945079597,8.375271453876175,299.1274898264119,8.179921839910596,295.3641214604012,8.078374598769315,17.495810127768866,13.469809178748022,0.16666666666666669,0.26066667382096875,259905.00000000003,1.0,25.183160132924588,22.12221240974978,636.125439922873,133.22981900248388,643.9794565946955,128.24871812616476,0.23333333333333334,0.5350659134735279,297.2762961591201,8.245600024087278,0.6333333333333334,0.7727199108998458,259905.00000000003,1.0,0.6850202412674689,0.5184828462918524,16.347169392199206,2.2804331024934514,16.37170794180848,2.3275065184347574,1194910.9789565043,636350.0462846321,259268.87456007715,133.2298190024843,892099.0352877544,594007.2466889613,259888.6528306078,2.28043310249491,778844.947885566,260176.12157369748
1806,288.35742024671265,8.275224695013797,297.96932437399784,8.551069161369893,299.6269446368991,8.345750458052368,295.8503984454203,8.271239762355691,17.167706470561377,13.645375655538945,0.16666666666666669,0.26066667382096875,259905.00000000003,1.0,25.501456050154243,21.845280572490633,627.6250236766136,137.67737724476672,636.125439922873,133.22981900248388,0.23333333333333334,0.5350659134735279,297.7485538849406,8.453382630209077,0.6237745424565875,0.7789038554372124,259905.00000000003,1.0,0.7078438496667702,0.5021000466471266,16.34718716581294,2.2804683066808704,16.347169392199206,2.2804331024934514,1195497.7509446118,635844.9860575064,259277.37497632342,137.67737724476873,901193.9354251232,586880.8045231678,259888.65281283422,2.2804683066832214,774699.4781253325,264670.26809995837
1807,288.90546312240457,8.3312683728257,298.5356356975088,8.60898118884237,300.1048548661406,8.438219690040201,296.3592712298453,8.33708339887502,16.71582735516365,13.457748836147998,0.16666666666666669,0.26066667382096875,259905.00000000003,1.0,25.720499791742316,21.62998745342418,618.4536845733683,140.55874946486503,627.6250236766136,137.67737724476672,0.24289212421007925,0.5333123452095433,298.19815471634047,8.594212050864275,0.6159484664035544,0.7841091483936893,259905.00000000003,1.0,0.7481736470977007,0.4917683023319223,16.3889533637701,2.3685148483895624,16.34718716581294,2.2804683066808704,1186429.5134635703,642002.2464244965,259286.54631542665,140.55874946486753,902146.3065011433,586200.1749053998,259888.61104663624,2.3685148483934366,760777.7441139054,270343.6431543597
1808,289.52682905117683,8.305008049344934,299.1777141765582,8.581845745135618,300.65895555159835,8.468769232867295,296.9352054287797,8.335940886400776,15.923738059613607,12.716452344365493,0.16666666666666669,0.26066667382096875,259905.00000000003,1.0,26.368218392210288,21.167234253076497,607.8425375741049,141.76138679003867,618.4536845733683,140.55874946486503,0.25071820026311237,0.5313441455918277,298.7416575721764,8.67013066643522,0.5426294811257877,0.7320319873273361,259905.00000000003,1.0,0.790751683396555,0.4799106789107158,16.541370607643728,2.6273133270241766,16.3889533637701,2.3685148483895624,1178826.4506848964,644736.9406736977,259297.15746242594,141.76138679004168,911618.096230966,580902.4706215153,259888.45862939238,2.6273133270263402,741624.2760530297,273628.6032302659
1809,290.20482376723186,8.185066191026385,299.87830907327424,8.457906044860353,301.2862574103206,8.404609526154928,297.5829088820177,8.258363366995123,15.253042275362557,12.27497657129766,0.13799029403642898,0.22685701966488905,259905.00000000003,1.0,26.960929926183965,20.769814648242342,595.9966596292471,141.25923600281166,607.8425375741049,141.76138679003867,0.25712564940365773,0.5293718393785556,299.3781373308325,8.662410262249473,0.4634833913409165,0.6139101428865646,259905.00000000003,1.0,0.8029775667205937,0.4788567160345718,16.780864783023404,2.9068918461065425,16.541370607643728,2.6273133270241766,1169164.3391204684,649208.385269864,259309.00334037078,141.2592360028151,918873.2812335327,575515.1566329013,259888.219135217,2.9068918461102187,723746.4345654469,279627.33506797376
1810,290.94257859421447,7.995840140593379,300.6406560184783,8.262372740674287,301.9812918703096,8.244317804403321,298.28860444661785,8.107830881375813,14.759740587573509,12.047427993560733,0.11451206587732962,0.20122074655900826,259905.00000000003,1.0,27.581559327550117,20.3245390546744,583.0603288233931,138.8469359191189,595.9966596292471,141.25923600281166,0.2623716250638053,0.5275124420277105,300.0663478334308,8.521616562270276,0.39868405364817133,0.48419544796082453,259905.00000000003,1.0,0.8094707907355156,0.47548865117596795,17.091651520110748,3.1120954711784585,16.780864783023404,2.9068918461065425,1162950.753959182,652169.6966792475,259321.93967117663,138.84693591911923,927464.9975954657,569403.5275280414,259887.90834847992,3.112095471180304,707008.7391931815,286834.9871469761
1811,291.73218436281314,7.718177061478512,301.45658241896047,7.975454358251321,302.7295275240879,7.983568299713838,299.0573810353335,7.896538661948239,14.400582942572207,11.930625571143572,0.09528971845569355,0.18219368093557406,259905.00000000003,1.0,27.92421628862441,20.088124811207727,569.4414057588853,134.4855279296378,583.0603288233931,138.8469359191189,0.26666666666666666,0.5258243878306129,300.82558825960456,8.317031417711126,0.3491473257460476,0.39095896968232313,259905.00000000003,1.0,0.8147869929231566,0.4714472014414036,17.457291187287858,3.2168942716421993,17.091651520110748,3.1120954711784585,1158701.9639447911,654617.3378979017,259335.55859424113,134.48552792963653,937497.8231835739,561072.9204091609,259887.54270881272,3.21689427164175,693460.9045749258,294357.3832939815
1812,292.4914609024205,7.352616960737815,302.2411685529904,7.597709211673672,303.4863296947301,7.598856597084933,299.82171416596015,7.583167960177598,14.405725655906576,11.930518672213072,0.07955179147525082,0.16838756201798827,259905.00000000003,1.0,27.85415515501945,20.130708736417333,555.9134244682971,128.77257460867966,569.4414057588853,134.4855279296378,0.26666666666666666,0.5258243878306129,301.61881383567527,7.933296763757104,0.3085900832057228,0.31632385765932264,259905.00000000003,1.0,0.7607961288219933,0.45321475443982406,17.80949723290413,3.2728790649704957,17.457291187287858,3.2168942716421993,1157740.2846000155,655245.517893207,259349.08657553172,128.77257460868043,946616.708446818,552771.7825327915,259887.1905027671,3.2728790649697745,687496.0805245639,298360.0760769776
1813,293.28581783216106,6.860731400639062,303.06200451496557,7.089427511817404,304.26755405953736,7.091603251559497,300.59476617299185,7.1617866719629095,14.304048210635354,11.949050784154116,0.07622545754341258,0.16301379381326137,259905.00000000003,1.0,27.95904398137308,20.066763929182137,542.182203240016,121.59940481547395,555.9134244682971,128.77257460867966,0.26666666666666666,0.5258243878306129,302.4006874614779,7.451665614185989,0.2808824182465082,0.2769887285647635,259905.00000000003,1.0,0.713075665351105,0.45551039121218667,18.141690480008723,3.290717897408975,17.80949723290413,3.2728790649704957,1159197.3019066001,654184.3413507761,259362.81779676,121.5994048154743,957514.951477979,541854.0721237666,259886.85830952,3.2907178974068607,684815.0049531242,300042.1781076755
1814,294.0302674583404,6.283077709516993,303.83126960342076,6.4925187775507,305.03482252916604,6.5108427470304475,301.34704780390007,6.652837363054811,14.48087042709212,11.937849151122391,0.0840515335964457,0.1648535331439333,259905.00000000003,1.0,27.806494428706547,20.166332419987608,528.7725277048052,112.7018116405887,542.182203240016,121.59940481547395,0.26666666666666666,0.5258243878306129,303.1775509633963,6.926033729421841,0.265230266140442,0.2716422750258933,259905.00000000003,1.0,0.6523620470181405,0.42290834567396396,18.428822260886424,3.3273209404534256,18.141690480008723,3.290717897408975,1156207.3140253762,656041.163523486,259376.22747229523,112.70181164058926,953944.162197186,544188.0898578812,259886.57117773913,3.327320940451708,672042.3184770797,301696.4489034311
1815,294.73167570987613,5.669557244615793,304.5560584619086,5.8585475308811565,305.8014865818943,5.887884569460697,302.06672299001553,6.113277441562284,14.640250655578877,11.883930937077533,0.09045898273699104,0.16520924878238957,259905.00000000003,1.0,27.329011179054852,20.247471964383035,515.9933081985921,103.58789758151927,528.7725277048052,112.7018116405887,0.26666666666666666,0.5258243878306129,303.92388972003744,6.368483652735772,0.25241536785935126,0.2748732667259686,259905.00000000003,1.0,0.6026539405583032,0.4082941967932855,18.679060833585375,3.3807670264366423,18.428822260886424,3.3273209404534256,1181965.7024262897,658290.0293399165,259389.00669180142,103.58789758151963,977551.1092846966,547907.3370688093,259886.32093916644,3.380767026434931,683688.7714154293,312527.71618688165
1816,295.35451601167335,5.035327094130396,305.1996604628727,5.2031763889814835,306.52288297965026,5.223900949690249,302.73355172998515,5.51349209442941,14.987075857592723,11.784239301314166,0.09570495839713862,0.16473580416665223,259905.00000000003,1.0,26.786577107117903,20.39904078426193,504.0981019906698,94.02680250634167,515.9933081985921,103.58789758151927,0.26666666666666666,0.5258243878306129,304.658584458244,5.741674552372366,0.251482207415802,0.2747017872146711,259905.00000000003,1.0,0.5619563851223602,0.40538029250626456,18.889535011291933,3.4301148443402125,18.679060833585375,3.3807670264366423,1200689.1821027407,658834.9088402268,259400.90189800935,94.02680250634288,991582.9109292103,549198.5684492834,259886.11046498874,3.430114844338839,689918.011044828,316451.74090430676
1817,295.9431785189864,4.345724005210765,305.8079453021199,4.490586396375805,307.2122198243986,4.475058357028394,303.3668953229806,4.895225310474635,15.216303762611183,11.651774445149336,0.1,0.16383175622084598,259905.00000000003,1.0,26.49674874173119,20.536668491448403,492.7176570115498,83.45962092416933,504.0981019906698,94.02680250634167,0.26666666666666666,0.5258243878306129,305.3261208794772,5.10473467250094,0.25071820026311237,0.27471576341497894,259905.00000000003,1.0,0.5557772490186634,0.40819959774000003,19.094594060047484,3.4729685579677296,18.889535011291933,3.4301148443402125,1213768.1992277475,657159.9819906637,259412.28234298847,83.45962092416912,1001064.6963930966,548786.3987754986,259885.90540593996,3.472968557966537,691861.192983886,317076.9582257371
1818,296.4286804725087,3.640991475136041,306.3096308380832,3.7623626864701816,307.81773270910946,3.6231106242742253,303.9413983253624,4.1847528085881125,15.703175820413433,11.38547958918474,0.0808824182465082,0.13811436786508682,259905.00000000003,1.0,25.830499145208474,20.843989940881233,482.50945126850826,72.25708786753097,492.7176570115498,83.45962092416933,0.26666666666666666,0.5258243878306129,305.94169387539466,4.368496866813034,0.25712564940365773,0.27088132815127836,259905.00000000003,1.0,0.5507182002631124,0.4112979367965034,19.288186610906937,3.513814436886841,19.094594060047484,3.4729685579677296,1199567.9418015394,653640.3889051323,259422.49054873153,72.25708786753073,981639.2479650923,541085.9482963105,259885.71181338912,3.5138144368863,672144.5872218111,294580.1386232703
1819,296.8586475895422,2.959998696801662,306.75393034868233,3.0586697817807424,308.3460482060776,2.713724669233198,304.441303923903,3.447008718049986,16.03299846255369,11.107798840589032,0.06523026614044197,0.1176362364321381,259905.00000000003,1.0,24.846208022177514,20.686263062263183,473.631011442744,62.72233660279292,482.50945126850826,72.25708786753097,0.26666666666666666,0.5258243878306129,306.46341237994125,3.532567277788233,0.2432540433103135,0.2647048271380262,259905.00000000003,1.0,0.5666844402804037,0.398273037829376,19.511617007877028,3.5385932537463844,19.288186610906937,3.513814436886841,1179278.9498430332,646798.2646739192,259431.36898855728,62.72233660279204,959550.5134592865,529723.5931073705,259885.48838299216,3.538593253747635,655299.7652879957,279956.67365976615
1820,297.14431544664484,2.6188914978665925,307.0491206099901,2.706192303643464,308.62904747245454,2.3813159656737706,304.8441527401656,2.878089769738446,15.785869038329782,11.116765224731864,0.05241536785935125,0.10149558990997497,259905.00000000003,1.0,22.094209533296407,16.673801987213224,467.270255579918,58.01222595810184,473.631011442744,62.72233660279292,0.20931392140619126,0.45016500694148753,306.8871412472804,2.818522241720432,0.24145572368385457,0.26125981058089054,259905.00000000003,1.0,0.5701977011168384,0.396178003783435,19.740358985310014,3.522645313910135,19.511617007877028,3.5385932537463844,1098340.8102053343,549272.3782351741,259437.7297444201,58.012225958098774,890210.9056493543,441681.5641595504,259885.2596410147,3.522645313912325,623090.8484404254,263742.66982324026
1821,297.34565545865644,2.3655570475721865,307.25717229699524,2.44441299016065,308.7843757137849,2.2661550103465258,305.1267771948908,2.4684055552723967,14.680601462468791,9.611179265165017,0.0419234165390561,0.08893242070344455,259905.00000000003,1.0,19.733292846933388,13.016727807619741,462.1756407789144,54.78650406849767,467.270255579918,58.01222595810184,0.15279867421124668,0.3531229202524442,307.174057824156,2.3760010091865458,0.22690811057905105,0.23367520103591558,259905.00000000003,1.0,0.5730741158072121,0.3939658593578122,19.986524990538175,3.4580575318348856,19.740358985310014,3.522645313910135,1022198.1895669793,435413.1426796369,259442.82435922112,54.78650406849483,827834.393366516,354829.1716101913,259885.0134750095,3.458057531838017,589396.7994084024,228163.0294657942
1822,297.44850102643125,2.2400525281073014,307.36344633948613,2.31472484973454,308.87868564810867,2.203288896819666,305.300148563887,2.2420579108191236,13.768651942439424,8.386155209785398,0.03333333333333333,0.07929507613443851,259905.00000000003,1.0,17.68112512012477,9.65482307297679,458.2298342678957,52.64650293165535,462.1756407789144,54.78650406849767,0.1065279033149414,0.265827887778163,307.3705561958369,2.066980556484981,0.21499753234626814,0.21487804287212794,259905.00000000003,1.0,0.5623538514500683,0.40092849079376475,20.233881309641973,3.3546212786985294,19.986524990538175,3.4580575318348856,959383.7950553016,336869.8410873127,259446.77016573213,52.646502931651014,774797.8658143476,279048.14964578045,259884.76611869037,3.3546212787029095,563293.4006910312,203168.26779814472
1823,297.5062220322974,2.1685118175215763,307.42309188942096,2.2407989149354175,308.9227657622542,2.174440345353575,305.40544222333534,2.117531766182661,12.900370735186694,7.244504800627625,0.042892124210079235,0.09148549957731149,259905.00000000003,1.0,16.056126991124323,7.1550267925313245,455.031185887748,51.0191604971054,458.2298342678957,52.64650293165535,0.0686446002135106,0.18163270199595066,307.4912681609638,1.9056268878951124,0.2052459756601476,0.2027567560121505,259905.00000000003,1.0,0.553576841339749,0.40760926176857604,20.482212175321575,3.211800581506357,20.233881309641973,3.3546212786985294,912580.3835872187,289147.4343581477,259449.96881411228,51.01916049710053,736480.2663106897,248295.4017986168,259884.5177878247,3.2118005815099604,545963.111581824,201477.4641230625
1824,297.53162354356243,2.132703658789331,307.4493406539689,2.2037964598457624,308.9040777705601,2.1907920737512847,305.4768650485156,2.026809578502074,11.876567935141317,5.1051924408651175,0.050718200263112356,0.0975321302572823,259905.00000000003,1.0,14.819993203334667,6.37392287417613,452.03704241929154,48.92656737116985,455.031185887748,51.0191604971054,0.03762837493619472,0.08090068482133586,307.53883750497937,1.8494343126394686,0.1947362507261155,0.1908599440588621,259905.00000000003,1.0,0.5428743505963424,0.4180070855187928,20.730350275191803,3.0199854135876483,20.482212175321575,3.211800581506357,874257.5647988584,271313.0543772754,259452.96295758072,48.92656737116461,705595.2539920992,244482.26991966763,259884.26964972483,3.019985413589644,529737.7729484643,202909.25776865322
1825,297.5431700898157,2.1104796676348507,307.4612725338578,2.1808307962581583,308.9181721110073,2.170187278478272,305.5268221610784,1.9429705196511848,11.186487514388467,3.836474719064415,0.05712564940365771,0.10035844742672437,259905.00000000003,1.0,14.535299852614836,6.768798696273094,448.63110443166147,45.145510176549664,452.03704241929154,48.92656737116985,0.03333333333333333,0.07929507613443851,307.54838921586816,1.836271769067004,0.2304090874539505,0.2950756972587191,259905.00000000003,1.0,0.5376283749361948,0.4239570683443677,20.937569562674046,2.76999852128945,20.730350275191803,3.0199854135876483,861978.0319631324,283469.10937134275,259456.36889556836,45.145510176545066,693722.4795964769,258552.90759487738,259884.06243043736,2.769998521290693,521200.24881993124,206999.95583100073
1826,297.5180662506903,2.157107499044091,307.4353321929426,2.2290123864956435,308.9045516909916,2.195962709722025,305.54333127974604,1.9104372769384839,10.990826495515366,3.8060978541969543,0.06237162506380529,0.10137750581826557,259905.00000000003,1.0,14.082262095155544,7.131288378403274,445.4772972069575,40.86638133203208,448.63110443166147,45.145510176549664,0.03333333333333333,0.07929507613443851,307.53005894827186,1.869542706319367,0.2631320185785707,0.3414792934278604,259905.00000000003,1.0,0.5237745424565875,0.4347352510860008,21.10777087742881,2.4899276237633248,20.937569562674046,2.76999852128945,856090.1094665063,287514.4535053951,259459.52270279307,40.86638133202916,686684.4484605443,265096.10006762616,259883.8922291226,2.489927623762368,520478.0337550225,207212.79164384445
1827,297.4916658562789,2.206002370150459,307.4080517298593,2.2795372568448222,308.87329199544007,2.25162380960425,305.54250961659034,1.911996592870299,10.840191593062134,3.824592992465154,0.06666666666666667,0.10137340688573189,259905.00000000003,1.0,13.606645596773083,7.281352935967374,442.6441765365799,36.45820061915906,445.4772972069575,40.86638133203208,0.03333333333333333,0.07929507613443851,307.4715415070026,1.9704544882263255,0.28992328862114997,0.36370231628592553,259905.00000000003,1.0,0.48727209377331665,0.4310705147669306,21.222504549510756,2.267645022207879,21.10777087742881,2.4899276237633248,847598.6678996373,288459.6969267876,259462.35582346344,36.45820061915658,680618.4741173794,267421.3042683825,259883.77749545051,2.267645022205183,517518.7059731004,206307.2522944694
1828,297.4666480976117,2.2524258025155746,307.3821998931288,2.327508523143829,308.85198278826795,2.290787139136975,305.54134156716543,1.9142193516977892,10.581503925138895,3.8858542608959206,0.06666666666666667,0.10137340688573189,259905.00000000003,1.0,13.30525417488939,7.4229454771819725,439.8537596201627,31.287561316951617,442.6441765365799,36.45820061915906,0.03333333333333333,0.07929507613443851,307.4279155451518,2.0465937492280486,0.31185812531902646,0.37336797878943423,259905.00000000003,1.0,0.447827625596926,0.4191571075412657,21.282266365858977,2.14131908985808,21.222504549510756,2.267645022207879,841189.7514433758,287288.6446164202,259465.14624037987,31.287561316945578,676420.2985828351,267657.15498220845,259883.71773363417,2.141319089852371,513920.7681618447,203718.1344068838
1829,297.39018342488816,2.38712439741276,307.30318612558284,2.466697734322526,308.82547282268627,2.3367959458180807,305.5076970653733,1.9777350718927094,10.654294056421923,3.8428749696908215,0.06666666666666667,0.10137340688573189,259905.00000000003,1.0,12.854690803620782,7.406122973732715,437.5866962062972,26.563298006452754,439.8537596201627,31.287561316951617,0.03333333333333333,0.07929507613443851,307.39269295708255,2.1131277908996293,0.3524509150868252,0.40329326141809463,259905.00000000003,1.0,0.4155332264621093,0.4149326471289867,21.274386968964734,2.1592629692777288,21.282266365858977,2.14131908985808,827651.4703155032,287539.3787867198,259467.41330379373,26.563298006448136,674774.2513584838,267195.7794665509,259883.72561303107,2.159262969268694,517127.524708656,207650.2012813926
1830,297.28935560797174,2.5186547257843332,307.19899704787707,2.6026129084389416,308.7589954983332,2.44004877048351,305.4318619941697,2.1007427479635252,10.718396715131226,3.775849741115581,0.06666666666666667,0.10137340688573189,259905.00000000003,1.0,12.276497973125561,6.9980619756314555,435.9619282816362,23.215794656636305,437.5866962062972,26.563298006452754,0.03333333333333333,0.07929507613443851,307.32259882340486,2.2388557192187477,0.3681030671928914,0.3982228820349374,259905.00000000003,1.0,0.3795340178615139,0.401943939197286,21.21915125296669,2.2742604001777016,21.274386968964734,2.1592629692777288,816405.6089812102,283189.58662241354,259469.0380717184,23.215794656631626,673148.5218150832,266260.59233941755,259883.78084874706,2.274260400168692,523794.95232555515,215192.01966674076
1831,297.1938879424182,2.605062871929353,307.1003467165707,2.6919017203525133,308.7007797301259,2.505008297349536,305.3481300818752,2.1839470185726877,10.717587782018272,3.7769374641642854,0.06666666666666667,0.10137340688573189,259905.00000000003,1.0,12.099784018505195,6.85110443900346,434.5130653784826,20.53239978690118,435.9619282816362,23.215794656636305,0.03333333333333333,0.07929507613443851,307.2340084023377,2.3505201345732143,0.3809179654739821,0.39210761433427876,259905.00000000003,1.0,0.35357684133974904,0.40041771746131505,21.134702253042537,2.435191502297755,21.21915125296669,2.2742604001777016,805809.4231451697,278956.5960203242,259470.48693462153,20.532399786895073,670245.9127734808,264277.01637424214,259883.865297747,2.435191502291192,525155.2386575247,216236.76235579047
1832,297.07287631160426,2.6647868730734676,306.97530118479114,2.753616536868358,308.63273619583464,2.5558213336118776,305.26095393704287,2.235790769295183,10.770761746215976,3.6913015416680444,0.06666666666666667,0.10137340688573189,259905.00000000003,1.0,11.62549847397982,6.3194024648648695,433.5916619840521,19.273882133194046,434.5130653784826,20.53239978690118,0.03333333333333333,0.07929507613443851,307.16120444445073,2.402389831921757,0.3914099167942773,0.3857227518382014,259905.00000000003,1.0,0.3237567688428505,0.391959145245664,21.017767305354223,2.6293538883126484,21.134702253042537,2.435191502297755,796949.0343263798,276708.7672516618,259471.40833801596,19.273882133187495,666069.0936291277,261875.1616440827,259883.98223269466,2.6293538883077456,526450.7526529386,216602.55347589357
1833,296.9321734789594,2.6955259852805424,306.8299080034428,2.785380184640359,308.5400546110477,2.5965779458944533,305.1591455323806,2.2556732812367626,10.755855137782946,3.714905914932702,0.06666666666666667,0.10137340688573189,259905.00000000003,1.0,11.212570934414472,6.039184037434043,433.0682795207539,18.8011011018606,433.5916619840521,19.273882133194046,0.03333333333333333,0.07929507613443851,307.0646253544683,2.427880591355435,0.4,0.37952517806458136,259905.00000000003,1.0,0.3028586410766367,0.391950087950741,20.877751595834518,2.833387036016562,21.017767305354223,2.6293538883126484,799612.6875224353,277698.13955327147,259471.93172047928,18.801101101853767,671999.6689324871,265750.34836477495,259884.1222484042,2.8333870360143036,535931.7229812845,219801.1489372371
1834,296.83106739043956,2.6743705977469565,306.72543139369986,2.7635195344245447,308.46466867586923,2.608972973324703,305.0654654854233,2.2409238906323354,10.680353951406516,3.846077767131048,0.06666666666666667,0.10137340688573189,259905.00000000003,1.0,11.201376297048446,6.028495140722709,432.4805905084453,18.646153153496584,433.0682795207539,18.8011011018606,0.03333333333333333,0.07929507613443851,306.96819374296496,2.4388211977452072,0.4,0.37952517806458136,259905.00000000003,1.0,0.2761899103159387,0.3840930602475313,20.71631313121426,3.0258089881730883,20.877751595834518,2.833387036016562,802549.5347857365,278423.0974215114,259472.51940949156,18.646153153489692,673829.1927212785,266447.3485590647,259884.28368686882,3.0258089881733308,540698.0101252461,218770.26484888862
1835,296.7728528553084,2.6493217772012967,306.66527614310974,2.737635619501148,308.4092132734194,2.602298177312563,305.01892910825177,2.2240535899006657,10.69852561788624,3.8305026619679285,0.06666666666666667,0.10137340688573189,259905.00000000003,1.0,11.330442749286073,6.076557978736425,431.7820067103788,18.666304426870564,432.4805905084453,18.646153153496584,0.03333333333333333,0.07929507613443851,306.89072820265017,2.4106113106586924,0.4,0.37952517806458136,259905.00000000003,1.0,0.24831309206586455,0.37220386696265545,20.540851680823536,3.2005279003933658,20.71631313121426,3.0258089881730883,802863.0158854178,278352.54402749555,259473.21799328964,18.66630442686343,674411.3106128998,266400.1533975875,259884.4591483192,3.2005279003955907,539307.175505161,219540.68840067936
1836,296.75682438405164,2.639865534066454,306.64871337329936,2.7278641576328537,308.3786437448552,2.5941612068735522,305.02483356113123,2.2270788000029027,10.829099467650108,3.708386526635792,0.06666666666666667,0.10137340688573189,259905.00000000003,1.0,11.337107397373213,6.07700459767188,431.207332113989,18.801330009718544,431.7820067103788,18.666304426870564,0.03333333333333333,0.07929507613443851,306.870047085705,2.4021044987981206,0.4,0.37952517806458136,259905.00000000003,1.0,0.2254894836665633,0.36545328405454924,20.350392698086548,3.356110661806372,20.540851680823536,3.2005279003933658,799618.1163627974,280457.103860497,259473.79266788604,18.801330009711794,671379.3242036864,267956.0421796748,259884.64960730195,3.3561106618102117,534886.6821361966,222927.00083274828
1837,296.79771844640345,2.6639380787538367,306.69097050103653,2.752739097203115,308.39586250639616,2.597422020831534,305.10059106559765,2.256800215465296,10.542112553930409,3.6590296724658624,0.06666666666666667,0.10137340688573189,259905.00000000003,1.0,11.464105673807584,6.049872012898878,430.2186723274452,18.927309327013724,431.207332113989,18.801330009718544,0.023774542456587434,0.06337806550179151,306.89662470672994,2.411399130503354,0.4,0.37952517806458136,259905.00000000003,1.0,0.18515968623563264,0.3165615706491337,20.12601136705917,3.4832103977148017,20.350392698086548,3.356110661806372,794556.9265495467,284855.05498048954,259474.78132767256,18.927309327007737,668300.3409318594,270385.14422553626,259884.87398863296,3.483210397720052,527823.6327625235,228870.91986187547
1838,296.8372628973446,2.6940577586772196,306.731833092082,2.7838627860470964,308.4174883298224,2.6065500624033593,305.18272430309554,2.3074566304817012,10.215522261414854,3.5654628734870952,0.06666666666666667,0.10137340688573189,259905.00000000003,1.0,11.099702315351752,5.78004229243758,429.2678256068416,19.210523260509493,430.2186723274452,18.927309327013724,0.01594846640355432,0.049371964443921175,306.9354717071061,2.4355212231473513,0.4,0.37952517806458136,259905.00000000003,1.0,0.14258164993677844,0.2416297274207372,19.864297975393086,3.5653664916917633,20.12601136705917,3.4832103977148017,779277.1640234652,294203.08475263556,259475.73217439317,19.210523260505138,654440.231085391,277494.0734272439,259885.13570202462,3.565366491698689,519956.99046411563,236670.16164272814
1839,296.8297137383609,2.689186194265893,306.72403223439903,2.7788287933156006,308.4178347160916,2.60670616356487,305.2235465077083,2.333357125949278,10.148867353687299,3.5207626130361604,0.06666666666666667,0.10137340688573189,259905.00000000003,1.0,10.541383777327338,5.496394680767957,428.8086425165349,19.355760098194615,429.2678256068416,19.210523260509493,0.009541017263008957,0.036502219292503635,306.9551923245175,2.4510179403903045,0.39044120912325414,0.3860309927968501,259905.00000000003,1.0,0.11123818485924786,0.1900688714656771,19.58509495112908,3.6085787868979233,19.864297975393086,3.5653664916917633,770015.7446849731,299813.6707036297,259476.19135748348,19.355760098189805,645339.0501956639,283448.1110546234,259885.4149050489,3.608578786904957,516758.27508985484,239333.2939379042
1840,296.7461263410055,2.6374878638925887,306.6376586226536,2.725407130423479,308.35950265512975,2.5848585448274792,305.2039002236805,2.3217839523339157,10.047045487965587,3.4784963948080287,0.2100485298178552,0.7792628050499371,259905.00000000003,1.0,9.90067287945246,5.186340395045574,428.7449665952302,19.386373530749854,428.8086425165349,19.355760098194615,0.004295041602861385,0.02352491171310326,306.92881897004713,2.4397647662413675,0.3730563421934751,0.39162643865560165,259905.00000000003,1.0,0.09865159961500569,0.1627109231194443,19.31069020855061,3.6121214896086604,19.58509495112908,3.6085787868979233,760588.6750262629,304129.1488840809,259476.2550334048,19.386373530745445,634552.0285850066,289036.34388477716,259885.6893097915,3.6121214896159968,516949.076199268,239195.04911541345
1841,296.5813040439316,2.5470732722885425,306.4673421705191,2.631978541730201,308.24131638414667,2.5480627676411736,305.09903719048816,2.25762618924888,9.991911022194536,3.443637707566557,0.32743967061335194,0.9847104670541449,259905.00000000003,1.0,9.32929986620765,5.0441395247081084,429.0801380806037,19.2137277517532,428.7449665952302,19.386373530749854,0.0,1.0,306.8202065187284,2.386789798673482,0.35882281699989665,0.39731640540898666,259905.00000000003,1.0,0.09790536607605298,0.16063644185846207,19.04977275762677,3.571403168099871,19.31069020855061,3.6121214896086604,753534.2749034086,307224.2103156609,259475.91986191942,19.21372775174972,623153.0663137314,295912.83350055036,259885.9502272424,3.5714031681073153,519263.1966227203,237766.09711705454
1842,296.418871223354,2.4763366538744815,306.2994947365023,2.558883854799063,308.10356958760997,2.5260026400837923,304.96642848596167,2.207537490634845,9.844943790789069,3.348840445841169,0.4235514077215324,1.087044936260928,259905.00000000003,1.0,8.9067673375843,5.081527375901002,429.59476312608695,18.98725267133085,429.0801380806037,19.2137277517532,0.0,1.0,306.69809865232907,2.3478284048961866,0.34716939219920373,0.4026868462942076,259905.00000000003,1.0,0.11740264054351597,0.19610382345094104,18.82000600597108,3.501931615648955,19.04977275762677,3.571403168099871,748397.9435952927,308910.4053097084,259475.40523687392,18.987252671327298,615411.9483569852,299854.9511414585,259886.17999399407,3.50193161565716,521561.9628237774,236993.04619075524
1843,296.2152819114698,2.373935274274835,306.0891190360795,2.453068831276904,307.9304181497715,2.4995761832861834,304.816106015287,2.1523801244445173,9.745171583156614,3.36622628317487,0.49268225174700003,1.1425735208544399,259905.00000000003,1.0,8.455929676453517,4.876255291376441,430.3913227810431,18.470362661823444,429.59476312608695,18.98725267133085,0.0,1.0,306.5581317820852,2.3211802074010577,0.33762837493619474,0.40754209849554407,259905.00000000003,1.0,0.13688214139724203,0.21238791907834054,18.619259772432127,3.418021875638864,18.82000600597108,3.501931615648955,742467.187906093,311186.3880960768,259474.608677219,18.470362661819852,607697.772124787,303603.77118556487,259886.38074022759,3.4180218756474128,520984.4767971238,237157.98948056868
1844,296.0269089487257,2.2947447399627423,305.8944669888432,2.3712381978128136,307.73355456726665,2.466862222049599,304.667104911421,2.097159753621384,9.427139427994511,3.1692168141792534,0.5492817997368877,1.1710588289698864,259905.00000000003,1.0,8.150111706268207,4.8754824979670515,431.1190687030325,18.04290384087214,430.3913227810431,18.470362661823444,0.0,1.0,306.37409923928254,2.2786688762780556,0.33333333333333337,0.410486587152599,259905.00000000003,1.0,0.15283060780079633,0.21959635526207114,18.43875704689959,3.3202870315626676,18.619259772432127,3.418021875638864,736471.2099771682,313367.91207873716,259473.880931297,18.04290384086868,601507.6100525918,306508.9515687685,259886.56124295312,3.3202870315710946,521236.3415431462,237083.09189676068
1845,295.8351534551904,2.2028732344099446,305.69631969665204,2.276304238345889,307.50920431741724,2.364832100039384,304.5005633979746,2.0308823685132444,9.164230896510906,3.184898044039008,0.5428743505963424,1.173602952772085,259905.00000000003,1.0,7.7683335166808964,4.5917861774985065,431.97209173226616,17.37013055754867,431.1190687030325,18.04290384087214,0.0,1.0,306.17887640945406,2.212049398813924,0.33333333333333337,0.410486587152599,259905.00000000003,1.0,0.16237162506380529,0.21894430319193953,18.267795338630062,3.2074550977340746,18.43875704689959,3.3202870315626676,703061.942939036,266908.8269030358,259473.02790826774,17.370130557544623,570609.2735537802,267115.36526968476,259886.73220466138,3.2074550977426193,501531.3360225687,207588.67725293382
1846,295.69661073571393,2.118430598038051,305.553158813718,2.189046762001138,307.29756389710474,2.225378657759265,304.35888683235135,1.9728177884546376,8.714070818728215,3.0295907863487095,0.5376283749361948,1.1757353286393126,259905.00000000003,1.0,7.582005567531605,4.465730606500102,432.56652860852654,16.832066449497848,431.97209173226616,17.37013055754867,0.0,1.0,305.9659236136863,2.104755479977406,0.3237745424565875,0.4149233072905448,259905.00000000003,1.0,0.16666666666666669,0.2169035443250015,18.11068746284014,3.0956842072115425,18.267795338630062,3.2074550977340746,672274.9911958462,222496.61954623126,259472.4334713915,16.832066449493034,545051.4094142334,235260.31528333158,259886.88931253718,3.0956842072201916,484562.5083986439,187677.92222469053
1847,295.58828607378183,2.015431908388894,305.44122332019117,2.082614932765486,307.1109398471467,2.0339673798137854,304.25168307770014,1.8732859369991595,8.414305403636357,3.136844089003971,0.5428921242100793,1.1741946094959752,259905.00000000003,1.0,7.491857541835049,4.381196848679518,432.9460843461178,16.36590365847947,432.56652860852654,16.832066449497848,0.0,1.0,305.7986055761294,1.9677985870959347,0.31594846640355434,0.41885525789458167,259905.00000000003,1.0,0.16666666666666669,0.2169035443250015,17.961405663103253,2.968875091106336,18.11068746284014,3.0956842072115425,646657.7252139635,186435.13372098337,259472.0539156539,16.365903658474647,523216.0196596051,209477.4666838903,259887.03859433692,2.9688750911156268,470913.18174116826,177144.22740898968
1848,295.5684486402282,1.9950749917507764,305.42072470939326,2.061579563674779,306.99534032169635,1.8937020968432823,304.20665437013605,1.824414083849001,7.959575497364345,2.876368512895119,0.5507182002631125,1.1712301054978487,259905.00000000003,1.0,7.778115931274501,4.6183141728202015,432.57682571194454,16.853822438748747,432.9460843461178,16.36590365847947,0.0,1.0,305.6852418746976,1.8480076444825502,0.309541017263009,0.4222695650928949,259905.00000000003,1.0,0.17622545754341257,0.2261313147665882,17.82809010338366,2.830310721971226,17.961405663103253,2.968875091106336,627912.1379346985,160472.66419392137,259472.42317428807,16.85382243874449,509224.96791544795,196448.8250401245,259887.17190989666,2.830310721980544,458534.795908451,171773.17747754473
1849,295.58432023243853,2.017186663233096,305.43712537867515,2.0844282580609765,306.93789075868307,1.8001843736003136,304.2268684720114,1.850958544760687,7.6374955528606385,2.986319134727569,0.5571256494036578,1.168636327477136,259905.00000000003,1.0,7.869102614883965,4.765397733793283,431.7880930005175,18.20627518767973,432.57682571194454,16.853822438748747,0.0,1.0,305.66835334160453,1.829198748815762,0.3042950416028614,0.42519256565127495,259905.00000000003,1.0,0.1744927427196998,0.2239197662643069,17.698287804500495,2.6631599526643304,17.82809010338366,2.830310721971226,613927.6636821149,134329.9879944237,259473.2119069995,18.2062751876762,497336.91819087573,181893.66158234808,259887.30171219553,2.6631599526717773,447978.7605430801,169177.25906797248
1850,295.62576152331997,2.081683742040549,305.47994788494776,2.1510748475342565,306.93684156482243,1.7984429650873184,304.2567167251849,1.8934107787218963,7.51113835226626,2.881935776197391,0.5623716250638053,1.1664002637357005,259905.00000000003,1.0,8.099954981686562,4.96163438279506,430.63690474603345,20.086509625026103,431.7880930005175,18.20627518767973,0.0,1.0,305.6965008991394,1.8700996514765762,0.2808824182465082,0.4218413316437793,259905.00000000003,1.0,0.17307411580721205,0.22262425567323907,17.5904795020612,2.5097567931694047,17.698287804500495,2.6631599526643304,615888.6987516719,134869.91769184644,259474.363095254,20.086509625023073,499389.79555574025,182049.6558633549,259887.40952049798,2.509756793176942,451621.3177228338,166781.21103129233
1851,295.7064224864586,2.1901937527398214,305.5632972706714,2.263201302174569,306.9648820029726,1.8436962236769976,304.32213846987503,1.9694767624379732,7.3321077904511265,2.7372944707824294,0.5762254575434126,1.1619501367966085,259905.00000000003,1.0,8.269397186456047,5.0347842127884315,429.1233898924851,22.285802918844997,430.63690474603345,20.086509625026103,0.0,1.0,305.7685538543618,1.978943685447903,0.2747890570171879,0.42033947404784616,259905.00000000003,1.0,0.17191264232681425,0.2219152477549415,17.487603087370825,2.3526744637914025,17.5904795020612,2.5097567931694047,617865.1558788761,135513.88904645576,259475.87661010755,22.285802918841256,504824.28728251485,183244.77150315166,259887.51239691267,2.352674463800508,456971.7402162269,166044.58380529724
1852,295.82796481071705,2.3173467514351285,305.68889072127394,2.3945924552598776,307.0157483603845,1.9158856858955633,304.4091570322414,2.0492760981433733,7.125651392907051,2.5844155168209206,0.5840515335964458,1.1587214376517703,259905.00000000003,1.0,8.418228032709049,5.027587734883814,427.24676171908663,24.537697039546554,429.1233898924851,22.285802918844997,0.0,1.0,305.8657809881596,2.1013981294877437,0.2698002347891303,0.41988101633001174,259905.00000000003,1.0,0.17096170826952806,0.22204076007358758,17.36964697909773,2.1778400474390183,17.487603087370825,2.3526744637914025,619608.4139838505,136066.01331196533,259477.75323828094,24.53769703954599,509874.2106975655,183584.53861626604,259887.63035302094,2.17784004744843,460782.40113709867,165633.34451323398
1853,295.9491633814945,2.404003840396146,305.8141289332674,2.484138086430202,307.0855752555942,1.9961663901305153,304.50330812547,2.1145944054046835,7.123527409817011,2.581789484785335,0.5904589827369912,1.1575517050152024,259905.00000000003,1.0,8.521605719114646,4.986430464211854,425.258224427052,26.312689619541644,427.24676171908663,24.537697039546554,0.0,1.0,305.975323118056,2.2269411273120987,0.2848333143628723,0.4295092630234718,259905.00000000003,1.0,0.16666666666666669,0.2241198931186611,17.21671059754197,1.9743339033541878,17.36964697909773,2.1778400474390183,624771.5026548259,135975.83411684673,259479.74177557297,26.312689619541015,516739.19131013576,182618.99468904268,259887.7832894025,1.97433390336263,469048.7396505911,164224.85883741407
1854,295.9907089350404,2.3972466892815323,305.8570589937728,2.4771558781090635,307.19004330794746,2.0609594016802406,304.5072156037647,2.1136794875321625,7.517215348134772,3.640661487093257,0.5957049583971387,1.1562400850116432,259905.00000000003,1.0,8.9839903396565,4.9101581750307535,423.1861856862564,27.344871500099668,425.24866563617525,26.33181510819805,0.0,1.0,306.0999995651519,2.3353353824500815,0.31625894067685517,0.4608050570337547,259905.00000000003,1.0,0.16666666666666669,0.2241198931186611,17.019533691391132,1.7643703700417048,17.21671059754197,1.9743339033541878,650146.3175356045,168371.86418694633,259481.81381431376,27.344871500099092,539835.1681603777,195914.3356915661,259887.98046630863,1.7643703700512963,492323.41994866973,184347.05676279758
1855,295.9906452495984,2.3973079300890765,305.8569931451484,2.4772191989322647,307.2368440230856,2.0498808119040435,304.48047549098885,2.137932231321,7.943249667335157,4.485268091963775,0.6000000000000001,1.154928180010281,259905.00000000003,1.0,9.359586877060542,4.754051336528676,421.1524636096012,27.571228571535297,423.16880081932663,27.375266535844787,0.0,1.0,306.1424696914597,2.330586859505084,0.301227078283144,0.42937564935033196,259905.00000000003,1.0,0.16666666666666669,0.2241198931186611,16.82689669631371,1.677117688999894,17.019533691391132,1.7643703700417048,681803.151130757,207942.4925400514,259483.8475363904,27.57122857153446,566761.9535521995,207517.9483332254,259888.1731033037,1.677117689009295,519659.2396378769,213691.65995445347
1856,295.95215333975517,2.4503044496906736,305.8172180837557,2.5319823547248625,307.28598291150433,2.0044723119651517,304.42891550862703,2.2142981720703565,8.348320788667346,5.069235201167776,0.6000000000000001,1.154928180010281,259905.00000000003,1.0,9.736536674704777,4.607750442010936,419.1404554074935,27.12781052500773,421.12867129353094,27.607857749539654,0.0,1.0,306.1367525565944,2.336193889752737,0.28540354761936426,0.40410980716216494,259905.00000000003,1.0,0.16666666666666669,0.2241198931186611,16.641493148694344,1.6911231112983074,16.82689669631371,1.677117688999894,709562.762371516,246118.76418586582,259485.85954459253,27.127810525007476,589650.3027821018,220189.7116503582,259888.35850685133,1.6911231113060996,540876.1208779203,236970.78733844214
1857,295.86321871354363,2.5975161039662313,305.72531895840484,2.684101190902094,307.3096226744561,1.9755829328133565,304.34093830810957,2.3607153339895843,8.752374305791603,5.520286423835945,0.609558790876746,1.1520774265351352,259905.00000000003,1.0,9.992855972311602,4.520160404684472,417.26137665836626,26.15534528675026,419.111417115763,27.167889179475644,0.0,1.0,306.1180058318766,2.3608524202310086,0.27244833644265537,0.3875927055506806,259905.00000000003,1.0,0.16666666666666669,0.2241198931186611,16.469044812251692,1.7645164361846215,16.641493148694344,1.6911231112983074,731306.1683786316,272092.5716355345,259487.73862334166,26.15534528675047,602889.1658014402,226100.97532227222,259888.53095518777,1.7645164361916659,557945.4506452917,254392.57788707988
1858,295.7860431557988,2.7140659472420414,305.64557117859187,2.80453571053045,307.31189019068074,1.972292705573283,304.2374833974617,2.528640261867521,9.223595238117873,5.865230560310074,0.6173848669297791,1.1485860512042538,259905.00000000003,1.0,10.642961355662111,5.215099071161735,415.1912923405589,25.086377303788314,417.22804332503296,26.197123360227426,0.0,1.0,306.056893854501,2.4552943267981022,0.2548085413476403,0.37521675884909134,259905.00000000003,1.0,0.16666666666666669,0.2241198931186611,16.31423627090405,1.8590524915858064,16.469044812251692,1.7645164361846215,747698.037204335,290507.51949403895,259489.80870765945,25.086377303790805,612797.2479446474,232440.0725313955,259888.68576372913,1.8590524915899667,569263.9751626911,263904.9679090853
1859,295.7785756899162,2.7241886949781127,305.6378550368293,2.8149955733055494,307.30874420770897,1.9769046435016522,304.19777755362526,2.582398522504571,9.293164282639552,5.8810285067053005,0.6237923160703245,1.1455553399148273,259905.00000000003,1.0,11.07477979754181,5.4008802487855,412.752551176253,23.80366762334718,415.1579590072256,25.127091894490274,0.0,1.0,306.0018571310043,2.5412290080170408,0.21421575157984155,0.33067401804338414,259905.00000000003,1.0,0.16666666666666669,0.2241198931186611,16.190461728447463,1.9715319503386752,16.31423627090405,1.8590524915858064,758695.109906575,291990.26295042,259492.24744882376,23.803667623350794,610669.9044265215,231684.0495647716,259888.80953827157,1.97153195034205,564515.0708077342,260734.32538473987
1860,295.7889976589922,2.712714098902482,305.6486246789726,2.8031381782100357,307.3232555794008,1.954841388699989,304.1823562428989,2.60262274033572,9.322535249145748,5.875499557519952,0.629038291730472,1.142957638454358,259905.00000000003,1.0,11.32218547894944,5.463016638743457,410.09052932138553,22.541420292669052,412.71921784291965,23.843045613409082,0.0,1.0,305.9809169229203,2.5731838679957564,0.19856359947377533,0.3292808023311473,259905.00000000003,1.0,0.16666666666666669,0.2241198931186611,16.074513262043908,2.084775199841482,16.190461728447463,1.9715319503386752,757569.5405553812,292049.98600481957,259494.90947067863,22.54142029267266,600933.158967275,229673.67041734591,259888.92548673798,2.084775199844463,552014.2767933826,255429.32931680066
1861,295.80603801988434,2.6998575858569622,305.66623332281,2.7898528892461067,307.31552357539005,1.964008631879362,304.14330753877783,2.6437760392159255,9.518640398453421,5.851912073053836,0.6333333333333334,1.1407522808312518,259905.00000000003,1.0,11.305436440101067,5.451780725430197,407.6370666130712,21.73887993387706,410.0571959880522,22.578934272833663,0.0,1.0,305.97130082440873,2.584627971033689,0.1857487011926846,0.32927809187145196,259905.00000000003,1.0,0.16666666666666669,0.2241198931186611,15.964972244780899,2.195460787862511,16.074513262043908,2.084775199841482,755406.332919093,292266.2178386863,259497.36293338696,21.73887993388092,590578.1861983098,227220.64249959763,259889.03502775525,2.195460787866214,543017.9145309989,254605.63346853902
1862,295.8197261596897,2.691734618773976,305.68037780530864,2.7814591141439733,307.29359204681606,1.9848538760110008,304.109306666792,2.6690637847439094,9.957937818977623,6.048926530611975,0.6333333333333334,1.1407522808312518,259905.00000000003,1.0,11.296230626618708,5.451001919041071,405.63210713876344,20.782717085387716,407.60373327973787,21.773891258592293,0.0,1.0,305.9443102470792,2.605006050933232,0.17525674987238946,0.330039412595234,259905.00000000003,1.0,0.16666666666666669,0.2241198931186611,15.860677203178039,2.301953175121548,15.964972244780899,2.195460787862511,749842.1593134049,294218.8740906273,259499.36789286125,20.78271708538933,579187.9649109304,227427.64098928263,259889.13932279687,2.301953175125861,534631.4872005577,256652.64626347058
1863,295.80902921244365,2.698504626209101,305.6693242637171,2.788454809684464,307.26305608491845,2.010711383759029,304.06460509536595,2.6949012967560133,10.302101393664135,6.043261602369621,0.6333333333333334,1.1407522808312518,259905.00000000003,1.0,11.135503476112506,5.582053965946166,404.1320383896484,19.652914455373725,405.59877380543014,20.81601537628064,0.0,1.0,305.905843548007,2.627123602175105,0.2718133663108716,0.6364682210331025,259905.00000000003,1.0,0.16666666666666669,0.2241198931186611,15.655530503533834,2.6318910596148926,15.860677203178039,2.301953175121548,741852.8824800447,292187.0984094146,259500.86796161038,19.652914455375754,563034.6826374058,219103.52012773562,259889.3444694965,2.6318910596206826,527493.1768116752,253571.93967131327
1864,295.74040682706453,2.721972151821278,305.59841450431793,2.8127046235291773,307.2041042572388,2.045590645730798,303.9905389648832,2.7256951521981923,11.077320973431013,6.573995807100554,0.6333333333333334,1.1407522808312518,259905.00000000003,1.0,11.159377694751143,5.607740394285044,403.38331500166163,19.103627554437796,404.09870505631505,19.685496190529275,0.0,1.0,305.8451779773463,2.6623008350949493,0.35790020289423585,0.7609252469291032,259905.00000000003,1.0,0.16666666666666669,0.2241198931186611,15.364296967306265,3.1410748222062352,15.655530503533834,2.6318910596148926,736367.1644430449,290432.11124143767,259501.61668499836,19.103627554439658,551740.6572470658,215254.0176629014,259889.63570303272,3.141074822213503,528506.6155327933,253783.38428842172
1865,295.65477074128853,2.7202211010755213,305.5099238896512,2.810895193517621,307.12540396901403,2.0629090368573944,303.909022923019,2.7271188028972895,12.141172016166621,8.361650999312918,0.6333333333333334,1.1407522808312518,259905.00000000003,1.0,11.347912150490863,5.844631145410197,403.5099082006707,19.237414784044557,403.34998166832827,19.135795340671287,0.0,1.0,305.7602951996017,2.6772641630314933,0.42838214344023484,0.8220995428490252,259905.00000000003,1.0,0.19534303929690439,0.25497323889599294,15.031257863162933,3.666717865797242,15.364296967306265,3.1410748222062352,735064.0164070907,290471.19578278274,259501.49009179935,19.23741478404472,544777.1076448761,214943.91270129345,259889.96874213687,3.666717865804913,533057.5231169664,252654.3243111521
1866,295.5661569399025,2.6831366352755244,305.4183563203113,2.772574494655381,307.0519061604222,2.047637852465208,303.82113515386806,2.692583500166917,13.015794430057348,9.367569481251559,0.6333333333333334,1.1407522808312518,259905.00000000003,1.0,11.792452950505188,6.3662554208388595,404.0665830135562,19.919265934479665,403.4765748673374,19.269585769294753,0.0,1.0,305.65910153231,2.6655322121319402,0.48608787570185813,0.8512350785954973,259905.00000000003,1.0,0.26661522183973324,0.434278538560371,14.711785209300809,4.065386077757174,15.031257863162933,3.666717865797242,737082.7873085366,289546.5801685701,259500.93341698646,19.919265934479974,540582.3405279933,217167.69371267775,259890.28821479072,4.065386077763884,537376.5936694051,249746.7817715188
1867,295.48946016648495,2.616623133458719,305.3391030684004,2.703843835111125,306.9939848140979,2.0113540855829153,303.7401152720986,2.627888961815018,13.756686807889055,9.746133283791272,0.6333333333333334,1.1407522808312518,259905.00000000003,1.0,12.179046238874308,6.724693775670353,404.9775569159043,20.965812137059377,404.03324968022287,19.951299578768264,0.0,1.0,305.56894594385835,2.625722964037861,0.5333333333333334,0.8625835872707377,259905.00000000003,1.0,0.3345267404032808,0.5380482171371774,14.412978616370756,4.362080358942347,14.711785209300809,4.065386077757174,741812.0644057387,286407.6280855669,259500.02244308413,20.965812137058315,539349.8467810437,217988.5334069394,259890.58702138366,4.362080358949898,543252.0397087618,244569.18676938314
1868,295.42422180959954,2.539457516440645,305.27169016819477,2.6241059680791556,306.95183755057155,1.9633602188742387,303.6777936144599,2.5509428336247155,14.374372141741125,9.85567069876325,0.6333333333333334,1.1407522808312518,259905.00000000003,1.0,12.52676425121061,6.878725065158938,406.15849813976814,22.218263949555837,404.94422358257094,20.997745209094994,0.0,1.0,305.48656465721575,2.5536550613411966,0.5333333333333334,0.8625835872707377,259905.00000000003,1.0,0.39012798913948343,0.5863086857307935,14.169773272176906,4.5284468401414895,14.412978616370756,4.362080358942347,747563.024078165,280702.2709654157,259498.84150186027,22.21826394955648,540422.1460648814,216936.941246149,259890.83022672785,4.528446840148819,547121.2691661576,239536.5189810019
1869,295.41095040108513,2.5243689743314968,305.25797654406415,2.6085146329945386,306.9422179240176,1.9508157298812396,303.6468771955831,2.511616118692373,14.721848401220516,9.933533740944442,0.6333333333333334,1.1407522808312518,259905.00000000003,1.0,13.038435202629664,6.886967843175253,407.1752446716923,23.36456424215852,406.1251648064348,22.25022971688323,0.0,1.0,305.4374665618551,2.495337036259159,0.5333333333333334,0.8625835872707377,259905.00000000003,1.0,0.43565044138935083,0.6076040819513254,13.972090380232924,4.619483151122751,14.169773272176906,4.5284468401414895,750311.7764139082,278200.0135086227,259497.82475532833,23.364564242157613,541265.5621557299,216162.5893183757,259891.0279096198,4.619483151129309,546896.7958613299,239799.61883095207
1870,295.4102938443488,2.523909926067516,305.25729822619036,2.6080403681024285,306.9687884650547,1.9773574340112496,303.633377333404,2.498225559467885,15.054873098392658,9.936374079395344,0.48995147018214485,0.9109940468240673,259905.00000000003,1.0,13.714006497024815,6.8733931185800525,407.9928264695447,24.20025168506024,407.14191133835897,23.396462386403016,0.0,1.0,305.4286937122803,2.4880876761461392,0.5620097059635711,0.8585322250847011,259905.00000000003,1.0,0.5866359064615021,1.0032802471160147,13.896716580730853,4.615738629599595,13.972090380232924,4.619483151122751,753925.2789047499,275395.7779809928,259497.0071735305,24.200251685060085,541555.3227363653,215881.92086721907,259891.1032834193,4.615738629606103,547025.7762102473,239692.26750062927
1871,295.3564346101198,2.537675202530587,305.2016436910798,2.6222644271809954,306.95280274915126,1.9765256755828582,303.57250012963783,2.487700857810882,15.866883942707897,10.593260492932167,0.46814823815410717,0.8410751756811345,259905.00000000003,1.0,14.167120809031056,6.53292497182731,409.1911080317341,25.869518480221785,407.95949313621134,24.23221319946355,0.0,1.0,305.3955836362953,2.4815488932856806,0.5950467249994164,0.8552228821774438,259905.00000000003,1.0,0.683111145877048,1.1281858040313486,13.884781001608486,4.611085705158524,13.896716580730853,4.615738629599595,773850.5714424711,279599.56243501784,259495.8088919683,25.869518480219963,543768.8609446939,213512.60181016775,259891.11521899843,4.611085705164877,561136.1072355488,243800.63154147234
1872,295.26486410869154,2.595374034277118,305.10702074446056,2.6818866680279556,306.89367903887046,2.0166886640996,303.4562418831465,2.5544617892401322,16.482471435737434,10.765631819055331,0.4502972615762579,0.7923170543178926,259905.00000000003,1.0,15.028123591229102,6.622890850695584,410.1618252813328,27.150443651185423,409.1577746984008,25.90101545172058,0.0,1.0,305.27816221405124,2.551085908704335,0.7559182207485282,1.1444393440199727,259905.00000000003,1.0,0.7490231177743587,1.1863033821739044,13.777885898634317,4.584935918853739,13.884781001608486,4.611085705158524,791039.8803772448,282859.1766092267,259494.8381747187,27.150443651181472,543414.7094494506,213842.44497796652,259891.2221141014,4.584935918860544,571925.4271704897,247121.64257037334
1873,295.12854270063445,2.743255601875229,304.9661549746252,2.834698046723167,306.7735817074519,2.1849172817712184,303.2767868048774,2.7402001041999853,17.281803707608724,10.98165942727667,0.4356821180794979,0.7592150715781979,259905.00000000003,1.0,15.671193162532568,6.460853169929845,411.30342037499616,28.697677227835733,410.12849194799946,27.18168779721267,0.0,1.0,305.0934707411144,2.766515520210768,0.8876286616119798,1.2744330534983106,259905.00000000003,1.0,0.8029872761626987,1.2150299527600128,13.593244513185034,4.557722922344212,13.777885898634317,4.584935918853739,811949.0611429724,286928.4309813738,259493.69657962504,28.697677227830763,543774.1611999434,213522.07223626607,259891.40675548685,4.557722922349993,588157.5231021232,254525.5386146225
1874,294.93904635165393,2.991565158508682,304.77034169861446,3.091284966004359,306.6078474641891,2.4719943067002403,303.04987460384257,3.0095839471151637,18.003153156654662,10.978274756001435,0.42371625063805285,0.7373192392773384,259905.00000000003,1.0,16.11131709930052,6.0562448214466915,412.7382068483789,30.73583085890795,411.2700870416628,28.72860891199053,0.0,1.0,304.8718301336066,3.086787520693243,0.9954640500483467,1.332290114235689,259905.00000000003,1.0,0.8567281830759497,1.2356601897644186,13.354508646212638,4.528912695954866,13.593244513185034,4.557722922344212,840584.7212254067,301327.5094483572,259492.26179315164,30.73583085890387,549972.733414389,211089.4451045161,259891.64549135382,4.528912695959421,612749.4916826477,276114.0294672493
1875,294.7052711653543,3.3161191353908763,304.52877362523117,3.426657973894277,306.3725560224476,2.898178568850741,302.7715278519546,3.3881977906319003,18.50682272521542,10.71255012894176,0.4857842484201585,0.7776892523346357,259905.00000000003,1.0,16.416485402086288,5.732014774716964,414.30942658975454,32.82686640619714,412.70487351504556,30.766321540342226,0.0,1.0,304.6020834643646,3.485418911511543,1.1401142870304954,1.4507890371929113,259905.00000000003,1.0,0.8550132418659738,1.2365146780252052,12.969407601048117,4.62184518883857,13.354508646212638,4.528912695954866,879347.3693846745,342452.0887929523,259490.69057341028,32.826866406193844,560993.0540401158,215677.9858298644,259892.03059239898,4.621845188840506,647027.7676291935,325810.937165897
1876,294.4296119556858,3.62361217915671,304.2439254567069,3.744401231773,306.1049313417357,3.3054050620559465,302.47568543003456,3.729067160691223,18.912454622682592,10.33770288038136,0.5014364005262247,0.7722815206930891,259905.00000000003,1.0,16.577781132966173,5.547524366049996,416.1093303456114,34.916419412862574,414.2760932564212,32.85706561104942,0.0,1.0,304.32360856972434,3.8551516375844757,1.2550274018417866,1.4932769090542506,259905.00000000003,1.0,0.8571256494036578,1.235284876917671,12.471505848609988,4.859672346639714,12.969407601048117,4.62184518883857,917126.8243790222,368354.7430331263,259488.8906696544,34.91641941286143,571687.4525292395,219298.76236205632,259892.52849415143,4.859672346639664,682858.9870364154,361943.1619187725
1877,294.1208830370803,3.878100511465874,303.92490545608706,4.007372619044794,305.80781328981686,3.6498144849934024,302.13080008415255,4.010573210073363,19.234999140691595,9.968506642522179,0.5046925079305695,0.7715507844526779,259905.00000000003,1.0,16.73727520987351,5.425103452728591,418.0690284351656,36.674865625750286,416.07599701227804,34.94658893836315,0.0,1.0,304.00173375914625,4.186967922524255,1.299879545825604,1.4743689894653291,259905.00000000003,1.0,0.8528128341870594,1.23756863060529,11.924439136971444,5.100274950636477,12.471505848609988,4.859672346639714,952013.7978693966,382030.5822990388,259486.93097156487,36.67486562574809,586207.0123185263,225995.45481292778,259893.07556086307,5.100274950634215,719803.5495790403,388616.70104232
1878,293.8225601824256,3.970626581436608,303.6166384176791,4.102982917486955,305.51923629168573,3.838740460244355,301.78449228023965,4.1561041463338455,19.386548812149897,9.745732570521255,0.5073583831978316,0.7707237519328106,259905.00000000003,1.0,17.019263401075836,5.577995381045672,419.8956221297085,37.41061187281309,418.03569510183223,36.70543085254854,0.0,1.0,303.67300247533905,4.40682547193443,1.336601375446637,1.4544616849158118,259905.00000000003,1.0,0.8588405906136336,1.2363392856942952,11.34667835213844,5.272407191384662,11.924439136971444,5.100274950636477,981062.0482911048,386527.8586305594,259485.10437787033,37.410611872811245,601508.4305352514,234568.42337230436,259893.6533216479,5.272407191382157,749467.4764511065,393524.67685246014
1879,293.4743305864785,4.002770413529285,303.2568012607449,4.136198370974426,305.20067986623974,3.9343124307206763,301.39526822003893,4.211491903557267,20.126450799011565,9.207989564431355,0.509541017263009,0.7698928068318758,259905.00000000003,1.0,17.109279767651547,5.591436987134199,422.36991881047214,37.905167599518435,419.86228879637514,37.44225872034939,0.0,1.0,303.33766692898035,4.495089247416721,1.3857842484201586,1.4324866503390152,259905.00000000003,1.0,0.8602592175261213,1.2358510145824912,10.721153321244403,5.415471488111585,11.34667835213844,5.272407191384662,1004503.8169373648,388802.6045777656,259482.63008118956,37.90516759951771,610441.9008772243,237577.99213338085,259894.2788466788,5.415471488110986,779277.6284654901,394949.99833763734
1880,293.06551787320376,4.012493696626651,302.83436156728754,4.146246113776683,304.8346720415608,4.001044133017862,300.95228504778555,4.271457150079827,20.649718674674013,8.938502792578099,0.5042950416028614,0.7729054371925854,259905.00000000003,1.0,17.161880039371354,5.582644066495053,425.3201290708386,38.235723982032084,422.3365854771388,37.938650862692725,0.0,1.0,302.9066110849708,4.582063197780276,1.4014364005262248,1.4193275840081656,259905.00000000003,1.0,0.8614206910065192,1.2353708222838802,10.081137611724698,5.466150314856852,10.721153321244403,5.415471488111585,1025735.9580991329,387869.9246073874,259479.6798709292,38.23572398203127,613894.3417268995,237309.37896015192,259894.9188623883,5.46615031485501,804371.2362815201,393778.69618307916
1881,292.5988121478187,4.033989758748642,302.35209911814246,4.168459179551403,304.40591731986143,4.093013619689679,300.4366112646062,4.393110113213639,21.17634627679182,8.559716339311784,0.4904412091232541,0.7782560766590824,259905.00000000003,1.0,17.402609770813413,5.544187038702718,428.5700910343604,38.167276914789916,425.28679573750526,38.27157626412106,0.0,1.0,302.39366960693474,4.664771294102886,1.4046925079305697,1.4167919960128048,259905.00000000003,1.0,0.8623716250638054,1.2349236976598432,9.438816728857933,5.443054238794767,10.081137611724698,5.466150314856852,1058488.875768243,399767.3437389576,259476.42990896566,38.16727691478973,618794.1408775756,239003.63195003473,259895.56118327117,5.443054238791869,830752.6925995252,400006.15840259497
1882,292.0783810808546,4.070594397240902,301.81432030242064,4.206284342716897,303.91798923435744,4.232301304736339,299.88504816426257,4.51886624616427,21.70661688147885,8.068113907346373,0.482615133070221,0.7820866600988915,259905.00000000003,1.0,17.694398222694396,5.387874859105225,432.0663612267413,37.69092425329279,428.5367577010271,38.2061267823418,0.0,1.0,301.83000534252363,4.764621971487103,1.4073583831978318,1.4145882811506267,259905.00000000003,1.0,0.8666666666666667,1.2325062610561555,8.817242594080259,5.389240031521029,9.438816728857933,5.443054238794767,1089927.8941493935,406530.6475748399,259472.93363877328,37.69092425329271,622022.4148261532,239325.39511804128,259896.18275740594,5.389240031516288,856817.1998894033,403089.5570111042
1883,291.47892670709047,4.283241207312296,301.1948838636304,4.426019830219463,303.3441465168983,4.4997122306838815,299.25355852348156,4.768832677730473,22.045177824221923,7.775543137267476,0.4666488930529298,0.7870368556720798,259905.00000000003,1.0,18.983324595423984,7.298375947029229,434.628232229153,36.22570204865826,432.03302789340796,37.733459817088175,0.0,1.0,301.2047045342106,4.88998893006351,1.3904234355095173,1.425532990544497,259905.00000000003,1.0,0.8762254575434126,1.2266510902253107,8.237814349973712,5.338881017798868,8.817242594080259,5.389240031521029,1130622.316797359,426490.5004415239,259470.37176777088,36.2257020486587,625421.8182923396,239599.3666842713,259896.76218565006,5.3388810177948045,889295.3199773114,417490.55542290903
1884,290.8045166796561,5.0380228298515055,300.4979931867412,5.2059609343733415,302.58800625598144,5.206800356630196,298.43209402892853,5.8969350078461575,21.771323643621336,7.944985505927098,0.45357684133974907,0.7915604366810075,259905.00000000003,1.0,20.212103293672815,9.390472766482763,435.7101011953052,35.00907677582404,434.60445768669643,36.255960859312104,0.0,1.0,300.3724828552177,5.463254024863294,1.3599665168665576,1.4394244434598735,259905.00000000003,1.0,0.9127279062266834,1.2159240072461883,7.738160371474487,5.2802869826629575,8.237814349973712,5.338881017798868,1179543.3034154363,511184.76164954086,259469.2898988047,35.00907677582377,625967.4059768629,240451.84304388094,259897.26183962854,5.280286982658972,928934.8841311613,478021.00856460346
1885,290.08187080798825,6.052057458355286,299.75125894521767,6.253796125825367,301.75705321998504,6.282901342362225,297.554690999225,7.139778002813636,21.55964156616528,8.025437255883412,0.44287435059634234,0.7955741510087848,259905.00000000003,1.0,21.21814220265626,10.161217508517959,435.5927777418143,35.17751136519459,435.69415272890166,35.02830073047159,0.0,1.0,299.52071901292663,6.387725740420493,1.3350305009295724,1.4526019140147826,259905.00000000003,1.0,0.9426135835263282,1.2036733830112383,7.303820037532187,5.215992417482325,7.738160371474487,5.2802869826629575,1221338.2500900202,574479.2100808538,259469.40722225822,35.177511365193936,630684.176584102,250073.9765878482,259897.69617996248,5.215992417477138,962466.1625029072,525039.6642325589
1886,289.42829384374704,6.827973004674402,299.0758959094211,7.055575575338457,300.9787865705672,7.107153494042937,296.646818213888,8.36945211221579,21.361269415355338,8.115872805447998,0.4376283749361948,0.798036670670008,259905.00000000003,1.0,22.775416634021735,12.286676786986016,433.73146113094873,38.66085541506194,435.5832367245513,35.187742174760054,0.019117581753491805,0.1047113077133663,298.65773479600006,7.445151262223305,1.318131100468732,1.4631647803423715,259905.00000000003,1.0,0.9766406974848577,1.1904638083098629,6.92899630121498,5.13421849766295,7.303820037532187,5.215992417482325,1271449.295795927,652168.3156881668,259471.26853886907,38.66085541505967,650740.1947385765,302361.0553953216,259898.0710036988,5.1342184976575105,1001646.4097114761,576069.4481453878
1887,288.8144662856441,7.517915298400224,298.44160733420705,7.76851621489935,300.26628995050925,7.705121910047809,295.79651153781987,9.323139733104593,21.41221977126829,8.113938975654479,0.42377454245658747,0.8020295258302736,259905.00000000003,1.0,23.98710841433446,12.980793159203026,430.7285029038231,44.20407226588288,433.7271660893458,38.66435487307222,0.044328524736303936,0.17039666473248874,297.8542338907585,8.23484972399528,1.3042950416028616,1.4723926332833601,259905.00000000003,1.0,1.0427349056281785,1.1894137538866245,6.634102831906963,5.010765025134155,6.92899630121498,5.13421849766295,1330463.8614071733,734085.4720296478,259474.2714970962,44.204072265883006,688487.1845108308,391080.5391524983,259898.3658971681,5.0107650251293006,1047382.3750018228,631649.5415675174
1888,288.2231897503883,8.036829865293631,297.83062130789943,8.304728261840191,299.62774951493384,8.118329588382245,294.95482858650706,10.137392204249348,21.718510202036512,8.234628859155563,0.4159484664035544,0.8050769681126455,259905.00000000003,1.0,24.66079135172764,13.552370309815084,427.3702732877284,50.199385669026974,430.7285029038231,44.20407226588288,0.07452828994717367,0.2315729926785308,297.0503769349123,9.00071034850671,1.309558790876746,1.4687999678823676,259905.00000000003,1.0,1.1984784834336455,1.3440195160971193,6.4896891911305294,4.881739322080866,6.634102831906963,5.010765025134155,1401112.155267766,826334.487700879,259477.6297267123,50.199385669026476,738359.9608731313,499207.59914917924,259898.5103108089,4.881739322074811,1101532.2277213498,689460.5312980352
1889,287.60678415897604,8.428284866300357,297.1936687390073,8.709231876950813,299.05723839286577,8.364337633364707,294.1855333285399,10.585343316205995,22.735321304017074,8.804592315355404,0.409541017263009,0.8076796780009896,259905.00000000003,1.0,25.310023879148375,13.763659442703181,424.3860296953341,54.945413711008094,427.3702732877284,50.199385669026974,0.127930139091285,0.3618624040961945,296.3550655416448,9.445195574727418,1.3938551939437465,1.4636100855039207,259905.00000000003,1.0,1.3154410922393387,1.3880829529726635,6.387500546969534,4.7779537774551475,6.4896891911305294,4.881739322080866,1481728.802668569,896424.6910946273,259480.6139703047,54.94541371100741,793542.9429203919,575816.5376112008,259898.61249945307,4.777953777449269,1167702.9753209462,739556.3706376826
1890,286.82472159311806,8.976762194852206,296.38553706323745,9.275991985404143,298.4478768931024,8.605685776279548,293.2652598849022,11.185079274116696,24.377787222218355,10.520671850345199,0.4042950416028614,0.8098820709286425,259905.00000000003,1.0,25.908482051383494,13.745473396248064,422.45103982456607,57.45052188524537,424.3860296953341,54.945413711008094,0.17165187525680006,0.4203804272038417,295.6251762243661,9.839347055657006,1.4915476241387944,1.4651756327961012,259905.00000000003,1.0,1.4207607679055354,1.404600669055511,6.300765224332721,4.686309488504921,6.387500546969534,4.7779537774551475,1582620.3044738953,975322.9981479034,259482.54896017545,57.450521885245166,847872.3762375469,622712.1530533822,259898.6992347757,4.686309488499643,1251068.6349063592,797647.1692707239
1891,285.8742220850401,9.665356821461236,295.4033538747147,9.98753991946886,297.7250115262995,8.944152393283051,292.2674116706729,11.798532042471098,25.899634467283075,11.839993753840881,0.4,0.8117327543774074,259905.00000000003,1.0,26.097031310927488,13.62327856074728,421.8536429809217,58.00773026633739,422.45103982456607,57.45052188524537,0.2290916125716828,0.5052723561940722,294.8461010742454,10.16620555121687,1.6288841663428797,1.512866237069814,259905.00000000003,1.0,1.522590324385129,1.4087768817325874,6.184930365111962,4.574883763255972,6.300765224332721,4.686309488504921,1677819.9185491183,1023949.9510176147,259483.1463570191,58.007730266336466,893640.8215549237,645743.5508995012,259898.8150696349,4.574883763252047,1329260.155411358,829253.486742343
1892,284.862002420379,10.302980513061225,294.357393256949,10.646417661701356,296.86872831959755,9.424428333901076,291.1552846805297,12.43347616504876,26.843895660219847,12.380388828672084,0.4,0.8117327543774074,259905.00000000003,1.0,26.55728369624211,13.347362705089349,421.7402549448994,58.08277537821645,421.8536429809217,58.00773026633739,0.30127918194432396,0.6143418054322195,293.887435101118,10.650950418699898,1.7508846078435023,1.5245107950421006,259905.00000000003,1.0,1.6014541741399617,1.3866512329347738,6.03120488980556,4.4438752198809155,6.184930365111962,4.574883763255972,1773301.0812625908,1050268.4124176835,259483.2597450551,58.08277537821577,935399.9461476775,653847.7702820846,259898.9687951102,4.443875219877591,1409738.4935499378,848152.2927201409
1893,283.87080972584926,10.810884580797817,293.33316059793907,11.171251831058989,295.9713862732906,9.876074123933483,290.03106693737357,12.94116514005641,27.532595754310996,12.28440478449135,0.4,0.8117327543774074,259905.00000000003,1.0,27.52377954145106,12.727235705345077,421.34907115775934,58.293578804912556,421.7402549448994,58.08277537821645,0.35686488233364355,0.6598942151129097,292.8966611615451,11.062524066232069,1.7421069388989363,1.5168901596088717,259905.00000000003,1.0,1.6846938693947087,1.3619341082408587,5.973791820301332,4.417307451410311,6.03120488980556,4.4438752198809155,1851405.9873978428,1054667.9736396861,259483.65092884225,58.293578804911824,968806.7365976453,653267.6401165389,259899.0262081797,4.417307451407692,1470655.878954008,848448.0322336054
1894,282.9033750486803,11.179446685183049,292.33347799652506,11.552099167620948,295.0592734183357,10.251822940308394,288.958586935066,13.25915540813478,27.57057115475993,12.282841288630921,0.4,0.8117327543774074,259905.00000000003,1.0,27.899098119639202,12.581275107158858,420.62054419288006,58.6241703483611,421.34907115775934,58.293578804912556,0.3918251567357223,0.6680676537712626,291.9223909285703,11.380514179991009,1.7259061119790788,1.510184472990683,259905.00000000003,1.0,1.7528447677766092,1.3253889605458493,6.0007304760988625,4.421594121759196,5.973791820301332,4.417307451410311,1910619.053015974,1040287.9318030803,259484.37945580715,58.62417034836062,991051.0895782697,646656.6219498935,259898.99926952392,4.421594121756688,1513976.4915112236,835238.502510182
1895,281.9757624865091,11.340256201648643,291.37494499519926,11.718268620482805,294.1518820770613,10.493373377914606,287.912271418785,13.37693197498762,26.69451562459118,12.325267261534133,0.41911758175349184,0.808735479327925,259905.00000000003,1.0,28.18176760328125,12.516876006720398,418.7141746324365,59.40389557483744,420.62054419288006,58.6241703483611,0.42044820852474923,0.6690955350778522,290.92939074951926,11.58150176227282,1.702092548816462,1.5094787084234733,259905.00000000003,1.0,1.776449148855514,1.3152116077806648,6.0750870761379145,4.423094619761419,6.0007304760988625,4.421594121759196,1954696.253255667,1015277.322674848,259486.28582536758,59.40389557483724,1011825.230897268,638739.834155859,259898.9249129239,4.423094619758918,1546426.6559053382,814683.7909384345
1896,281.11605385138046,11.266874517717453,290.4865793591265,11.642440410785452,293.273739347022,10.535359413554335,286.9080303221292,13.291047815143472,25.753991713689814,12.696902191153749,0.4347697338595581,0.8048789766560347,259905.00000000003,1.0,28.493184612155652,12.555356424073626,415.5402120001111,61.00817737982893,418.7141746324365,59.40389557483744,0.43333333333333335,0.6644252782821408,289.95198573009606,11.63468589376039,1.6614967564387908,1.5249669189516655,259905.00000000003,1.0,1.817418188890399,1.3456581265887138,6.231008508589523,4.48111972237501,6.0750870761379145,4.423094619761419,1998816.5761229875,984372.6667672754,259489.45978799992,61.00817737982817,1041045.4858122964,628285.8617934829,259898.76899149144,4.48111972237308,1582122.920611752,787379.2355337121
1897,280.2679165149679,11.016077111985535,289.6101707012503,11.383282543426198,292.4318510437467,10.376939716437068,285.95960799834563,12.995546758437055,25.06131848204195,13.06284919725203,0.4475846321406488,0.8007680764921083,259905.00000000003,1.0,28.559153522666332,12.5342192853599,411.59479232734606,63.10364400928881,415.5402120001111,61.00817737982893,0.43333333333333335,0.6644252782821408,289.0486643209649,11.445133391448117,1.6247432501276107,1.5442192234910836,259905.00000000003,1.0,1.837885528368285,1.3537637333883137,6.444150786830197,4.621389404858754,6.231008508589523,4.48111972237501,2030859.2006119473,953286.5375803963,259493.40520767268,63.10364400928976,1064275.372754799,615815.135893861,259898.55584921318,4.621389404856425,1609884.598303851,759089.6087971625
1898,279.4100569703338,10.629115084000421,288.72371560605376,10.983421194010281,291.61716871194506,10.023009519154796,284.98623512892885,12.538807324437936,24.91479240403476,13.088063432327868,0.45807658346094393,0.7967534164948622,259905.00000000003,1.0,28.413269299087936,12.656352920657701,407.638238848832,64.61285198543628,411.59479232734606,63.10364400928881,0.43333333333333335,0.6644252782821408,288.2186265698026,11.03273970184477,1.7002448694705548,1.5171770831459865,259905.00000000003,1.0,1.833543872756445,1.3545358782025116,6.577449790116087,4.7156876136556,6.444150786830197,4.621389404858754,2073759.1121142125,912868.7499084816,259497.3617611512,64.61285198543787,1094929.7999973658,601752.4174038358,259898.4225502099,4.715687613653519,1651410.3123289112,717853.4693635566
1899,278.60021952648515,10.074886477806317,287.88688325745534,10.410717588067149,290.8182231088949,9.509494943839147,284.044289428988,11.928136797347666,24.776057195825032,13.143027481478661,0.46666666666666673,0.7930248969185612,259905.00000000003,1.0,28.71421946570623,12.57034351796052,403.23340991228406,66.33543020405071,407.638238848832,64.61285198543628,0.43333333333333335,0.6644252782821408,287.3779373115346,10.448490722694629,1.7645861927185325,1.483133141830566,259905.00000000003,1.0,1.8299892257877584,1.3559452185894254,6.642852823185312,4.764793172328956,6.577449790116087,4.7156876136556,2115396.9732303526,868088.8380905725,259501.76659008773,66.3354302040517,1124784.3416723385,586114.5224337657,259898.35714717684,4.764793172326164,1690518.0956464626,670516.3727352011
1900,277.8971125920265,9.455822340924252,287.1603390120705,9.771017144652907,290.0739132957795,8.869352637090328,283.205758176054,11.205455658779394,24.70590827701564,13.175164537303544,0.46666666666666673,0.7930248969185612,259905.00000000003,1.0,28.79811717735589,12.541854369733294,398.67453434527715,68.15817191173421,403.23340991228406,66.33543020405071,0.43333333333333335,0.6644252782821408,286.6039578238537,9.759784455939883,1.8172644127553832,1.4779631837860296,259905.00000000003,1.0,1.7133640935384982,1.2353325016638055,6.538952503968428,4.653498501691501,6.642852823185312,4.764793172328956,2152249.1599600264,823818.4462488786,259506.32546565475,68.15817191173345,1152061.2758660107,567237.7512008464,259898.46104749606,4.65349850168795,1723896.5235352286,625184.6898190904
1901,277.351030781197,8.956648037682335,286.59605421579187,9.255203228467627,289.4616275147854,8.288411069644207,282.5238586985039,10.556300453087525,24.026064769978458,13.116076270507774,0.3710787578992077,0.6543428567438256,259905.00000000003,1.0,29.077644724746886,12.335498605739174,393.25187563260954,69.54523421040216,398.67453434527715,68.15817191173421,0.43333333333333335,0.6644252782821408,285.9522747972822,9.092024969621288,1.8603936915169614,1.4718896138235191,259905.00000000003,1.0,1.6168888541229522,1.2105606084702838,6.2858888756976725,4.348621835555182,6.538952503968428,4.653498501691501,2162374.5189607674,812474.3296793934,259511.7481243674,69.54523421040302,1171495.1092742449,548624.8006914235,259898.7141111243,4.348621835553776,1733395.2485395067,613245.1032698487
1902,276.8848136572921,8.50008845051871,286.1142964405056,8.783424845899935,288.9430956827192,7.771022030434883,281.99360012103085,10.014529825797949,23.62239663751466,13.166286457752873,0.29281799736887654,0.5402174729871544,259905.00000000003,1.0,28.837577259705668,12.423397358193633,387.74387701304966,70.76876781053308,393.25187563260954,69.54523421040216,0.43333333333333335,0.6644252782821408,285.44626002894364,8.567628051958698,1.8096758405064257,1.3901156214507566,259905.00000000003,1.0,1.5414180913488955,1.211855348824891,6.000246259610363,4.1477743507173015,6.2858888756976725,4.348621835555182,2165950.4874272905,807822.8335409808,259517.25612298696,70.76876781053478,1186745.477866767,530958.4474020886,259898.9997537404,4.147774350716931,1738464.3440299476,605859.6624431034
1903,276.52390951842557,8.130349834783363,285.74136239288805,8.401361764914226,288.52120825787813,7.359876618814109,281.58595944335195,9.578846318510852,22.859970951578838,13.342702149406014,0.2287435059634229,0.4460860386856658,259905.00000000003,1.0,28.764300267599356,12.462982107874595,381.6108041910657,71.85704226207518,387.74387701304966,70.76876781053308,0.43333333333333335,0.6644252782821408,285.0228083483841,8.157406148223297,1.743536197631989,1.3306359308247586,259905.00000000003,1.0,1.4796278569075225,1.2241392533174542,5.712545602815573,4.046415675021077,6.000246259610363,4.1477743507173015,2153898.6673255656,825712.2043407767,259523.38919580897,71.85704226207767,1192251.2868317706,522938.03729270183,259899.2874543972,4.046415675020408,1727631.7944812179,623388.667820153
1904,276.2536379075958,7.846275812445812,285.4620820004162,8.107818774058073,288.2232193816135,7.0403198380025644,281.27925432257456,9.22700189895464,22.405728151362457,13.379053263430894,0.17628374936194718,0.3681920106234079,259905.00000000003,1.0,29.067192414249057,12.274479865272964,374.77305617881717,72.48521046657592,381.6108041910657,71.85704226207518,0.43333333333333335,0.6644252782821408,284.69887420640356,7.828285439537662,1.6858691553670808,1.3009231483201715,259905.00000000003,1.0,1.4194795008537262,1.237339564146448,5.4171176565717465,4.014067046408385,5.712545602815573,4.046415675021077,2135002.05280663,849726.9779293006,259530.2269438212,72.48521046657869,1193892.019725906,520957.1537838848,259899.58288234344,4.014067046407213,1707220.7752503105,650865.851772107
1905,276.03715162759664,7.623618274908382,285.2383798396743,7.877739644409387,288.01738352218445,6.823712869762435,281.06628220571156,8.981083980881717,22.511666779435348,13.37421417546496,0.11421575157984154,0.18617050967562063,259905.00000000003,1.0,29.260254244038222,12.086245726963005,367.91025296263444,72.122469427375,374.77305617881717,72.48521046657592,0.43333333333333335,0.6644252782821408,284.4753126426822,7.586557956590642,1.5717438382885311,1.2068794940321501,259905.00000000003,1.0,1.4159484664035544,1.2409827370002555,5.227988951353436,4.10283589429586,5.4171176565717465,4.014067046408385,2105365.7218561135,877879.4928909302,259537.0897470374,72.12246942737848,1189927.4855566332,524446.4136002226,259899.77201104866,4.102835894294106,1678412.6813419752,675980.2581313424
1906,275.80169726185085,7.38868929414879,284.9950771745686,7.634979960967201,287.80101623666843,6.60681967231137,280.8506098835339,8.728390744515597,23.010571704949044,13.37862969738306,0.09856359947377531,0.17464713839614243,259905.00000000003,1.0,29.311290253428332,12.016855830571727,361.5109708146814,70.30797139198954,367.91025296263444,72.122469427375,0.43333333333333335,0.6644252782821408,284.25322398455705,7.344064275290539,1.478305931491547,1.164421386681136,259905.00000000003,1.0,1.409541017263009,1.2479953856197723,5.125890703791565,4.1956313527540585,5.227988951353436,4.10283589429586,2081858.4903478925,898299.4682930028,259543.48902918535,70.30797139199166,1186689.7972194685,527242.2001654218,259899.87410929622,4.195631352752778,1655580.1793079716,692271.6707672485
1907,275.5526305436915,7.1316670187752385,284.7377082878871,7.369390360869346,287.6051982499021,6.389779997059811,280.62217737228735,8.45573180731207,23.974539404104732,13.647587149190162,0.09530749206943048,0.16998164170776456,259905.00000000003,1.0,29.72710791895793,11.71588314596312,355.66309480775874,67.56756983391661,361.5109708146814,70.30797139198954,0.43333333333333335,0.6644252782821408,284.0416769576172,7.101466743829221,1.4334537875077293,1.195218266807316,259905.00000000003,1.0,1.4042950416028614,1.2537578441745685,5.063398624553363,4.259205500260571,5.125890703791565,4.1956313527540585,2070163.3152013244,907030.066057831,259549.33690519226,67.56756983392108,1186580.29665047,527304.9899744838,259899.93660137546,4.259205500260303,1639949.5978307228,700740.7756003991
1908,275.2262279561087,6.740521566794408,284.4004254312926,6.9652066518509175,287.334405435586,6.05512550692402,280.34731610818176,8.095073285621453,24.942217728125634,13.472931225411072,0.09264161680216847,0.16702263370574025,259905.00000000003,1.0,29.61685065553261,11.787069263755699,350.89582026354964,64.88558345293956,355.66309480775874,67.56756983391661,0.45245091508682517,0.6597617050882103,283.7932203037862,6.787458446376854,1.3967319578866964,1.2223789542003967,259905.00000000003,1.0,1.3808824182465083,1.273716618584701,5.014215751579842,4.31027815186795,5.063398624553363,4.259205500260571,2065348.029314542,910758.0697797664,259554.10417973646,64.8855834529439,1189979.9254504696,526041.6974043085,259899.98578424845,4.310278151868051,1639836.5848621537,700807.4152388999
1909,274.8603768691197,6.303071905980216,284.0223791113835,6.513175192118577,287.0246394158481,5.636977013015629,280.0143339574687,7.657716507886328,25.191714331099565,13.527848384979759,0.09045898273699104,0.16520924878238957,259905.00000000003,1.0,29.402065947945225,12.039055663042856,346.59500966396695,61.196950370860556,350.89582026354964,64.88558345293956,0.4681030671928914,0.6542042038034179,283.48059350673554,6.343310592696291,1.347549084913175,1.2485051503892093,259905.00000000003,1.0,1.365230266140442,1.2881054389456938,4.998563599473775,4.328165933665183,5.014215751579842,4.31027815186795,2068698.6825705925,908334.3742284424,259558.40499033604,61.19695037086412,1200984.441396003,521399.6361817698,259900.00143640055,4.328165933665513,1644423.122978128,698477.3559713914
1910,274.4853540671335,5.873104550000468,283.6348554676485,6.0688755304133375,286.6620890112088,5.1831301481696235,279.64233458330926,7.214430503695736,25.30212886422477,13.528940679886091,0.09570495839713862,0.16473580416665223,259905.00000000003,1.0,29.191942567290745,12.314447072411548,342.60949100250383,56.441945028627394,346.59500966396695,61.196950370860556,0.48091796547398213,0.6484587106761066,283.158715454678,5.929658337678684,1.3318969328071086,1.2627538355376635,259905.00000000003,1.0,1.3524153678593513,1.3000562872185293,4.985748701192684,4.342842820211781,4.998563599473775,4.328165933665183,2069227.8001107299,907885.980071197,259562.39050899752,56.44194502863247,1210345.5419375713,513555.7723459405,259900.01425129882,4.3428428202137095,1646637.4511989895,696960.9524488585
1911,274.1748608106228,5.496526077258732,283.31401227740037,5.679744346951393,286.34735399349717,4.782990400126452,279.31810516234356,6.850634057881524,25.151131406440747,13.583815013934608,0.1,0.16383175622084598,259905.00000000003,1.0,29.294587203449122,12.248136149107653,338.36603520549545,50.63891996491672,342.60949100250383,56.441945028627394,0.49140991679427726,0.6429320422637272,282.84382437475637,5.56049541506685,1.319082034526018,1.27459569714152,259905.00000000003,1.0,1.3514822074158022,1.3008365975527014,4.9848155407491355,4.3438839829075615,4.985748701192684,4.342842820211781,2061959.9196237796,912041.3191588946,259566.6339647945,50.63891996492339,1220162.6093796943,507617.5614219659,259900.01518445928,4.343883982909632,1645878.9830529802,697359.1227882466
1912,273.92863106008383,5.186001871825214,283.0595747857814,5.358869325780656,286.0820932786719,4.4562458370360805,279.06166284376087,6.538826578100013,24.735538718634384,13.872941054561764,0.1,0.16383175622084598,259905.00000000003,1.0,29.270060707283264,12.269982490488376,333.73151321684657,43.26657104284854,338.36603520549545,50.63891996491672,0.5,0.6378414159290985,282.5862364365542,5.2514009453444705,1.308590083205723,1.2844056836297277,259905.00000000003,1.0,1.3507182002631124,1.3015077053945758,4.993610324473192,4.334239663630896,4.9848155407491355,4.3438839829075615,2050657.8181290952,919652.6236420752,259571.26848678317,43.26657104285208,1231019.9555819593,499344.45164928935,259900.00638967555,4.334239663633881,1641144.1634421763,700399.8407610194
1913,273.85086214821894,5.087358736688683,282.9792136405688,5.256938226998153,285.9636991266119,4.309314578884259,278.93389682772874,6.38737731860373,24.367148343204885,14.137981363257644,0.1,0.16383175622084598,259905.00000000003,1.0,29.043997119299927,11.996024374670974,328.95466444075157,37.33874854700858,333.73151321684657,43.26657104284854,0.5,0.6378414159290985,282.423581369909,5.046917516231175,1.3,1.29251252836545,259905.00000000003,1.0,1.3475668585269118,1.3042841858701402,5.00784384966677,4.318923578105744,4.993610324473192,4.334239663630896,2031994.5813063353,928076.6016309707,259576.04533555926,37.33874854700913,1247438.688258835,489048.2973143445,259899.99215615034,4.318923578107868,1626228.770595089,707443.246659444
1914,274.07023989991325,5.319110560637432,283.2059040955011,5.49641509042019,286.1331002421608,4.458397662483848,279.2017622667355,6.575136484696221,24.152805002527973,14.361678705163351,0.1,0.16383175622084598,259905.00000000003,1.0,28.669271258655336,11.423805850093986,324.33819818462416,35.126384437999405,328.95466444075157,37.33874854700858,0.5,0.6378414159290985,282.5451554255969,5.15045534549802,1.2904412091232542,1.3012948668291424,259905.00000000003,1.0,1.3163103855037888,1.32166358668813,5.000379692713971,4.3261065083906525,5.00784384966677,4.318923578105744,1988557.7009366495,927510.6398998232,259580.6618018154,35.12638443799942,1255650.134355484,486750.84498834447,259899.9996203073,4.326106508392687,1586230.9578897094,709869.0960610299
1915,274.56602036966456,5.7989114038652545,283.7182104905844,5.992209162365464,286.6503078588277,4.902283196827105,279.73871642519185,6.944175529689776,23.908422667538513,14.573809351793578,0.21470549052095084,0.6307369979344436,259905.00000000003,1.0,28.58177935127501,11.319480142062524,319.45013601036675,36.54112492417786,324.33819818462416,35.126384437999405,0.5,0.6378414159290985,282.92613166316676,5.443038851471402,1.2826151330702211,1.3085483784235699,259905.00000000003,1.0,1.2907197498070053,1.3374096877724635,4.975150976117423,4.347826491866036,5.000379692713971,4.3261065083906525,1960474.317065006,920396.272260995,259585.54986398967,36.541124924178604,1269967.7796201285,490832.14743193943,259900.0248490239,4.347826491868457,1548783.7212476057,709908.7147209477
1916,275.18272599711497,6.517561025968664,284.3554731843486,6.734814015711,287.3064168482759,5.636835854479249,280.5256980061909,7.507730714541721,23.717799759387386,14.73186213408705,0.30861840315734823,0.7878454068332065,259905.00000000003,1.0,27.627864670075784,9.648695460714526,315.231452696521,41.112211040300046,319.45013601036675,36.54112492417786,0.48088241824650824,0.6441256500925964,283.5690406401658,5.950669359304143,1.2762076839296757,1.3145286666687233,259905.00000000003,1.0,1.2566926358484758,1.3573509726536628,4.922302594702889,4.387331424315876,4.975150976117423,4.347826491866036,1932749.860300997,902944.4090238574,259589.7685473035,41.11221104029965,1279271.7965966326,500590.7908744864,259900.07769740533,4.38733142431823,1505672.4708811853,704293.8864969397
1917,275.86435886123667,7.217927107038225,285.0598274332422,7.458525781462254,288.01664234815075,6.476120870403272,281.3013212753506,7.983900903835434,23.595905091641733,14.76291771455676,0.3855077928438926,0.8654272096610625,259905.00000000003,1.0,26.81313736096572,8.816976795954552,311.6287126343531,45.7640219357743,315.231452696521,41.112211040300046,0.465230266140442,0.6429055725892403,284.2267072377545,6.4680597513224525,1.2709617082695281,1.3194524239606056,259905.00000000003,1.0,1.190598427705155,1.3689991468615539,4.808605980805183,4.444860455464127,4.922302594702889,4.387331424315876,1902682.6169109393,876817.08536769,259593.37128736568,45.76402193577506,1274583.36337045,493994.5987147713,259900.1913940192,4.444860455466614,1466462.673567854,684093.9161033789
1918,276.59116902354367,7.982258544565903,285.81086490643906,8.248334944616778,288.7430428381931,7.33941919120936,282.161251739949,8.50387936973828,23.343165524494207,14.727229182509772,0.44845950076566343,0.9042352305747171,259905.00000000003,1.0,26.04679393448538,8.12590326203361,308.4766247235963,49.86380559716769,311.6287126343531,45.7640219357743,0.4428565769826054,0.6387033402419346,284.99105360486845,6.975528452734447,1.2571078757899208,1.3308754448607385,259905.00000000003,1.0,1.0348548498996881,1.2165262459437793,4.553019621581616,4.43575104957087,4.808605980805183,4.444860455464127,1856186.4719357502,829838.8569195343,259596.52337527642,49.86380559716779,1248748.5697885866,451880.28520845325,259900.44698037845,4.435751049573457,1416542.6468399689,654929.1101588022
1919,277.3243875645092,8.679278575020408,286.5685242101433,8.968588916775794,289.43977009703394,8.149922733336082,282.9560362461484,9.116242996698746,22.913317341138892,14.344237860353784,0.5,0.9216899337286443,259905.00000000003,1.0,25.291485873900065,7.929102995817193,305.5984561908351,52.76031573342495,308.4766247235963,49.86380559716769,0.3958621769790394,0.6012383028586269,285.72763952683533,7.6290796445905755,1.1728114727229204,1.3276289813813957,259905.00000000003,1.0,0.9178922410939948,1.1365081466593963,4.264767056619357,4.373815038240496,4.553019621581616,4.43575104957087,1808011.4809038343,779045.7436774356,259599.4015438092,52.76031573342432,1222618.1821854985,408696.9620451076,259900.7352329434,4.3738150382427525,1365210.7132364549,613982.5295337079
1920,278.1724200169392,9.128279544618614,287.4448245150546,9.432556103249773,290.1356538005396,8.747559992794598,283.896683192656,9.507824093574955,22.034118747526733,12.853368564999805,0.5,0.9216899337286443,259905.00000000003,1.0,24.507174374963483,8.179127105591045,302.62540056339833,54.17789975579269,305.5984561908351,52.76031573342495,0.3573864164736719,0.5770593952862558,286.5099438233019,8.20401579543834,1.0751190425278725,1.3013799926996734,259905.00000000003,1.0,0.8125725654277982,1.0658074702619933,3.96888724618595,4.2803459386304965,4.264767056619357,4.373815038240496,1735406.5445202386,687665.3760632927,259602.37459943662,54.17789975579107,1194110.2616522505,370891.4078331828,259901.03111275384,4.280345938631903,1303366.6708133598,534233.5073452267
1921,279.14508142582304,9.291669878609067,288.44990820004415,9.601392433742735,290.91781745137104,9.152352316548956,284.8848382003877,9.657255207547681,20.972156663433278,11.021725243613119,0.5,0.9216899337286443,259905.00000000003,1.0,24.306326661792333,8.359068289874156,298.7912305650393,53.96371395474706,302.62540056339833,54.17789975579269,0.30424172076165057,0.5172540618131327,287.3073173502836,8.648901930160902,0.9377825003237873,1.1807692052397014,259905.00000000003,1.0,0.7107430089482044,0.9872225950002029,3.7085144214770334,4.212674248889533,3.96888724618595,4.2803459386304965,1659126.1465245637,600648.8242896106,259606.20876943498,53.96371395474493,1163586.6027357273,350845.4708433853,259901.29148557855,4.212674248890245,1242952.4564189634,458496.68170356227
1922,280.1761885981125,9.281463733226404,289.5153857427897,9.590845778603681,291.828196966512,9.331263402041825,286.0209496638206,9.648907550330101,20.080061582183674,9.8427268183094,0.5,0.9216899337286443,259905.00000000003,1.0,23.882263940138152,8.619465725046716,294.4890282070848,52.1359469729169,298.7912305650393,53.96371395474706,0.23205415138900942,0.3819404800588769,288.2920095437471,8.8663978464743,0.8157820588231647,1.074061484851334,259905.00000000003,1.0,0.6318791591933718,0.9439940747243598,3.4912781885139075,4.177390636770519,3.7085144214770334,4.212674248889533,1575879.4047997773,512800.6551667168,259610.51097179294,52.13594697291495,1131277.7235861816,347904.2849996304,259901.50872181152,4.177390636772399,1172328.3884499318,370338.86707160814
1923,281.1848098756218,9.136219114953905,290.5576280055402,9.44075962255927,292.75274223946656,9.315098232085683,287.1595295088864,9.486387647419749,19.453733581214944,9.391642890829232,0.5286763726302377,0.9189761429372348,259905.00000000003,1.0,22.988586134324986,8.97558370481553,290.4254992813445,49.49242792684453,294.4890282070848,52.1359469729169,0.17646845099968983,0.2710722482447713,289.29579607221115,8.91704768828025,0.7194130281235256,1.0091768740041414,259905.00000000003,1.0,0.548639463938625,0.8818991598033801,3.287171290995673,4.143266058551513,3.4912781885139075,4.177390636770519,1503135.421264598,448522.0570194037,259614.57450071868,49.49242792684244,1104453.6309687968,354070.41183507326,259901.71282870902,4.143266058553667,1115119.8316384915,308226.4977960523
1924,282.1769863509104,8.911941469159748,291.5828773270565,9.209006312506862,293.69443243368386,9.181079728222494,288.25810639202126,9.295513172711301,18.911620335352616,9.37263694766879,0.5521546007893371,0.9139875117842011,259905.00000000003,1.0,22.26032274814551,9.383025200309394,286.5246422677623,46.34055752275295,290.4254992813445,49.49242792684453,0.14150817659761103,0.21690793742900655,290.307142914665,8.87278986406166,0.6495270184600188,0.9827678144321453,259905.00000000003,1.0,0.4804885655567243,0.8403330056542299,3.0847995047590455,4.10011335262819,3.287171290995673,4.143266058551513,1446705.0193064895,421421.767539265,259618.47535773227,46.34055752275199,1088018.0138362849,364290.633576731,259901.91520049528,4.100113352630364,1070398.3133770528,287989.4105136051
1925,283.0958822911344,8.672513944948312,292.5324033029628,8.961598377918866,294.61774377412223,8.972632599041342,289.29535361324184,9.070407568232245,18.945419995562517,9.353943810763514,0.5522593664574814,0.9139902262489229,259905.00000000003,1.0,21.469824962957887,9.742675636870569,283.44797793390944,43.75445071126327,286.5246422677623,46.34055752275295,0.11288512480858416,0.17075054815419838,291.3217076475013,8.71628449350325,0.6028586410766368,0.979134121879864,259905.00000000003,1.0,0.42820781184758183,0.8188279619931079,2.8768153421966574,4.039903888105052,3.0847995047590455,4.10011335262819,1405378.0069832979,423030.0145745657,259621.5520220661,43.75445071126282,1071122.5038064793,376405.8955444138,259902.12318465783,4.0399038881064335,1037096.2114628147,292906.6326080277
1926,283.87615261322026,8.4653716178325,293.33868252463986,8.747551610513517,295.4671690509131,8.749874302490834,290.2443762634699,8.841782075719497,19.26921860227308,9.103033868248545,0.5523451413318579,0.9139823187260715,259905.00000000003,1.0,20.412681131208956,9.996669101668417,281.75217026364174,42.4494301399276,283.44797793390944,43.75445071126327,0.1,0.16383175622084598,292.3024300439698,8.4884049230457,0.5857487011926846,0.9852190408799609,259905.00000000003,1.0,0.31596658926986776,0.604905983162835,2.573699896940507,3.8146267381160106,2.8768153421966574,4.039903888105052,1369640.0505505435,419697.0387159133,259623.24782973639,42.449430139926626,1051134.3468316,382687.62566292146,259902.42630010308,3.8146267381159804,1009347.5149856153,286167.8321898708
1927,284.58647006298906,8.252471534182467,294.07267709641883,8.527555225568568,296.2085798365192,8.519797004166577,291.0515063097278,8.614589186584672,19.417091163285153,8.95589332463005,0.5524153678593513,0.9139690541351592,259905.00000000003,1.0,19.782966034738198,10.248508799486016,280.83388002432935,41.83043181868392,281.75217026364174,42.4494301399276,0.1,0.16383175622084598,293.11463782426296,8.264306744755082,0.5752567498723895,0.9898694382534694,259905.00000000003,1.0,0.23714652210518045,0.4140552904963712,2.2022563358399645,3.3340406772230238,2.573699896940507,3.8146267381160106,1345007.1213721402,428108.1018204666,259624.16611997568,41.830431818683856,1036842.5539532866,389582.1482073514,259902.79774366418,3.334040677223418,989930.471422988,288971.60793525254
1928,285.2570094593246,7.981271644341553,294.7655677441114,8.247315534424194,296.88540363067466,8.328065521392851,291.8231697284712,8.312873300864215,19.176460091729222,9.01934964702754,0.5419234165390562,0.9185863026100765,259905.00000000003,1.0,19.432575238079693,10.553751718603063,280.0358414614398,41.147598779230776,280.83388002432935,41.83043181868392,0.1,0.16383175622084598,293.83360112328717,8.163909359993342,0.49975513052944537,0.9417502542732838,259905.00000000003,1.0,0.19371300503385067,0.33340228802115557,1.8628808770110366,2.81073416452413,2.2022563358399645,3.3340406772230238,1312865.128922803,425384.65440112224,259624.96415853858,41.14759877923169,1017483.9121172896,392046.59506275755,259903.137119123,2.810734164523393,962418.4495094845,273196.2688221759
1929,285.8158733837431,7.727515997383824,295.34306029409936,7.985101390339394,297.49451455383485,8.11718565281532,292.5182246469763,7.987142157035539,19.340602406631046,9.037124888334574,0.5333333333333333,0.9225322877608568,259905.00000000003,1.0,18.60634623405395,10.700096929909781,280.23676430068355,41.33653894961896,280.0358414614398,41.147598779230776,0.1,0.16383175622084598,294.50413108631017,8.01752310534773,0.43541380728146767,0.9059037708524159,259905.00000000003,1.0,0.15815264889321545,0.265921454246346,1.552286385289451,2.21413365817768,1.8628808770110366,2.81073416452413,1281564.4522577715,423349.8379451909,259624.76323569933,41.336538949619815,996132.7553010221,395978.1649101045,259903.44771361473,2.2141336581783797,939180.2068570695,260036.0067131032
1930,286.3115356726864,7.551991686352877,295.8552445738107,7.803726218060616,298.0325857680246,7.92487908218173,293.1125949226133,7.735579994549864,19.28698365309752,9.05096659668126,0.5333333333333333,0.9225322877608568,259905.00000000003,1.0,18.186340958658803,10.651394553042703,280.80407366178895,41.8244565953236,280.23676430068355,41.33653894961896,0.1,0.16383175622084598,295.0862225762298,7.866540584881172,0.35405921461437934,0.8256511021008238,259905.00000000003,1.0,0.12903829173047196,0.16218510930245592,1.2939321290722103,1.5614609198105525,1.552286385289451,2.21413365817768,1253385.038424488,422379.63511796773,259624.19592633823,41.82445659532389,980140.6713710092,398735.25725437247,259903.70606787095,1.5614609198130778,919326.4499290012,249532.56428424004
1931,286.74737691164955,7.405855387071654,296.3056139032003,7.652718674441877,298.50442178250574,7.754338905058843,293.64085108520914,7.534930459189866,19.422273897574353,9.019173170258057,0.5333333333333333,0.9225322877608568,259905.00000000003,1.0,17.819638927112315,10.624623113597291,281.87337529891767,42.67016662624138,280.80407366178895,41.8244565953236,0.1,0.16383175622084598,295.6004139081717,7.744483108811945,0.28745170769370165,0.7407413535311166,259905.00000000003,1.0,0.12377454245658745,0.1511972549731646,1.1064804213785087,0.9728439490215298,1.2939321290722103,1.5614609198105525,1232066.887016608,429595.0941902079,259623.1266247011,42.670166626242946,968971.7823132423,404642.0423533067,259903.89351957865,0.972843949024186,904596.4640919494,250396.54985133174
1932,287.13498369520454,7.256000947385547,296.7061410160233,7.497869051543322,298.93433669131014,7.574378745775126,294.1026207180532,7.375906022356596,19.521401710456658,8.998732271000403,0.5333333333333333,0.9225322877608568,259905.00000000003,1.0,17.431942776117882,10.717313734620683,283.4295008999231,43.915935678295625,281.87337529891767,42.67016662624138,0.1,0.16383175622084598,296.08159817410643,7.636479052634669,0.18512413900815877,0.4733461505856565,259905.00000000003,1.0,0.11594846640355433,0.14067035946745957,1.02135628237035,0.7230697935245856,1.1064804213785087,0.9728439490215298,1216268.1684314269,439450.79366943653,259621.5704991001,43.91593567829629,959115.6675764886,412341.5292334616,259903.97864371765,0.7230697935295552,894139.5260700624,254796.54267008774
1933,287.4848013177192,7.128348543761665,297.0676190146647,7.365961683318657,299.3525635660936,7.381182762057018,294.5240708978396,7.245011231668766,19.748271656358682,8.803841783872356,0.5333333333333333,0.9225322877608568,259905.00000000003,1.0,17.120021811217367,10.739896494222219,285.52441741173106,45.247667144194985,283.4295008999231,43.915935678295625,0.1,0.16383175622084598,296.5465802437013,7.469277215625151,0.12596079015968908,0.3330713305369768,259905.00000000003,1.0,0.10954101726300897,0.1338742177072832,0.9953954922106609,0.663474640458279,1.02135628237035,0.7230697935245856,1212916.2110336777,443047.5929489624,259619.4755825883,45.24766714419597,957977.4782190928,413611.8693630549,259904.00460450782,0.6634746404622226,894115.7761935489,254824.05553773913
1934,287.80315273753024,7.015765841162351,297.3965817911828,7.2496264260036964,299.6978260344897,7.235545655770015,294.89411112103704,7.143958627086927,19.75106159456219,8.802228007970403,0.5333333333333333,0.9225322877608568,259905.00000000003,1.0,16.575057875247474,10.687479188578326,288.16708779771244,46.55853981378218,285.52441741173106,45.247667144194985,0.1,0.16383175622084598,296.9625877389631,7.314264217801922,0.09059721052512403,0.2180630364252847,259905.00000000003,1.0,0.10429504160286139,0.12973115123195586,1.004798281685537,0.6736726871575084,0.9953954922106609,0.663474640458279,1208263.674548418,447893.358947901,259616.8329122023,46.55853981378252,952286.0928162506,419715.79989857355,259903.99520171835,0.6736726871598194,895021.9342477302,253722.41603647821
1935,288.0918593154447,6.885633429958513,297.694911544229,7.115156450408963,300.0047214511037,7.095382393122864,295.2165134520607,7.046225817636865,19.507789211157068,8.797119891547398,0.5333333333333333,0.9225322877608568,259905.00000000003,1.0,16.056023663045544,10.86294782335028,291.08552001249063,48.23031239761507,288.16708779771244,46.55853981378218,0.1,0.16383175622084598,297.319108406615,7.186921447637602,0.07219340827741928,0.1621523146004632,259905.00000000003,1.0,0.1,0.13101671430013437,1.0326048734081177,0.6754915136515593,1.004798281685537,0.6736726871575084,1204457.4713772289,451230.47127147554,259613.91447998752,48.23031239761475,943458.450172351,428171.6022346288,259903.96739512662,0.6754915136542763,894229.7856617013,254383.3182186097
1936,288.37915711484595,6.697520139170572,297.99178582035967,6.920772800006041,300.3081133708872,6.896433233774944,295.51123020794967,6.906780741576794,19.182467399831435,8.55923641088655,0.5333333333333333,0.9225322877608568,259905.00000000003,1.0,15.68733811395241,11.112524630557827,294.0473159650363,50.71390576348167,291.08552001249063,48.23031239761507,0.1,0.16383175622084598,297.64478004806057,7.012079446953143,0.05712564940365771,0.12357435746361124,259905.00000000003,1.0,0.1,0.13101671430013437,1.07547922400446,0.6479485295177978,1.0326048734081177,0.6754915136515593,1225764.003493693,456076.991754986,259610.95268403497,50.71390576348306,958371.6332234119,427218.90404714644,259903.92452077603,0.6479485295205291,917086.7410849646,280031.1821430302
1937,288.6711491966756,6.469873750832198,298.29351076100994,6.685538340987146,300.5847398928804,6.704175486905201,295.8099258076353,6.727445129355038,18.36368787152342,7.443266892341635,0.5333333333333333,0.9225322877608568,259905.00000000003,1.0,15.007639421331888,10.990954836703644,296.8700310818945,53.459747955262024,294.0473159650363,50.71390576348167,0.1,0.16383175622084598,297.9313517852642,6.818810561684799,0.06237162506380529,0.1244033863629694,259905.00000000003,1.0,0.1,0.13101671430013437,1.1131075989406547,0.6152935319661822,1.07547922400446,0.6479485295177978,1237318.3493490897,461054.6830255557,259608.12996891813,53.45974795526118,966968.8397088157,428445.57802687684,259903.8868924011,0.6152935319688465,931684.4588062275,297958.3538504169
1938,288.98086005701384,6.18364704071827,298.6135452761904,6.389770618603135,300.8706549587993,6.452502303841736,296.11390950615305,6.511590986784588,18.04952897973129,6.819443855286252,0.5333333333333333,0.9225322877608568,259905.00000000003,1.0,14.486858536778827,11.082485564838686,299.8993681915137,57.1344560466328,296.8700310818945,53.459747955262024,0.0808824182465082,0.13811436786508682,298.22843045883724,6.591986835631742,0.06666666666666667,0.12440004612644613,259905.00000000003,1.0,0.1,0.13101671430013437,1.146440932273988,0.5789243668273953,1.1131075989406547,0.6152935319661822,1246059.8417742967,465053.1756729731,259605.1006318085,57.13445604663173,976082.9406182907,433156.9856009412,259903.85355906776,0.5789243668299963,948011.696161308,327336.8251038598
1939,289.33378788416314,5.770122079880507,298.97823743280605,5.962461393160521,301.1744520334884,6.137781328598993,296.4715026737856,6.176763448781178,18.132372911122868,7.003379409578657,0.5333333333333333,0.9225322877608568,259905.00000000003,1.0,14.310247844709927,11.152666533458724,303.18815992459326,61.950534698697766,299.8993681915137,57.1344560466328,0.06523026614044197,0.1176362364321381,298.5589991185896,6.301774530483303,0.06666666666666667,0.12440004612644613,259905.00000000003,1.0,0.1,0.13101671430013437,1.1797742656073213,0.5379794270777176,1.146440932273988,0.5789243668273953,1257249.2663665225,474843.4858798908,259601.81184007542,61.95053469869737,1019247.9987274252,508709.1403335736,259903.8202257344,0.5379794270802681,1000207.7702187224,483907.651488586
1940,289.73427312330745,5.185342752557737,299.39207211881666,5.358189572130934,301.55452647085275,5.62212139746625,296.9164974499147,5.614167090862307,18.321295363946877,7.320990827408884,0.5333333333333333,0.9225322877608568,259905.00000000003,1.0,14.398578703478647,11.13371257109836,306.5775432517282,67.30082211682434,303.18815992459326,61.950534698697766,0.05241536785935125,0.10149558990997497,298.9627505172769,5.848720622442853,0.06666666666666667,0.12440004612644613,259905.00000000003,1.0,0.1,0.13101671430013437,1.2131075989406546,0.4913160437402032,1.1797742656073213,0.5379794270777176,1274074.8123108523,486421.4152231444,259598.4224567483,67.30082211682465,1063587.936207797,556144.5826428725,259903.78689240108,0.4913160437427241,1049671.5553237784,574229.0151174094
1941,290.09166314481513,4.5622117390563774,299.7613750998287,4.714287546512914,301.93744521568885,5.0195077500561025,297.3674019874435,4.891903559753334,19.111359323593348,8.492560023212935,0.5333333333333333,0.9225322877608568,259905.00000000003,1.0,14.145899004189024,11.014489962229563,311.0096702377992,74.12830821593514,306.5775432517282,67.30082211682434,0.0419234165390561,0.08893242070344455,299.4211441509557,5.202743722805691,0.06666666666666667,0.12440004612644613,259905.00000000003,1.0,0.10955879087674592,0.1536231896749569,1.2559997231507338,0.463009259653531,1.2131075989406546,0.4913160437402032,1286992.3293037228,496398.12843600294,259593.99032976222,74.12830821593467,1086610.9980468582,570277.3601071925,259903.74400027687,0.4630092596558887,1091113.0346706891,633327.1906621172
1942,290.4196170800289,3.8818765187259667,300.1002609127021,4.011274526455955,302.2980281210697,4.301358990547088,297.77007635002076,4.1233473422685485,20.227285296687334,9.340152115442137,0.5333333333333333,0.9225322877608568,259905.00000000003,1.0,13.94937507991416,10.98929477427043,316.754247121239,82.54992687752123,311.0096702377992,74.12830821593514,0.03333333333333333,0.07929507613443851,299.8500583056785,4.46074870722731,0.07622545754341258,0.1299924307526743,259905.00000000003,1.0,0.11738486692977902,0.1657260158177701,1.2971591325371004,0.4501736510245146,1.2559997231507338,0.463009259653531,1311124.7698654202,513868.48523377045,259588.24575287878,82.54992687752137,1106058.2098165073,577741.4819685154,259903.70284086748,0.45017365102634094,1137621.0782885568,685977.5878067794
1943,290.65361309766746,3.345654816112321,300.3420569944926,3.457178649855558,302.5880228937017,3.6536058834583454,298.1088708794165,3.336862438697092,21.25583043126479,9.782140995912014,0.5333333333333333,0.9225322877608568,259905.00000000003,1.0,13.156604044468242,9.845006749271704,324.3201401747022,91.62593911404981,316.754247121239,82.54992687752123,0.03333333333333333,0.07929507613443851,300.2133573139735,3.699989808537165,0.0840515335964457,0.13229218597345138,259905.00000000003,1.0,0.12379231607032438,0.17230465534443293,1.336899915010979,0.4495203732577637,1.2971591325371004,0.4501736510245146,1346393.4303866315,552103.0062997566,259580.67985982532,91.62593911404949,1122395.9545430846,586935.0543923227,259903.66310008502,0.4495203732605461,1191173.2660186095,742409.5596904189
1944,290.79000124388915,3.077160105189327,300.4829915760303,3.179734003374954,302.7968233425886,3.196948690341066,298.33526338124017,2.7735337350018154,22.163505063211865,9.644319684257576,0.5428921242100793,0.9182915142479374,259905.00000000003,1.0,13.171155582202816,9.887080641863218,332.7695975315012,98.28865384970695,324.3201401747022,91.62593911404981,0.03333333333333333,0.07929507613443851,300.48420469198265,3.0544881759820712,0.09045898273699104,0.13273519112442572,259905.00000000003,1.0,0.12903829173047196,0.1757243472817363,1.37547922400446,0.4577592656298591,1.336899915010979,0.4495203732577637,1386121.4168471347,595097.5303965763,259572.23040246853,98.28865384970598,1193260.9484486678,716097.3526805078,259903.624520776,0.45775926563373304,1303547.2120254121,936673.9906792616
1945,290.8043683848307,3.0595949375258225,300.49783785803356,3.161583058507875,302.838061796114,3.140863641621543,298.4364453740448,2.583917089087094,22.861378069376663,9.35405640148659,0.43601270974216155,0.738282518414437,259905.00000000003,1.0,13.786906733272103,11.993496631564089,341.4080561578636,101.07101799683508,332.7695975315012,98.28865384970695,0.03333333333333333,0.07929507613443851,300.633595619775,2.7377577052615893,0.09570495839713862,0.13214545112878434,259905.00000000003,1.0,0.13333333333333333,0.17728735311374286,1.4131075989406547,0.47200492157826324,1.37547922400446,0.4577592656298591,1413369.4326562393,631342.2981473445,259563.59194384216,101.07101799683353,1238324.5720536392,782804.4768697827,259903.58689240107,0.4720049215822298,1395688.3833912406,1036898.1554879327
1946,290.68300629129976,3.120625270083063,300.3724303379584,3.2246476039827696,302.72321758203594,3.2148995418124566,298.38150048269205,2.6339004778299193,23.443146561194634,9.012203850592648,0.3485072462463095,0.5862076519278284,259905.00000000003,1.0,14.420160337736847,13.384434073736545,350.0825351350751,100.87236669178826,341.4080561578636,101.07101799683508,0.03333333333333333,0.07929507613443851,300.62619367135466,2.7475335307282123,0.1,0.13101671430013437,259905.00000000003,1.0,0.13333333333333333,0.17728735311374286,1.446440932273988,0.47710774473922474,1.4131075989406547,0.47200492157826324,1416101.4853859264,634520.4476678249,259554.91746486494,100.87236669178606,1256351.7996702988,804883.3506951462,259903.55355906775,0.47710774474396317,1464671.8004140449,1075687.4578356312
1947,290.48874233724825,3.1799848798597536,300.171690793185,3.2859857898082203,302.51200895898296,3.2522224715498775,298.31190003189494,2.6945992802617114,23.69069021290104,8.964987248461474,0.2768638322199128,0.4553756429607633,259905.00000000003,1.0,15.064325622267749,14.300587408397371,358.43203589348843,98.80967182114006,350.0825351350751,100.87236669178826,0.023774542456587434,0.06337806550179151,300.57288402562864,2.8054169379265774,0.1,0.13101671430013437,259905.00000000003,1.0,0.15245091508682515,0.19266927072313464,1.498891847360813,0.511583200706652,1.446440932273988,0.47710774473922474,1408317.8705388552,625764.3725992186,259546.56796410654,98.80967182113761,1260882.7819599735,808904.7370920795,259903.50110815268,0.5115832007117934,1512420.97717239,1097117.2184517023
1948,290.2493622941239,3.1094126670351394,299.92433119074474,3.213061211744083,302.25030794769924,3.1759826014971155,298.1799808439087,2.7336060106224225,23.60119865607432,8.99897131519459,0.246883538531241,0.36655348545636146,259905.00000000003,1.0,16.240881721346025,16.238730878868687,365.5454692896855,94.80894817793839,358.43203589348843,98.80967182114006,0.01594846640355432,0.049371964443921175,300.4525443794235,2.889779270113073,0.11911758175349181,0.15548143183976845,259905.00000000003,1.0,0.1681030671928914,0.19883211397449416,1.5478773328002127,0.5321112431812567,1.498891847360813,0.511583200706652,1400967.6020049404,619652.5114743116,259539.45453071033,94.8089481779366,1265137.8122399852,811188.1645365075,259903.45212266722,0.5321112431876435,1547115.879286954,1099126.2586220135
1949,290.00127482916463,2.9601583652682115,299.66797401454335,3.058831820898127,301.96259610875103,2.9996618803921504,298.0241805933996,2.6978180609253464,23.222146224166586,8.994500552192672,0.21882126745600372,0.2873102390877482,259905.00000000003,1.0,16.998771586253742,16.766552828706907,371.55002266014236,90.48226070438689,365.5454692896855,94.80894817793839,0.009541017263008957,0.036502219292503635,300.28963289970835,2.898134506753182,0.13476973385955804,0.166333087747032,259905.00000000003,1.0,0.1809179654739821,0.2000096085701398,1.5940255644146368,0.5428824172572847,1.5478773328002127,0.5321112431812567,1388436.7858971346,612356.7558330912,259533.4499773399,90.48226070438562,1237565.3354266358,815879.857730498,259903.40597443562,0.5428824172635734,1545320.025516199,1099908.615046339
1950,289.77354606733934,2.819734440792257,299.4326543648997,2.9137273881395007,301.71039663907925,2.8552381136459233,297.8701993341939,2.6365162801283715,22.811164781197824,8.880553367899944,0.2667199875078775,0.3601255784827057,259905.00000000003,1.0,17.433004111724166,16.765222217554033,376.6614633421081,86.74913662928698,371.55002266014236,90.48226070438689,0.004295041602861385,0.02352491171310326,300.1137330308214,2.8578389322221454,0.14758463214064876,0.17035291644297507,259905.00000000003,1.0,0.19140991679427724,0.19844142885282035,1.6378508490682653,0.5463322291348225,1.5940255644146368,0.5428824172572847,1379963.1330562963,611446.1812990855,259528.33853665792,86.74913662928716,1215052.057884675,823934.72892956,259903.36214915095,0.5463322291415806,1540699.747950673,1102036.0046398412
1951,289.56780624015727,2.6655036208519687,299.2200565819862,2.754355591646005,301.4822205870793,2.7095156763414185,297.75061859571446,2.5887054249040635,22.4632398957586,8.976459939224014,0.3059361426474196,0.39266628493126715,259905.00000000003,1.0,17.64162528851632,16.762964535157387,381.177141806703,83.1714592394059,376.6614633421081,86.74913662928698,0.0,1.0,299.94351866872427,2.8060993968223222,0.15807658346094391,0.17064248051136383,259905.00000000003,1.0,0.2,0.19542476141226675,1.6797742656073213,0.5439486349445074,1.6378508490682653,0.5463322291348225,1385906.1389031366,611140.4044828408,259523.8228581933,83.17145923940622,1209615.1643926506,826278.2461285706,259903.3202257344,0.5439486349503257,1547012.155494185,1099183.887906784
1952,289.3647557533255,2.458369305996549,299.01023771822497,2.5403169615833505,301.25234209431414,2.5308159388900884,297.58102323606994,2.433873831877022,22.265849012839528,9.086186009696675,0.33804361487763984,0.40594383247439975,259905.00000000003,1.0,17.812974373161516,16.736901566953964,385.29197283150336,79.63558731630884,381.177141806703,83.1714592394059,0.0,1.0,299.74905976045295,2.683204346052118,0.16666666666666669,0.16888786923397656,259905.00000000003,1.0,0.2,0.19542476141226675,1.7131075989406548,0.5313496654335436,1.6797742656073213,0.5439486349445074,1396024.844658989,605937.5610423047,259519.70802716853,79.63558731630823,1209151.3498019895,826581.771207018,259903.28689240108,0.5313496654394755,1558629.4900531152,1091170.8146665702
1953,289.19043643966836,2.2567778424423834,298.8301075008719,2.3320055539897355,301.0683683867924,2.3691528383808924,297.42503403191876,2.261634807183038,22.2163203256897,9.119488296993197,0.3251051692278448,0.39475606139324637,259905.00000000003,1.0,18.228683491301343,16.604209781950154,388.95450449666384,76.29578421307005,385.29197283150336,79.63558731630884,0.0,1.0,299.56793460897194,2.546407291576102,0.16666666666666669,0.16888786923397656,259905.00000000003,1.0,0.2,0.19542476141226675,1.746440932273988,0.5162227870599783,1.7131075989406548,0.5313496654335436,1411037.5081025262,597694.5345917136,259516.04549550335,76.29578421306954,1214873.7271388778,823074.6724549776,259903.25355906776,0.5162227870659294,1570767.4697397435,1082610.8773622022
1954,289.02188219456525,2.0153833484774553,298.65593429385865,2.0825639056730147,300.88198493383277,2.1734189273211384,297.26710933217834,2.0418104909636368,22.34971085040157,8.983606964450612,0.3336296476308215,0.4058336841882902,259905.00000000003,1.0,18.570572499180777,16.464419257957914,392.40001320025385,72.87378403798618,388.95450449666384,76.29578421307005,0.0,1.0,299.38816742335257,2.3630073328539516,0.16666666666666669,0.16888786923397656,259905.00000000003,1.0,0.2,0.19542476141226675,1.7797742656073214,0.49833785149122684,1.746440932273988,0.5162227870599783,1422997.0991983041,589204.7687591043,259512.59998679976,72.87378403798469,1218492.563499914,820666.8769613324,259903.2202257344,0.4983378514970971,1580440.7011838101,1074463.1324756565
1955,288.82519181696955,1.764369638634651,298.45268717780783,1.8231822282736712,300.6878584956764,1.946460632190694,297.068869490639,1.7997285127502154,22.931265156358098,9.017863949317443,0.3300594523152516,0.4040892480602936,259905.00000000003,1.0,19.04572435571406,16.287958669351397,395.95549454858264,69.49422776835969,392.40001320025385,72.87378403798618,0.0,1.0,299.20121616806125,2.1376208401083154,0.1762254575434126,0.1672366349818986,259905.00000000003,1.0,0.2,0.19542476141226675,1.8035488080639088,0.4763836596994719,1.7797742656073214,0.49833785149122684,1443385.5265850634,577011.1660291493,259509.04450545143,69.49422776835812,1224421.7675855753,816447.4619878513,259903.19645119197,0.4763836597049773,1598715.8060529553,1060245.6168812893
1956,288.65389840649976,1.5864611605520398,298.27568388255304,1.6393431474910276,300.4848668118342,1.7286193036876292,296.87409932487805,1.556404596226182,23.235887826910343,8.96660536357088,0.3271364236158996,0.40334253898174643,259905.00000000003,1.0,19.5830809414976,15.996546949801457,399.2811650103795,66.53481594286339,395.95549454858264,69.49422776835969,0.0,1.0,299.00058254444355,1.8814466036393644,0.1840515335964457,0.1641709302763763,259905.00000000003,1.0,0.2,0.19542476141226675,1.8194972744674631,0.4561331358365259,1.8035488080639088,0.4763836596994719,1454664.4721620819,569061.755559911,259505.71883498965,66.53481594286134,1225269.770274034,815838.9540177502,259903.18050272556,0.45613313584178017,1606635.415467057,1053976.4231009562
1957,288.484897661374,1.428774653245045,298.1010496287087,1.4764000344448436,300.3037885798762,1.5864185848915864,296.7218910384791,1.4189340749436175,23.547696171806127,8.754047515472886,0.32474325012761057,0.40319080297285265,259905.00000000003,1.0,19.888217574311835,15.829526785853998,402.61590035774617,63.56773164182927,399.2811650103795,66.53481594286339,0.0,1.0,298.8496159730086,1.7553731345469408,0.19045898273699105,0.1604488195920673,259905.00000000003,1.0,0.1904412091232541,0.19803040737651667,1.8194795008537261,0.4561546199400379,1.8194972744674631,0.4561331358365259,1463290.3476796176,561457.8627723792,259502.38409964228,63.56773164182687,1223471.3796216988,817210.1241121645,259903.18052049915,0.4561546199446642,1611220.0470016769,1050045.6168525254
1958,288.3462681190313,1.2904543521222438,297.95779893881456,1.3334687522809319,300.11175211945215,1.413693622101941,296.5778835960464,1.3093644824401902,23.655094249980163,8.6442864116306,0.33333333333333337,0.39875428795696916,259905.00000000003,1.0,20.190093999705383,15.632639117544608,405.7475672746876,60.73065624697261,402.61590035774617,63.56773164182927,0.0,1.0,298.66536884318117,1.5686051683708677,0.19570495839713864,0.15653190960684843,259905.00000000003,1.0,0.182615133070221,0.20083700069173158,1.8063896755268085,0.4704105614346113,1.8194795008537261,0.4561546199400379,1469057.14435009,556142.2424608837,259499.25243272533,60.73065624696977,1220461.77020622,819410.8172987816,259903.1936103245,0.47041056143945764,1613927.4333558264,1047768.8607373206
1959,288.2312820936463,1.2474869768054038,297.8389800250751,1.2890692506980312,299.9439273327212,1.2810324961474917,296.44888631485446,1.2620284980323646,23.883434251370037,8.707495224725156,0.34289212421007925,0.3938957058469421,259905.00000000003,1.0,20.43021654751231,15.4423609444548,408.85789285433526,58.572647088559364,405.7475672746876,60.73065624697261,0.0,1.0,298.50040493830954,1.400544548907269,0.2,0.15269763783371354,259905.00000000003,1.0,0.17620768392967565,0.2035676477438262,1.7825973594564841,0.4927754042652791,1.8063896755268085,0.4704105614346113,1477928.9964082062,548062.5971764222,259496.1421071457,58.57264708855717,1216728.7861124456,822506.8460979749,259903.21740264056,0.4927754042705908,1621110.0249211306,1042353.9908544384
1960,288.1366125513771,1.1426389630898866,297.7411548148872,1.1807262854559613,299.79894654194163,1.1558076761263276,296.35882418985517,1.2046296026846597,23.940817886225496,8.661021409265196,0.3602769911398583,0.3897274104320467,259905.00000000003,1.0,20.498139206667272,15.414341209711852,411.94029454275363,56.32109652417468,408.85789285433526,58.572647088559364,0.0,1.0,298.3625458349275,1.2907643532959159,0.2,0.15269763783371354,259905.00000000003,1.0,0.16140291739278217,0.19951995942232745,1.7440002768492664,0.5074923310954529,1.7825973594564841,0.4927754042652791,1482717.7622297192,543071.7679193966,259493.05970545727,56.32109652417255,1211819.8912477233,826239.0548566439,259903.25599972316,0.50749233110114,1619680.0033495717,1043602.3017170278
1961,288.0663893383002,1.0437484912474293,297.66859060070266,1.0785391219581457,299.69052350213184,1.0289103776303303,296.29613233489937,1.1365251794474602,23.858929845837064,8.717533368530257,0.37451051633343674,0.3838692126109591,259905.00000000003,1.0,20.5281435409649,15.400622470713026,414.8965703312923,54.13963583024525,411.94029454275363,56.32109652417468,0.0,1.0,298.2599535396039,1.1686456936641079,0.1904412091232541,0.1560185036226912,259905.00000000003,1.0,0.14928179973688765,0.19784914563530692,1.7028408674628999,0.516311588756469,1.7440002768492664,0.5074923310954529,1488704.1150225746,536043.6536289029,259490.10342966873,54.13963583024443,1208990.1667240423,828542.9376524484,259903.29715913255,0.5163115887628598,1618697.5158584584,1044533.9950833499
1962,288.00911125763946,0.978187450570896,297.6094031197764,1.0107923673217367,299.60801960612764,0.9258731706709212,296.23749936425645,1.0722643467448194,24.06963503574954,8.676411766879147,0.3957227320108756,0.3800237411051615,259905.00000000003,1.0,20.607982077454906,15.3467584070445,417.9625005575761,52.295442858896564,414.8965703312923,54.13963583024525,0.0,1.0,298.16513636872446,1.0106340899905113,0.182615133070221,0.15956576096959257,259905.00000000003,1.0,0.1428743505963423,0.19951610898759345,1.6631000849890212,0.5231819786017874,1.7028408674628999,0.516311588756469,1503000.95485688,520470.2080867437,259487.03749944243,52.29544285889476,1214043.4285903932,824571.2633523116,259903.33689991504,0.5231819786081913,1630429.6229414006,1035093.5887456816
1963,287.92106819367353,0.9072342679252599,297.5184252785302,0.9374739780511476,299.5024590385129,0.8075579347228534,296.1635672738008,0.9883242197166613,24.692845828431512,8.721851128464015,0.4130898253269177,0.3731587400396993,259905.00000000003,1.0,20.529074188210526,15.399357006623903,421.71318237247016,50.76841012607881,417.9625005575761,52.295442858896564,0.0,1.0,298.08218272810507,0.8938920306050648,0.17620768392967565,0.16298932000259733,259905.00000000003,1.0,0.13762837493619473,0.2011836298080229,1.6245207759955402,0.5281261936766753,1.6631000849890212,0.5231819786017874,1524061.8721796724,499493.9003810118,259483.28681762755,50.76841012607666,1220884.4463803077,819241.9943842945,259903.37547922402,0.5281261936838062,1654252.7172422945,1018857.849466825
1964,287.772536662231,0.9195387315817792,297.36494276945456,0.9501886974427697,299.38532648580997,0.7248096881773478,296.0371159186296,0.938999643880644,25.493466244861732,8.889784027553548,0.4237923160703244,0.3654266844212018,259905.00000000003,1.0,20.674763271914088,15.31350770609598,426.10809302934746,49.9112865882587,421.71318237247016,50.76841012607881,0.0,1.0,297.97877976632753,0.7990306431382797,0.16140291739278217,0.15790486197341028,259905.00000000003,1.0,0.18112728771706285,0.31056334880851916,1.6442451463198209,0.5472362291238461,1.6245207759955402,0.5281261936766753,1569190.8985857903,482628.9462020166,259478.89190697068,49.911286588256225,1231760.815870041,810607.4723118336,259903.3557548537,0.547236229130638,1700390.2709035024,1001092.999586601
1965,287.56863396124845,1.2123253148085995,297.15424345838534,1.2527352839815091,299.21872618821124,0.8373013784045809,295.8337143297073,1.1729704667220733,26.5303197793438,9.552784141948928,0.429038291730472,0.3602256747233421,259905.00000000003,1.0,20.811625818360007,15.186487290489096,431.3977486986008,51.021476793910665,426.10809302934746,49.9112865882587,0.0,1.0,297.83122085660034,0.8240809561177652,0.15884059061363356,0.15510903438864987,259905.00000000003,1.0,0.22025766798222843,0.3573810788616704,1.7056622236884158,0.6257492795884777,1.6442451463198209,0.5472362291238461,1625130.0072771143,483847.5320237666,259473.60225130143,51.021476793909855,1243978.6687579032,800697.3865264093,259903.29433777631,0.6257492795952594,1758130.537972702,989974.6669313135
1966,287.3293906954123,1.6886139803041413,296.90702536706965,1.7449008219588062,299.00157100717354,1.2815032905128394,295.5924711079407,1.6560401031530096,27.465154406489592,10.29573112719746,0.45245091508682517,0.35415319890737224,259905.00000000003,1.0,20.958398074940817,15.03039634068148,437.45205411506277,54.97841035635435,431.3977486986008,51.021476793910665,0.0,1.0,297.63921423627113,1.2028697337323675,0.16025921752612132,0.1556186665917202,259905.00000000003,1.0,0.27141249543844703,0.4276846846054122,1.8168155016007415,0.81593873723164,1.7056622236884158,0.6257492795884777,1653183.1821040164,508192.2626471571,259467.54794588496,54.978410356357,1230357.8803031505,805841.9095784926,259903.18318449843,0.8159387372388037,1788288.950192532,996806.0456491505
1967,287.03856600443896,2.240404664001161,296.6065065786401,2.3150848539816047,298.72214916526957,1.8416502915115924,295.3094240739487,2.1907190401023424,28.232710310624604,10.349400420008099,0.4681030671928914,0.3569434263476073,259905.00000000003,1.0,21.084607343332912,14.92522114770396,444.13205401516154,60.50584935314545,437.45205411506277,54.97841035635435,0.0,1.0,297.410816908368,1.743755372663245,0.1614206910065191,0.15572642472256118,259905.00000000003,1.0,0.322853316721997,0.4831280309957236,1.9782481273162194,1.1035360206210199,1.8168155016007415,0.81593873723164,1685668.0516761087,534847.923003129,259460.86794598485,60.50584935314379,1218071.895634976,809898.7415071856,259903.0217518727,1.103536020621512,1820654.1558358064,1002414.2125222649
1968,286.7342200723574,2.7030429104337137,296.29201590001446,2.7931444810784183,298.44756526995997,2.292970934575032,295.00094217990693,2.688384711830857,28.56049900888608,10.470027529347435,0.490476756350728,0.3628023678678754,259905.00000000003,1.0,21.55667060277393,14.6217984672523,450.645405664923,66.7513248942705,444.13205401516154,60.50584935314545,0.0,1.0,297.1309819817098,2.2995370329350306,0.16237162506380529,0.1556077404283188,259905.00000000003,1.0,0.3649694990704278,0.5084224938635407,2.1808460013228417,1.4279770234431297,1.9782481273162194,1.1035360206210199,1710543.9327702357,546866.0792210923,259454.3545943351,66.75132489426758,1197874.566240649,814719.5186834412,259902.8191539987,1.4279770234405271,1831487.916227541,1003140.7099835856
1969,286.4462919132421,3.0379547818241885,295.99449012210573,3.1392201074142534,298.1668882309015,2.672148198330726,294.70959889151806,3.036983619969537,28.335525785445363,10.417779246488585,0.5087947837240563,0.3610934108283426,259905.00000000003,1.0,21.856241901587513,14.414013003352398,456.61589476505674,73.03347153735356,450.645405664923,66.7513248942705,0.0,1.0,296.8477640031238,2.693457829025152,0.16666666666666669,0.15272297967807918,259905.00000000003,1.0,0.3818688995312683,0.504281895123921,2.3960482341874436,1.703734560551904,2.1808460013228417,1.4279770234431297,1706879.1745555934,546496.5008558232,259448.38410523496,73.03347153734977,1135632.2217140135,787263.231528677,259902.60395176584,1.7037345605480596,1781143.496059934,983651.4863885879
1970,286.1798336211764,3.256940552306567,295.71914990822137,3.3655054734774064,297.8857296873802,2.970072742650659,294.4428369545801,3.2489201040917832,27.96892233680189,10.452345089190075,0.5237923160703244,0.3552914663746896,259905.00000000003,1.0,22.063274973158723,14.332262711970305,461.9977498126296,78.59675332106208,456.61589476505674,73.03347153735356,0.0,1.0,296.5514498407469,3.007165811201782,0.16666666666666669,0.15272297967807918,259905.00000000003,1.0,0.39570495839713865,0.49911103059766,2.6250865259179155,1.9531817628787296,2.3960482341874436,1.703734560551904,1689191.8728348275,550685.4249489784,259443.0022501874,78.59675332105779,1076224.5749393334,766691.4550966808,259902.3749134741,1.9531817628731354,1726025.8537105115,976645.7991510482
1971,285.94264806423473,3.444381874283784,295.4740583143395,3.559194801765202,297.61071455810884,3.1986528185488186,294.2047686598427,3.4060641752446466,27.19335910096046,10.244045287959008,0.529038291730472,0.35038699340313906,259905.00000000003,1.0,22.31430129394168,14.279796394409319,466.3477693279179,83.14050249980644,461.9977498126296,78.59675332106208,0.0,1.0,296.2652892530289,3.2127995943140792,0.21446062105039618,0.2745386983019835,259905.00000000003,1.0,0.3808824182465082,0.5002496493106929,2.7915083231140274,2.069717760222447,2.6250865259179155,1.9531817628787296,1671011.371986514,554484.7421927775,259438.6522306721,83.14050249980329,1037104.2139806467,760800.2486634271,259902.2084916769,2.0697177602184094,1679291.1585654179,970654.4454681508
1972,285.7442636285841,3.567937809339192,295.2690610392683,3.686869251577539,297.3764385689351,3.379455029799351,293.99068806092345,3.534758354145567,26.258096483396127,10.034098389552465,0.5333333333333333,0.3444173011969274,259905.00000000003,1.0,22.61189568872015,14.159944994000014,469.46063678926055,86.55091869553753,466.3477693279179,83.14050249980644,0.0,1.0,295.99700050001456,3.3947719025076513,0.24403221043881587,0.32562179857922335,259905.00000000003,1.0,0.365230266140442,0.5047054052019228,2.9127063788156535,2.1130131364858906,2.7915083231140274,2.069717760222447,1639708.0139393616,560893.4826237921,259435.53936321076,86.55091869553506,1001090.192931968,758755.2522028916,259902.0872936212,2.113013136480706,1624495.807741638,967141.5621391359
1973,285.57084076182093,3.6777506353438865,295.0898572507391,3.8003424793609337,297.1423334542756,3.558608968559759,293.8010263217042,3.64891772909355,25.290544584856047,10.048669469476485,0.5428921242100793,0.3328915146744724,259905.00000000003,1.0,22.64292287852177,14.146415908530308,471.56536637138475,88.93489578198191,469.46063678926055,86.55091869553753,0.0,1.0,295.7634522065008,3.545291731115125,0.26824338008850956,0.3509296648237308,259905.00000000003,1.0,0.3524153678593513,0.509062561464161,2.9968783665864955,2.1218044549612656,2.9127063788156535,2.1130131364858906,1592720.6583913378,552572.0527116779,259433.43463362864,88.93489578197887,968065.798655503,749872.9265678608,259902.00312163343,2.1218044549564348,1569798.8588068853,950762.2601621593
1974,285.35724735555425,3.7966831825288807,294.8691439136414,3.9232393421375873,296.8814501085287,3.732017201595237,293.61300705638484,3.7673638511672203,24.56509489473353,10.1903505741507,0.5507182002631124,0.3294039827764724,259905.00000000003,1.0,21.72552197884211,13.80605440539144,473.85422108701306,91.28121300339151,471.56536637138475,88.93489578198191,0.0,1.0,295.53170111998,3.7100418332384844,0.29762460012544795,0.38003704919642667,259905.00000000003,1.0,0.3419234165390561,0.5130931278165135,3.0411771830001033,2.114751463563229,2.9968783665864955,2.1218044549612656,1539312.4996939807,532706.6398722375,259431.14577891302,91.28121300338886,881495.3156265763,597629.0932293459,259901.95882281702,2.1147514635586178,1463824.6485849724,796473.7345172957
1975,285.0766871844703,3.949479142582005,294.57923142319265,4.081128475322253,296.5782621069316,3.897100991499315,293.36420039425946,3.912794808193051,24.10947713560108,10.282910276780987,0.5571256494036577,0.32488513271257924,259905.00000000003,1.0,20.080398446666152,12.053713594113427,477.32617412654434,94.15517194175096,473.85422108701306,91.28121300339151,0.0,1.0,295.2702192638792,3.8851893009824807,0.33123869940938633,0.4105749984043834,259905.00000000003,1.0,0.33333333333333337,0.5166963007825656,3.0432718169240505,2.113847583753487,3.0411771830001033,2.114751463563229,1492514.9094820076,497063.138107441,259427.67382587347,94.15517194174895,804883.9558494119,450691.2239575428,259901.95672818308,2.113847583748918,1381990.7780266136,667030.0981214453
1976,284.7529937739058,4.143866132164295,294.24474807427,4.281994908983415,296.2386797412686,4.109852320949153,293.06815104655425,4.093821987460977,23.708021905793785,10.414059910242212,0.5623716250638053,0.32002406618855045,259905.00000000003,1.0,18.669644019171063,10.774046878609928,481.80218038810324,97.11838460030097,477.32617412654434,94.15517194175096,0.0,1.0,294.9534659699265,4.118213041388092,0.3411771830001034,0.4091130227060786,259905.00000000003,1.0,0.34289212421007925,0.5129560528573366,3.0449867581340264,2.1129926996403414,3.0432718169240505,2.113847583753487,1463285.194060155,481545.4938463599,259423.19781961193,97.11838460029931,743365.1303236127,326038.9419476581,259901.95501324188,2.1129926996361346,1324133.6280323076,589059.4748500166
1977,284.4200356310315,4.37352217452077,293.9006913241308,4.519305996469571,295.8778683243215,4.337267180468931,292.75429848238326,4.292231908856843,23.26398979532048,10.611717974211862,0.5666666666666668,0.3152299853931027,259905.00000000003,1.0,17.517686321386776,9.841935491453988,486.9818171953703,99.78303165133947,481.80218038810324,97.11838460030097,0.0,1.0,294.6070613491452,4.3788965028037135,0.3623893986775423,0.40730682315269373,259905.00000000003,1.0,0.34115940938636646,0.5122374159662609,3.023756768842851,2.121077074321364,3.0449867581340264,2.1129926996403414,1442089.0188392394,471883.1917059717,259418.01818280466,99.78303165133751,698073.2282210712,219816.66748315401,259901.97624323118,2.121077074317076,1279383.265544173,530936.706015795
1978,284.0378652778788,4.5755863074335,293.5057819770588,4.728105744493248,295.473253227453,4.561537395898504,292.4002146588732,4.492144769141834,23.01450966431768,10.801545859730904,0.537990294036429,0.3146018232899848,259905.00000000003,1.0,15.822370619886811,6.514515844006345,493.6359659457647,101.53107708030207,486.9818171953703,99.78303165133947,0.0,1.0,294.2424225834505,4.639595470016629,0.37975649199358436,0.42723988714403544,259905.00000000003,1.0,0.33974078247387873,0.5119283784685262,2.983741059323145,2.143102391535942,3.023756768842851,2.121077074321364,1428766.6907861382,467196.9902734625,259411.36403405425,101.53107708029955,659297.3443228666,96287.23537268791,259902.01625894068,2.143102391531851,1252031.4613913153,507187.2679595619
1979,283.5803189686825,4.8276063466630035,293.0329841956195,4.988526356858188,295.0242065769192,4.7962794238465465,291.95935600349276,4.731899020639209,23.465748185171076,10.860027642947992,0.5145120658773297,0.32776553583125917,259905.00000000003,1.0,14.801612882601496,4.953885277114756,501.785589182457,103.06538463055165,493.6359659457647,101.53107708030207,0.0,1.0,293.815556336706,4.885132660749405,0.3904589827369911,0.43354221028762413,259905.00000000003,1.0,0.33857930899348093,0.5118629740586381,2.931861385579635,2.1766854302934133,2.983741059323145,2.143102391535942,1456834.8959400242,499146.96661151916,259403.21441081757,103.06538463054763,656168.8442188007,96311.15154768278,259902.06813861444,2.176685430288941,1289333.8789230566,532797.2018762414
1980,283.01746795855246,5.238032410013601,292.4513717016554,5.412632673996247,294.47110332659383,5.18275402418259,291.3747213530984,5.191745826727622,24.860061342964556,12.809926359217286,0.4666133458254559,0.2912788713802939,259905.00000000003,1.0,14.290394192138102,4.794893552415359,511.88864298745796,106.35159991373916,501.785589182457,103.06538463055165,0.0,1.0,293.2801175365479,5.254302737874911,0.39570495839713865,0.4344182349374516,259905.00000000003,1.0,0.33762837493619474,0.5119352484904007,2.873784802118691,2.2165956486034837,2.931861385579635,2.1766854302934133,1514711.953701059,577350.6010661802,259393.11135701256,106.35159991373551,657051.0018454053,95947.19293045,259902.1262151979,2.216595648598838,1346244.3365357025,587405.8683844903
1981,282.41709746943536,5.599174709340764,291.8309890361281,5.785812325218169,293.8710409014653,5.561822887162794,290.71187095033116,5.69073587303893,26.48650254793768,14.505372728236374,0.4273971906859138,0.2708945323346492,259905.00000000003,1.0,15.297094226403898,8.14307605456371,522.6506541183059,109.0134843932482,511.88864298745796,106.35159991373916,0.0,1.0,292.6597988591465,5.718327493359658,0.4,0.43422725700367865,259905.00000000003,1.0,0.33333333333333337,0.5131679694727046,2.8071181354520243,2.265304940295462,2.873784802118691,2.2165956486034837,1568610.0310556083,642136.5407279357,259382.34934588172,109.01348439324526,653924.1868363129,93051.68618078777,259902.19288186455,2.265304940290265,1387402.599379984,616296.6392115365
1982,281.81388032379095,5.841018380898079,291.1205206365183,6.220956344806164,293.1729252406721,6.071575167762506,289.95883235867564,6.250814748162511,28.144011161530038,15.87116921538371,0.39528971845569355,0.2621372829845678,259905.00000000003,1.0,16.288861599656087,10.051109442686515,534.1105139617241,111.25842323858916,522.6506541183059,109.0134843932482,0.0,1.0,291.93905647344474,6.278231399196816,0.4,0.43422725700367865,259905.00000000003,1.0,0.35245091508682513,0.5110002776079899,2.7595690505388495,2.2975717908781204,2.8071181354520243,2.265304940295462,1626903.219635206,688972.4857806393,259370.8894860383,111.25842323858713,652618.5266758723,92953.32295987758,259902.2404309495,2.29757179087293,1425437.602245665,626488.9733296795
1983,281.2147040960624,5.96737484594813,290.34256165703175,6.653443981241757,292.41161746510085,6.537527383544505,289.1503039207045,6.766561293980345,29.580060589568443,16.626377613325705,0.37955179147525087,0.27137457005154164,259905.00000000003,1.0,17.33185087974953,11.82172503600027,545.9791718800677,112.50075557713818,534.1105139617241,111.25842323858916,0.019117581753491805,0.1047113077133663,291.17081279028025,6.792375285998748,0.4,0.43422725700367865,259905.00000000003,1.0,0.3776618580696373,0.5116688302748469,2.737230908608487,2.308443371006731,2.7595690505388495,2.2975717908781204,1673036.5481953516,712893.0646292464,259359.02082811994,112.50075557713761,644081.0135336611,89785.7135025793,259902.2627690914,2.3084433710022023,1451328.2560785678,624596.4301016686
1984,280.6249164128894,5.991004655795575,289.516106773818,7.045377103864066,291.5960465362241,7.0050526006508385,288.298325553194,7.224104444994234,30.70532759126491,16.773245020067947,0.3475490849131749,0.2567704285210227,259905.00000000003,1.0,18.197862894954163,12.713969376595335,558.1390874914654,112.6228796264943,545.9791718800677,112.50075557713818,0.03476973385955803,0.13302276005769603,290.344783825118,7.271858569792161,0.4,0.43422725700367865,259905.00000000003,1.0,0.4365379959107447,0.5655024048167377,2.7737689045192315,2.305044457631424,2.737230908608487,2.308443371006731,1702070.379566094,710239.5500703806,259346.86091250856,112.62287962649413,633106.0126830294,97176.94061700339,259902.2262310955,2.3050444576273006,1464910.7779935081,615261.786297371
1985,280.1332289416488,5.944105340108082,288.7427366302763,7.3581171883761884,290.7880775333371,7.366851024915248,287.50807035930933,7.5878500038008445,30.55409808237537,16.78277293458717,0.35101451456060045,0.2591643537623983,259905.00000000003,1.0,19.005997955750708,13.577370074733897,569.3361731035294,111.20722909465623,558.1390874914654,112.6228796264943,0.04758463214064876,0.1473086318570165,289.50737668323075,7.66329067073362,0.40955879087674596,0.4348045228510059,259905.00000000003,1.0,0.4847417005837177,0.5881871835300219,2.8489518142262034,2.306043646445569,2.7737689045192315,2.305044457631424,1703265.151153263,709747.1759867979,259335.6638268965,111.20722909465633,620185.2534617888,106766.22617891114,259902.1510481858,2.306043646441683,1455768.703500237,623453.27353563
1986,279.6924987101873,5.841322012071912,287.9821709088703,7.602519104954143,290.0200604848402,7.629274092279608,286.7525256539427,7.8298698231966615,30.632748341335702,16.76713856411962,0.36341055926232185,0.2695059577328992,259905.00000000003,1.0,19.347938159467272,13.703522656742301,580.2575727261355,108.95140706551813,569.3361731035294,111.20722909465623,0.0580765834609439,0.15482028802148812,288.7054266784131,7.936004209000955,0.41738486692977905,0.4336616613881203,259905.00000000003,1.0,0.5242075560117695,0.5942305290660778,2.9557745033081937,2.3145783225178254,2.8489518142262034,2.306043646445569,1707238.2118094682,707323.2550013106,259324.7424272739,108.95140706551837,608212.5210347916,120123.89789121153,259902.0442254967,2.3145783225138654,1450326.043981636,629046.6328382656
1987,279.3175604251393,5.688931598065114,287.2879061383792,7.703407261166465,289.3088733800395,7.762713376975795,286.0372118537106,7.952791577253508,30.596154387411016,16.78729514197001,0.37355958227615055,0.2733165696178245,259905.00000000003,1.0,20.105933029664065,14.128153553526163,590.3742345016063,105.183604013406,580.2575727261355,108.95140706551813,0.06666666666666667,0.15859015226887702,287.96041531049906,8.068865474670186,0.4237923160703244,0.431635472470529,259905.00000000003,1.0,0.5590452911319671,0.5930734229510424,3.091027478369836,2.332140452226332,2.9557745033081937,2.3145783225178254,1713834.3780614517,702435.4754912191,259314.6257654984,105.18360401340713,605536.628110078,121303.04072184535,259901.90897252166,2.33214045222308,1451365.0939673593,627970.0956363418
1988,278.9624675021876,5.479678122692552,286.6132053144995,7.68847279401857,288.6376770610771,7.799278702911673,285.3704374318437,7.971186713713876,30.668368520416493,16.729653044545508,0.3818688995312683,0.2734620825915838,259905.00000000003,1.0,20.575567400664177,14.174605037773693,600.0851667218274,100.01024575915095,590.3742345016063,105.183604013406,0.06666666666666667,0.15859015226887702,287.27663179770246,8.091007505618345,0.429038291730472,0.4292356115766089,259905.00000000003,1.0,0.5840515335964457,0.5844416941067936,3.24604072023581,2.3516906401938624,3.091027478369836,2.332140452226332,1723248.216325863,695152.8980994367,259304.9148332782,100.0102457591523,605777.6610515899,121295.55740273168,259901.7539592798,2.3516906401899353,1456645.5665266684,622954.5280480679
1989,278.63275169084926,5.271624522544567,285.96457621476964,7.638439415222045,287.9884007246513,7.757152910256938,284.7360984707566,7.93272000749338,30.373915555338336,16.828084566880342,0.3861461675203927,0.272926228362899,259905.00000000003,1.0,20.95303853761238,14.089165828097242,609.1198975720329,94.71796525171216,600.0851667218274,100.01024575915095,0.06666666666666667,0.15859015226887702,286.5996905981591,8.049514395055898,0.43333333333333335,0.42676583942555535,259905.00000000003,1.0,0.590458982736991,0.5788446308302335,3.4031663696394676,2.3539207892679963,3.24604072023581,2.3516906401938624,1725063.0440720879,693594.4469817567,259295.880102428,94.7179652517155,606636.8549468948,120642.3462949961,259901.59683363038,2.3539207892640603,1453073.4257673682,626177.7899435823
1990,278.24656908217645,4.974443870542646,285.25834586771964,7.4994594701136545,287.3100445819131,7.676265520822096,284.0672231181942,7.811601034351125,30.47809603412816,16.75820137326757,0.3730563421934751,0.2756121907308722,259905.00000000003,1.0,21.198244566740826,14.051903211330204,618.0266926972267,88.283393199137,609.1198975720329,94.71796525171216,0.06666666666666667,0.15859015226887702,285.9248349282523,7.961055118932643,0.43333333333333335,0.42676583942555535,259905.00000000003,1.0,0.6052637492738846,0.5688149573931541,3.575096785580019,2.3606980620664433,3.4031663696394676,2.3539207892679963,1734896.8767250327,685035.4949803357,259286.9733073028,88.28339319914237,604245.595240636,122807.54719320768,259901.42490321444,2.3606980620622426,1460361.9699549477,618563.1130572811
1991,277.82684946539933,4.592882663571965,284.5180308815959,7.275405814081258,286.58551809878486,7.524539040545768,283.3557335735154,7.598336587778102,30.385487983697605,16.843426601875752,0.35882281699989665,0.2836390985610397,259905.00000000003,1.0,21.27736219367844,14.017509757212727,626.7759956702461,80.47490059518509,618.0266926972267,88.283393199137,0.06666666666666667,0.15859015226887702,285.2071862010582,7.785997481257471,0.43333333333333335,0.42676583942555535,259905.00000000003,1.0,0.626943657806525,0.5572269856046106,3.7687071100532106,2.380321324663578,3.575096785580019,2.3606980620664433,1745584.6340512317,675007.8132462886,259278.22400432976,80.47490059519009,604672.4334159034,122514.95013652796,259901.23129288998,2.3803213246581816,1471962.1040935295,605924.9493800236
1992,277.3935685793043,4.164191713730975,283.764420195301,7.006660666034306,285.8501086694065,7.283829011442464,282.641052005979,7.316910898702688,30.169801544322336,16.94945023442078,0.3376106013224578,0.2859531912758465,259905.00000000003,1.0,21.26596299853783,14.025670333385827,635.3422236147081,72.223576014133,626.7759956702461,80.47490059518509,0.06666666666666667,0.15859015226887702,284.4618067028678,7.5312284185194915,0.4428921242100793,0.4198812281468883,259905.00000000003,1.0,0.6411771830001034,0.5460009633849953,3.9574333779664888,2.3776807644808993,3.7687071100532106,2.380321324663578,1753112.347119608,669419.7392372384,259269.6577763853,72.22357601413832,598902.4180751941,123920.27226302723,259901.04256662205,2.3776807644745688,1474387.0972238572,604079.5063655277
1993,276.93377127465504,3.7661466606899756,282.9853134683462,6.784982397361619,285.1171060694489,7.026060840510749,281.8784889023655,7.039521346455668,29.75280584880483,16.997070527606045,0.3202435080064157,0.29022011113759205,259905.00000000003,1.0,21.62580812259996,13.850222626047744,643.1489778329066,64.38115064998041,635.3422236147081,72.223576014133,0.06666666666666667,0.15859015226887702,283.70229130347167,7.2440685423281765,0.4698357820166042,0.4164010377059226,259905.00000000003,1.0,0.6623893986775423,0.5324248604470925,4.132602127697648,2.3456472774016017,3.9574333779664888,2.3776807644808993,1759050.2237095474,666397.9421571476,259261.8510221671,64.3811506499827,588873.0752200835,127484.68038398151,259900.86739787232,2.345647277394976,1467097.1713814498,607279.0411484457
1994,276.50187787214617,3.4762691674979935,282.2361474573204,6.6446775789628045,284.36745176153255,6.7762510180966125,281.1393511818907,6.822080784549436,29.096306329787044,17.012410931709883,0.309541017263009,0.29605000676216386,259905.00000000003,1.0,21.7770425288636,13.789169676735996,650.158700616567,57.07782470224865,643.1489778329066,64.38115064998041,0.06666666666666667,0.15859015226887702,282.9331837211585,6.9782601786055425,0.5014541741399617,0.4155070251000433,259905.00000000003,1.0,0.6319625376098549,0.5125299383664981,4.239318175097217,2.338510870084382,4.132602127697648,2.3456472774016017,1746846.7743104543,664307.6694022362,259254.84129938346,57.077824702250915,579180.4947769076,124728.36130902014,259900.76068182493,2.3385108700770583,1443229.0775633997,599904.2820283746
1995,276.1302747476162,3.3360578968837773,281.54995306750146,6.6035002210378995,283.65646528231014,6.598465855674887,280.4573554507699,6.7511928016984255,28.064823195642354,16.80975694121638,0.3042950416028614,0.30020449494510976,259905.00000000003,1.0,21.98788256314713,13.636391619197456,655.9313462074593,51.799381487505826,650.158700616567,57.07782470224865,0.06666666666666667,0.15859015226887702,282.1848990963322,6.7784888635642675,0.5177823332574872,0.4164031617548795,259905.00000000003,1.0,0.603534648088096,0.505030538595085,4.296032198197354,2.3361011716029507,4.239318175097217,2.338510870084382,1718686.0460307878,651410.5148068867,259249.06865379255,51.79938148751085,569315.3754343668,119101.61789548198,259900.70396780182,2.33610117159573,1404837.9517398544,572107.0465169654
1996,275.80919849476305,3.3077492670995787,280.9165783933281,6.632798140075523,283.0171307484242,6.514622031226623,279.8321977430328,6.767048328241878,26.922458546734283,16.52505550937063,0.2808824182465082,0.2954388768986432,259905.00000000003,1.0,22.158968614671647,13.480366730991978,660.4139537212754,48.830880421189974,655.9313462074593,51.799381487505826,0.06666666666666667,0.15859015226887702,281.50244747861547,6.690225332295617,0.531150699268156,0.41343146856035684,259905.00000000003,1.0,0.5576257962920249,0.4794206016305818,4.289173961887889,2.3354166777595533,4.296032198197354,2.3361011716029507,1689684.2131284967,635707.3412033133,259244.58604627874,48.8308804211978,563119.6147416726,114692.02625301185,259900.71082603812,2.3354166777522627,1363640.0817712976,538261.7398615988
1997,275.5713352103225,3.310700387601584,280.36847274660664,6.661655984829056,282.44024860408024,6.490529115045977,279.2508261745997,6.817432103809598,26.192857371162226,16.40779188329894,0.2556714752636961,0.2855737223815765,259905.00000000003,1.0,22.45406236049096,13.320194398722883,663.897077256683,47.123802105553835,660.4139537212754,48.830880421189974,0.06666666666666667,0.15859015226887702,280.86862064441794,6.686955616125987,0.5481380998702269,0.40947610312094374,259905.00000000003,1.0,0.5104800166113364,0.4476467235455511,4.218182545295665,2.314782496251453,4.289173961887889,2.3354166777595533,1652342.3137357032,614748.1633348354,259241.10292274333,47.12380210556006,581270.2082531988,176803.21414293852,259900.78181745473,2.314782496245165,1343323.4923498011,506096.5746792727
1998,275.3750104435063,3.2940266334724737,279.8624937593762,6.6401218794051475,281.8823052963812,6.432377578023905,278.72892838643423,6.824940633403491,25.455546704871367,16.40162284693323,0.23503050092957226,0.2579952807127071,259905.00000000003,1.0,22.23902076899897,13.42582264750252,666.8785726916259,46.02459874583122,663.897077256683,47.123802105553835,0.06666666666666667,0.15859015226887702,280.3058066140643,6.672784254756352,0.5645720327427197,0.4030962894734355,259905.00000000003,1.0,0.4683638342629056,0.43357374321295433,4.088641013482518,2.2572518171013303,4.218182545295665,2.314782496251453,1613578.7041657548,607568.6632495183,259238.1214273084,46.02459874583661,594531.9312151298,200688.69522131118,259900.91135898654,2.2572518170959204,1324974.0762785266,489152.68047747633
1999,275.1512148210023,3.2641134446097992,279.3286499502971,6.578125717869003,281.3343208169708,6.341222990372557,278.1868307609159,6.776727975726002,25.20734763264281,16.42721902902673,0.21813110046873174,0.23960733771295178,259905.00000000003,1.0,22.039236517529858,13.55862879964282,669.8285527062701,45.36836680533498,666.8785726916259,46.02459874583122,0.06666666666666667,0.15859015226887702,279.74603377467315,6.588769777538584,0.5745105163334367,0.3955886322813072,259905.00000000003,1.0,0.461023224678811,0.4347599508985381,3.941820388494559,2.17231728732744,4.088641013482518,2.2572518171013303,1597089.3345237304,611643.985083979,259235.17144729375,45.36836680533992,608725.8927155049,213861.6775436844,259901.05817961151,2.1723172873226413,1327452.2259253815,489853.6794127881
2000,274.8840920141336,3.1964283149419295,278.75062120303426,6.446564027737911,280.7756446105225,6.204486437304794,277.60984490985766,6.6335963263534925,25.06778388668824,16.475740380416713,0.2042950416028614,0.22806609829932867,259905.00000000003,1.0,21.72327086430564,13.727336625516028,672.9687706870499,44.75544496920643,669.8285527062701,45.36836680533498,0.06666666666666667,0.15859015226887702,279.18776019478764,6.456233203714779,0.5861639411341297,0.3830309124599443,259905.00000000003,1.0,0.45501324186597375,0.43665898404830716,3.7773363558930697,2.0477830771712986,3.941820388494559,2.17231728732744,1602235.4119543943,609766.8764735115,259232.03122931297,44.75544496921081,629518.6817557894,230108.26197554788,259901.22266364412,2.047783077167622,1348476.514378991,490946.83496607194
2001,274.5982953414346,3.110583868482061,278.1537762284881,6.264867868280325,280.18459003688395,6.024598896723201,277.0120955451835,6.410567000667779,24.91662202915093,16.557402119804888,0.2,0.22768281449759048,259905.00000000003,1.0,21.28999600572845,13.887760910981472,676.3953967104723,43.778081545735,672.9687706870499,44.75544496920643,0.06666666666666667,0.15859015226887702,278.60230998786705,6.238800752391719,0.5479110040134092,0.3514605331944039,259905.00000000003,1.0,0.4666844402804036,0.4322980924159209,3.662776458826731,1.9814442352303794,3.7773363558930697,2.0477830771712986,1602367.7445546007,609698.4993513286,259228.60460328954,43.77808154573996,644053.3652030169,240477.97305790978,259901.3372235412,1.9814442352257293,1363446.584055538,490659.32774157583
2002,274.2213031715897,3.0225630291494197,277.4648324301946,6.0363757446017345,279.5426339925698,5.796196640658322,276.32213903914834,6.200782156842868,25.224095780070588,16.450219326350847,0.2,0.22768281449759048,259905.00000000003,1.0,20.77538530101883,14.167109821014618,680.6441071895241,42.727918352309615,676.3953967104723,43.778081545735,0.11446062105039619,0.29510409874401355,277.994609440628,5.978779954365095,0.5130756653511049,0.33883879974249487,259905.00000000003,1.0,0.5371092372540598,0.5173705211359938,3.653476697396352,1.9736866107341262,3.662776458826731,1.9814442352303794,1640939.864162358,611813.142439925,259224.3558928105,42.72791835231446,649207.9953526424,239395.221098587,259901.3465233026,1.97368661073032,1401668.205897372,497125.92935343453
2003,273.7687255548883,3.0140344647466804,276.7002122368457,5.816404595418015,278.8408764241444,5.609912792605692,275.5675114144966,5.9833519064976075,25.62010815006224,16.24051377269961,0.20955879087674592,0.23726880984739243,259905.00000000003,1.0,20.385063157698898,14.429958324032269,685.6695933910107,41.54105982478064,680.6441071895241,42.727918352309615,0.15359100131556175,0.35178880714196137,277.3116113659743,5.698383142301921,0.4810384196483782,0.34044868715857896,259905.00000000003,1.0,0.613885766069157,0.5993267842746542,3.7529907104837976,2.0862997187315186,3.653476697396352,1.9736866107341262,1691347.2465871237,619998.6756799081,259219.33040660902,41.541059824784526,650613.7625158828,239738.23685426434,259901.24700928954,2.0862997187283274,1443393.2393236482,519013.2108809855
2004,273.28369605775487,3.1047444158246478,275.90379580980516,5.623113624771429,278.0810940465022,5.482559464334954,274.75840038767416,5.7944615872347836,26.233723573723793,16.06022292333861,0.20782607605303313,0.23509169632118537,259905.00000000003,1.0,20.093626276523658,14.661585038184548,691.6018646121578,41.047996518517046,685.6695933910107,41.54105982478064,0.18562824701828856,0.37995565389591873,276.5611456545643,5.492338839905624,0.5217200774848616,0.4641503721772797,259905.00000000003,1.0,0.6923461704321348,0.6664986278215153,3.890283470097738,2.1922095549364373,3.7529907104837976,2.0862997187315186,1755979.1296264436,641810.4485045872,259213.39813538786,41.04799651852092,657476.2265455574,246180.67658511957,259901.10971652993,2.1922095549318668,1488742.285840778,551518.2221261489
2005,272.81950206700606,3.262363041891408,275.1296361113235,5.458424163720689,277.2994601916275,5.369380052300292,273.94165437467683,5.648931284152387,26.784349491621356,15.962143546814126,0.20640744914054537,0.23384860193409923,259905.00000000003,1.0,19.958084958982987,14.780828566502292,698.2217216956556,42.07714202456604,691.6018646121578,41.047996518517046,0.21185812531902642,0.39361489834708785,275.7758226086504,5.331499442865862,0.5454686109650406,0.5138115065826067,259905.00000000003,1.0,0.7661429072597844,0.7084417747117772,4.077624433059148,2.28041744308028,3.890283470097738,2.1922095549364373,1803639.1657555606,651579.1658782993,259206.77827830435,42.07714202457082,673773.8726593051,262402.32006109256,259900.92237556697,2.2804174430774187,1532781.4833799785,588609.1396071569
2006,272.4176716313764,3.3794913663296553,274.4192390655061,5.247424737844687,276.5655844836872,5.233411836601954,273.15815543999815,5.487841355582307,27.26275121375184,15.799201298128526,0.20524597566014757,0.23319848626408166,259905.00000000003,1.0,20.172013637946094,14.650982546846013,705.1072132958012,43.65984770241029,698.2217216956556,42.07714202456604,0.23333333333333336,0.39919300861700857,275.01502946936046,5.226024075278397,0.5920534697725709,0.5636390637914309,259905.00000000003,1.0,0.8134872916546259,0.7226184404062711,4.26572492160787,2.339492166939248,4.077624433059148,2.28041744308028,1839886.2723841364,652298.3561652115,259199.8927867042,43.6598477024161,684857.4510900009,266691.9063412333,259900.7342750784,2.339492166936345,1562297.3585829271,598821.1971898907
2007,272.0402865734445,3.5083918285456943,273.734351405815,5.022860107449686,275.8539458274523,5.063476821416258,272.42347113519565,5.228265090736014,27.542004337176145,15.598406919658053,0.2042950416028614,0.23291485406477364,259905.00000000003,1.0,20.292782852301933,14.569371909813324,712.1521397390725,44.990022196598176,705.1072132958012,43.65984770241029,0.23333333333333336,0.39919300861700857,274.29821669618565,5.069771763677406,0.6206351354293458,0.587211008801439,259905.00000000003,1.0,0.82159190839141,0.7205918629609492,4.433348361236601,2.3469990751523344,4.26572492160787,2.339492166939248,1857344.8979485745,645565.2682265725,259192.84786026095,44.99002219660127,694841.5961263095,271299.8180965251,259900.56665163877,2.3469990751492236,1579739.9329138512,599550.4559657491
2008,271.70279606323675,3.5797591105424376,273.0899619753218,4.702288626531492,275.1758421726829,4.846029763980173,271.70913995878874,4.924372894127806,27.69822812431089,15.455240533900044,0.2,0.23552742168841606,259905.00000000003,1.0,20.656236129622148,14.354470791411421,718.9941317337613,45.418893093467126,712.1521397390725,44.990022196598176,0.24289212421007925,0.39683949390193163,273.59978040511925,4.864202906124361,0.6249182423232483,0.5912416399426799,259905.00000000003,1.0,0.8403120238171937,0.7172747663888116,4.615408809397213,2.304535401522877,4.433348361236601,2.3469990751523344,1862666.327186519,642274.4391394843,259186.00586826625,45.41889309346723,701277.0384873967,270863.8129500369,259900.3845911906,2.304535401520789,1586154.3907812554,597381.420855555
2009,271.4294600316938,3.6751411712003845,272.5116901300561,4.4249547899035075,274.54480756520184,4.593930044858956,271.0758582250732,4.615258966108248,26.99471526864951,15.75989608285714,0.2,0.23552742168841606,259905.00000000003,1.0,21.29792297663404,14.22083137909715,724.4909240257767,45.328901262627156,718.9941317337613,45.418893093467126,0.25071820026311237,0.3941904709935891,272.96039472109516,4.568706784668072,0.603809575133923,0.5964028833571079,259905.00000000003,1.0,0.8486057927254285,0.7128298197720642,4.826871693655385,2.2350341757531256,4.615408809397213,2.304535401522877,1824508.2202563898,643531.5640811666,259180.50907597423,45.32890126262582,702356.9124937599,270552.14979364624,259900.17312830637,2.2350341757513412,1555535.0374266237,589633.0202401374
2010,271.26742066142197,3.7861450419573592,272.0481969402423,4.301900727099794,274.0199889546528,4.483125776072586,270.601773172992,4.4886876796202575,25.172568361910848,14.81530159090929,0.20955879087674592,0.2329354398022165,259905.00000000003,1.0,21.840427999759232,14.018582238557402,727.6135055970516,46.18261447975993,724.4909240257767,45.328901262627156,0.25712564940365773,0.3915278670726689,272.4370347054434,4.376451636375828,0.5900437427955461,0.6026165393293322,259905.00000000003,1.0,0.8518796737435101,0.7103792124951955,5.055374291270016,2.1331780753187233,4.826871693655385,2.2350341757531256,1755954.862115765,616696.1655107853,259177.38649440298,46.18261447975823,695182.0662295287,275308.19398745656,259899.94462570874,2.133178075317286,1494215.0959251404,562511.0811397348
2011,271.1170506208286,3.9029517046626205,271.597203770192,4.19293703163577,273.5305991374315,4.39492494901549,270.1944092136621,4.428918971520707,23.194212975085236,13.366722488829051,0.21738486692977904,0.22957175784626957,259905.00000000003,1.0,20.85141779170436,12.916170282734468,729.7389159135028,46.54545554993984,727.6135055970516,46.18261447975993,0.2623716250638053,0.38901015778701303,271.99108605940444,4.29186504584142,0.5848155407491354,0.6046078795676393,259905.00000000003,1.0,0.858076583460944,0.7046421713215385,5.295302000648491,1.9737865243175445,5.055374291270016,2.1331780753187233,1686403.3710444642,581363.6032911662,259175.26108408652,46.545455549938,687160.6696233522,278851.4993764948,259899.70469799938,1.9737865243179806,1443632.1827010477,546955.0430900595
2012,270.94590964669476,4.02568517840049,271.21226232747324,4.184807416545036,273.13158051928923,4.429707439008795,269.8577682924847,4.4546913042276115,21.24397589279567,11.269798876577886,0.2237923160703244,0.22594917197707906,259905.00000000003,1.0,19.834363291157246,11.899559762232638,730.9247361990708,46.77129706157341,729.7389159135028,46.54545554993984,0.26666666666666666,0.3867180021732593,271.6236222528822,4.321471303448248,0.5840515335964457,0.605049806453676,259905.00000000003,1.0,0.8475490849131749,0.7113671414615576,5.525466218631887,1.7990504658521778,5.295302000648491,1.9737865243175445,1624011.7909256993,535358.3001563252,259174.07526380094,46.771297061571325,685196.9832917285,279398.60189281474,259899.47453378138,1.7990504658539141,1409334.8579562497,534025.2961873043
2013,270.73809329814327,4.164085920569013,270.8617865549306,4.2442794528949435,272.76177878075714,4.5026074891647765,269.56518763980944,4.501122449260106,19.483222204304013,9.148800807892894,0.23859708260721788,0.2253299350523937,259905.00000000003,1.0,18.56359864805907,10.472647981040259,731.6057626727086,46.896832968657456,730.9247361990708,46.77129706157341,0.2475490849131749,0.3851984125608677,271.28493013300005,4.3803625116002864,0.590458982736991,0.5996451293225029,259905.00000000003,1.0,0.8223381419303628,0.727921072763469,5.724012044491925,1.6418600162880794,5.525466218631887,1.7990504658521778,1568648.9521989175,506043.4701997938,259173.3942373273,46.896832968655566,691192.2862687112,278393.27732649836,259899.2759879555,1.6418600162886468,1390561.076787057,530339.9517374272
2014,270.4915869769151,4.312755418694393,270.53024235134086,4.346217645141748,272.4345200532937,4.613205316341929,269.29236098350805,4.5762444907613045,18.021137308673648,7.625860850250514,0.25071820026311237,0.22180542185477295,259905.00000000003,1.0,17.31056206168328,9.66942650024349,732.0656197194357,47.00436451238938,731.6057626727086,46.896832968657456,0.23189693280710866,0.3854060409233822,270.97660417028044,4.4764549663668385,0.5957049583971387,0.5949715951529342,259905.00000000003,1.0,0.7634620040892554,0.72033080403977,5.858435756850708,1.5833312122963124,5.724012044491925,1.6418600162880794,1545291.9632618509,498690.8381434567,259172.93438028058,47.00436451238764,703568.4837121798,273820.00991532643,259899.14156424315,1.5833312122984817,1398508.2936091316,529947.3568798358
